0  -4.0  4.0  10
1  0.0  0.0  75
2  0.0  0.0  12
3  0.0  0.0  75
4  -4.0  4.0  10
5  -4.0  4.0  10
6  -2.0  2.0  75
7  0.0  0.0  12
8  0.0  0.0  12
9  0.0  0.0  75
10  0.0  0.0  12
11  0.0  0.0  12
12  -2.0  2.0  11
13  -2.0  2.0  75
14  -2.0  2.0  11
15  -4.0  4.0  10
16  0.0  0.0  12
17  0.0  0.0  75
18  0.0  0.0  75
19  0.0  0.0  75
20  -2.0  2.0  11
21  0.0  0.0  75
22  -4.0  4.0  10
23  0.0  0.0  12
24  0.0  0.0  75
25  -2.0  2.0  11
26  -2.0  2.0  11
27  -6.0  6.0  9
28  -4.0  4.0  10
29  -2.0  2.0  11
30  -4.0  4.0  10
31  0.0  0.0  75
32  -6.0  6.0  9
33  -4.0  4.0  10
34  0.0  0.0  75
35  -6.0  6.0  9
36  0.0  0.0  12
37  -2.0  2.0  11
38  0.0  0.0  75
39  -2.0  2.0  11
40  0.0  0.0  12
41  -8.0  8.0  8
42  -6.0  6.0  9
43  0.0  0.0  75
44  -4.0  4.0  10
45  -2.0  2.0  11
46  0.0  0.0  12
47  -2.0  2.0  11
48  0.0  0.0  12
49  -8.0  8.0  8
50  -10.0  10.0  7
51  -4.0  4.0  10
52  -4.0  4.0  10
53  -6.0  6.0  9
54  -4.0  4.0  10
55  0.0  0.0  75
56  0.0  0.0  75
57  0.0  0.0  75
58  0.0  0.0  12
59  0.0  0.0  75
60  -4.0  4.0  10
61  -4.0  4.0  10
62  0.0  0.0  12
63  -4.0  4.0  10
64  0.0  0.0  12
65  0.0  0.0  12
66  0.0  0.0  12
67  0.0  0.0  75
68  0.0  0.0  75
69  0.0  0.0  12
70  -2.0  2.0  11
71  -4.0  4.0  10
72  0.0  0.0  12
73  -4.0  4.0  10
74  -6.0  6.0  9
75  0.0  0.0  75
76  0.0  0.0  12
77  0.0  0.0  12
78  -2.0  2.0  11
79  -10.0  10.0  7
80  0.0  0.0  12
81  0.0  0.0  75
82  0.0  0.0  12
83  -8.0  8.0  8
84  0.0  0.0  12
85  -4.0  4.0  10
86  -2.0  2.0  11
87  0.0  0.0  12
88  -2.0  2.0  11
89  0.0  0.0  75
90  -6.0  6.0  9
91  0.0  0.0  12
92  -4.0  4.0  10
93  0.0  0.0  75
94  -4.0  4.0  10
95  0.0  0.0  12
96  -6.0  6.0  9
97  -4.0  4.0  10
98  -4.0  4.0  10
99  -2.0  2.0  11
100  -2.0  2.0  11
101  0.0  0.0  75
102  0.0  0.0  75
103  0.0  0.0  75
104  -4.0  4.0  10
105  0.0  0.0  75
106  -4.0  4.0  10
107  0.0  0.0  12
108  0.0  0.0  75
109  0.0  0.0  12
110  0.0  0.0  12
111  0.0  0.0  12
112  -2.0  2.0  11
113  -6.0  6.0  9
114  -2.0  2.0  11
115  0.0  0.0  75
116  -4.0  4.0  10
117  0.0  0.0  75
118  -10.0  10.0  7
119  -6.0  6.0  9
120  -6.0  6.0  9
121  -4.0  4.0  10
122  -10.0  10.0  7
123  -4.0  4.0  10
124  -6.0  6.0  9
125  -4.0  4.0  10
126  0.0  0.0  12
127  -8.0  8.0  8
128  -2.0  2.0  11
129  -4.0  4.0  10
130  0.0  0.0  12
131  -2.0  2.0  75
132  0.0  0.0  75
133  0.0  0.0  75
134  -4.0  4.0  10
135  -2.0  2.0  11
136  0.0  0.0  12
137  -4.0  4.0  10
138  -8.0  8.0  8
139  -2.0  2.0  11
140  -2.0  2.0  11
141  -2.0  2.0  11
142  0.0  0.0  12
143  -8.0  8.0  8
144  -6.0  6.0  9
145  -2.0  2.0  11
146  -2.0  2.0  11
147  -2.0  2.0  11
148  0.0  0.0  12
149  -4.0  4.0  10
150  0.0  0.0  12
151  -4.0  4.0  10
152  -2.0  2.0  11
153  0.0  0.0  12
154  -4.0  4.0  10
155  -2.0  2.0  75
156  0.0  0.0  12
157  0.0  0.0  75
158  -8.0  8.0  8
159  -2.0  2.0  11
160  0.0  0.0  75
161  -6.0  6.0  9
162  -2.0  2.0  11
163  -2.0  2.0  11
164  0.0  0.0  12
165  0.0  0.0  12
166  -4.0  4.0  10
167  0.0  0.0  75
168  -6.0  6.0  9
169  -8.0  8.0  8
170  -4.0  4.0  10
171  0.0  0.0  12
172  -2.0  2.0  11
173  0.0  0.0  75
174  -4.0  4.0  10
175  -8.0  8.0  8
176  -6.0  6.0  9
177  0.0  0.0  75
178  -2.0  2.0  11
179  -8.0  8.0  8
180  -2.0  2.0  11
181  0.0  0.0  75
182  -4.0  4.0  10
183  -2.0  2.0  11
184  -2.0  2.0  11
185  -2.0  2.0  11
186  0.0  0.0  12
187  0.0  0.0  75
188  0.0  0.0  12
189  -2.0  2.0  11
190  0.0  0.0  75
191  0.0  0.0  75
192  -4.0  4.0  10
193  0.0  0.0  12
194  -4.0  4.0  10
195  0.0  0.0  12
196  -2.0  2.0  11
197  0.0  0.0  75
198  -2.0  2.0  11
199  0.0  0.0  75
200  -4.0  4.0  10
201  0.0  0.0  75
202  -4.0  4.0  10
203  -2.0  2.0  11
204  -4.0  4.0  10
205  0.0  0.0  75
206  0.0  0.0  75
207  -2.0  2.0  11
208  -2.0  2.0  75
209  -2.0  2.0  11
210  -4.0  4.0  10
211  0.0  0.0  12
212  -2.0  2.0  11
213  -6.0  6.0  9
214  -4.0  4.0  10
215  0.0  0.0  75
216  -4.0  4.0  10
217  -2.0  2.0  11
218  -6.0  6.0  9
219  -4.0  4.0  10
220  -2.0  2.0  11
221  -4.0  4.0  10
222  -4.0  4.0  10
223  -4.0  4.0  10
224  -4.0  4.0  10
225  0.0  0.0  12
226  -2.0  2.0  11
227  -2.0  2.0  11
228  -2.0  2.0  11
229  0.0  0.0  75
230  -8.0  8.0  8
231  -2.0  2.0  11
232  -6.0  6.0  9
233  0.0  0.0  75
234  0.0  0.0  12
235  0.0  0.0  12
236  0.0  0.0  12
237  -8.0  8.0  8
238  0.0  0.0  75
239  -2.0  2.0  11
240  -6.0  6.0  9
241  -2.0  2.0  11
242  -8.0  8.0  8
243  -6.0  6.0  9
244  -2.0  2.0  11
245  0.0  0.0  75
246  -4.0  4.0  10
247  0.0  0.0  75
248  -4.0  4.0  10
249  -2.0  2.0  11
250  -2.0  2.0  11
251  -2.0  2.0  11
252  -10.0  10.0  7
253  -4.0  4.0  10
254  -4.0  4.0  10
255  0.0  0.0  75
256  0.0  0.0  75
257  -2.0  2.0  11
258  -2.0  2.0  11
259  -2.0  2.0  11
260  -8.0  8.0  8
261  -4.0  4.0  10
262  0.0  0.0  12
263  -4.0  4.0  10
264  0.0  0.0  75
265  -2.0  2.0  11
266  -6.0  6.0  9
267  0.0  0.0  75
268  -2.0  2.0  75
269  0.0  0.0  12
270  0.0  0.0  12
271  -6.0  6.0  9
272  0.0  0.0  12
273  -2.0  2.0  11
274  -6.0  6.0  9
275  -6.0  6.0  9
276  0.0  0.0  75
277  -8.0  8.0  8
278  -6.0  6.0  9
279  0.0  0.0  12
280  0.0  0.0  12
281  -2.0  2.0  11
282  -4.0  4.0  10
283  -4.0  4.0  10
284  -4.0  4.0  10
285  -6.0  6.0  9
286  -2.0  2.0  11
287  -2.0  2.0  11
288  -2.0  2.0  75
289  -2.0  2.0  11
290  -4.0  4.0  10
291  -6.0  6.0  9
292  0.0  0.0  12
293  -2.0  2.0  11
294  -2.0  2.0  11
295  -4.0  4.0  10
296  0.0  0.0  12
297  0.0  0.0  75
298  -2.0  2.0  11
299  0.0  0.0  75
300  -2.0  2.0  75
301  -8.0  8.0  8
302  -8.0  8.0  8
303  -2.0  2.0  11
304  -2.0  2.0  11
305  -2.0  2.0  11
306  -6.0  6.0  9
307  0.0  0.0  75
308  -6.0  6.0  9
309  0.0  0.0  75
310  -2.0  2.0  11
311  0.0  0.0  75
312  0.0  0.0  75
313  0.0  0.0  12
314  -6.0  6.0  9
315  0.0  0.0  12
316  0.0  0.0  12
317  0.0  0.0  75
318  -2.0  2.0  11
319  0.0  0.0  75
320  0.0  0.0  75
321  -6.0  6.0  9
322  -8.0  8.0  8
323  -4.0  4.0  10
324  0.0  0.0  75
325  0.0  0.0  75
326  0.0  0.0  12
327  -4.0  4.0  10
328  0.0  0.0  75
329  0.0  0.0  75
330  -4.0  4.0  10
331  0.0  0.0  75
332  -2.0  2.0  75
333  0.0  0.0  75
334  -4.0  4.0  10
335  0.0  0.0  75
336  -4.0  4.0  10
337  -2.0  2.0  11
338  -6.0  6.0  9
339  -6.0  6.0  9
340  -8.0  8.0  8
341  -2.0  2.0  11
342  -4.0  4.0  10
343  0.0  0.0  75
344  0.0  0.0  12
345  0.0  0.0  75
346  0.0  0.0  75
347  0.0  0.0  12
348  0.0  0.0  12
349  -4.0  4.0  10
350  -6.0  6.0  9
351  -4.0  4.0  10
352  -2.0  2.0  11
353  -2.0  2.0  11
354  0.0  0.0  75
355  -6.0  6.0  9
356  -2.0  2.0  11
357  -2.0  2.0  11
358  -10.0  10.0  7
359  -6.0  6.0  9
360  0.0  0.0  75
361  0.0  0.0  12
362  0.0  0.0  75
363  0.0  0.0  12
364  -2.0  2.0  11
365  -8.0  8.0  8
366  -4.0  4.0  10
367  -4.0  4.0  10
368  0.0  0.0  75
369  -2.0  2.0  11
370  0.0  0.0  12
371  0.0  0.0  12
372  -4.0  4.0  10
373  -4.0  4.0  10
374  -2.0  2.0  11
375  0.0  0.0  75
376  0.0  0.0  75
377  0.0  0.0  12
378  0.0  0.0  75
379  0.0  0.0  12
380  0.0  0.0  12
381  -4.0  4.0  10
382  -6.0  6.0  9
383  0.0  0.0  75
384  -6.0  6.0  9
385  0.0  0.0  12
386  -10.0  10.0  7
387  -2.0  2.0  11
388  0.0  0.0  75
389  -2.0  2.0  11
390  -4.0  4.0  10
391  0.0  0.0  12
392  -4.0  4.0  10
393  0.0  0.0  12
394  -2.0  2.0  11
395  -4.0  4.0  10
396  0.0  0.0  75
397  -2.0  2.0  11
398  -8.0  8.0  8
399  0.0  0.0  75
400  -6.0  6.0  9
401  -6.0  6.0  9
402  0.0  0.0  75
403  -6.0  6.0  9
404  -2.0  2.0  11
405  0.0  0.0  75
406  -2.0  2.0  11
407  -2.0  2.0  11
408  -2.0  2.0  11
409  -2.0  2.0  11
410  0.0  0.0  75
411  -2.0  2.0  75
412  0.0  0.0  12
413  -2.0  2.0  75
414  0.0  0.0  75
415  -2.0  2.0  11
416  -2.0  2.0  11
417  0.0  0.0  75
418  0.0  0.0  75
419  -2.0  2.0  75
420  0.0  0.0  75
421  0.0  0.0  12
422  -4.0  4.0  10
423  -4.0  4.0  10
424  0.0  0.0  12
425  -6.0  6.0  9
426  0.0  0.0  12
427  0.0  0.0  75
428  0.0  0.0  75
429  0.0  0.0  12
430  0.0  0.0  75
431  -8.0  8.0  8
432  -8.0  8.0  8
433  0.0  0.0  75
434  -10.0  10.0  7
435  -6.0  6.0  9
436  0.0  0.0  75
437  -2.0  2.0  75
438  -2.0  2.0  11
439  -6.0  6.0  9
440  0.0  0.0  75
441  -2.0  2.0  11
442  0.0  0.0  75
443  -6.0  6.0  9
444  -6.0  6.0  9
445  -4.0  4.0  10
446  -2.0  2.0  11
447  -12.0  12.0  6
448  -6.0  6.0  9
449  0.0  0.0  12
450  -2.0  2.0  11
451  -2.0  2.0  11
452  0.0  0.0  75
453  0.0  0.0  75
454  0.0  0.0  75
455  0.0  0.0  12
456  -4.0  4.0  10
457  -4.0  4.0  10
458  0.0  0.0  75
459  0.0  0.0  75
460  0.0  0.0  75
461  -6.0  6.0  9
462  -2.0  2.0  11
463  0.0  0.0  12
464  -2.0  2.0  11
465  0.0  0.0  12
466  0.0  0.0  12
467  -6.0  6.0  9
468  -2.0  2.0  11
469  0.0  0.0  75
470  0.0  0.0  12
471  -2.0  2.0  75
472  -6.0  6.0  9
473  -2.0  2.0  11
474  -6.0  6.0  9
475  -4.0  4.0  10
476  -2.0  2.0  11
477  -2.0  2.0  11
478  -2.0  2.0  11
479  -2.0  2.0  11
480  0.0  0.0  75
481  -4.0  4.0  10
482  -2.0  2.0  75
483  -2.0  2.0  11
484  0.0  0.0  75
485  -4.0  4.0  10
486  -4.0  4.0  10
487  -2.0  2.0  75
488  -2.0  2.0  11
489  0.0  0.0  12
490  0.0  0.0  12
491  0.0  0.0  75
492  0.0  0.0  75
493  -6.0  6.0  9
494  0.0  0.0  75
495  -4.0  4.0  10
496  -2.0  2.0  11
497  -4.0  4.0  10
498  0.0  0.0  12
499  0.0  0.0  75
500  -10.0  10.0  7
501  0.0  0.0  12
502  -4.0  4.0  10
503  -6.0  6.0  9
504  0.0  0.0  12
505  0.0  0.0  12
506  0.0  0.0  12
507  -6.0  6.0  9
508  -8.0  8.0  8
509  0.0  0.0  75
510  0.0  0.0  75
511  0.0  0.0  75
512  -2.0  2.0  11
513  0.0  0.0  75
514  -6.0  6.0  9
515  0.0  0.0  75
516  -8.0  8.0  8
517  -4.0  4.0  10
518  -2.0  2.0  11
519  0.0  0.0  12
520  -8.0  8.0  8
521  -4.0  4.0  10
522  -2.0  2.0  75
523  0.0  0.0  75
524  -4.0  4.0  10
525  0.0  0.0  12
526  0.0  0.0  75
527  -2.0  2.0  11
528  -4.0  4.0  10
529  -2.0  2.0  11
530  0.0  0.0  12
531  0.0  0.0  12
532  -2.0  2.0  11
533  0.0  0.0  12
534  -2.0  2.0  11
535  -6.0  6.0  9
536  0.0  0.0  75
537  -4.0  4.0  10
538  -8.0  8.0  8
539  -2.0  2.0  11
540  0.0  0.0  12
541  -6.0  6.0  9
542  -4.0  4.0  10
543  -6.0  6.0  9
544  0.0  0.0  12
545  0.0  0.0  12
546  0.0  0.0  75
547  -4.0  4.0  10
548  -2.0  2.0  11
549  -4.0  4.0  10
550  0.0  0.0  75
551  -2.0  2.0  11
552  0.0  0.0  12
553  -10.0  10.0  7
554  -4.0  4.0  10
555  -4.0  4.0  10
556  -4.0  4.0  10
557  -4.0  4.0  10
558  -4.0  4.0  10
559  -6.0  6.0  9
560  0.0  0.0  75
561  0.0  0.0  75
562  -2.0  2.0  11
563  -4.0  4.0  10
564  0.0  0.0  12
565  0.0  0.0  75
566  -2.0  2.0  11
567  0.0  0.0  12
568  -2.0  2.0  11
569  0.0  0.0  75
570  0.0  0.0  75
571  0.0  0.0  12
572  -4.0  4.0  10
573  -2.0  2.0  75
574  0.0  0.0  75
575  -6.0  6.0  9
576  -6.0  6.0  9
577  -6.0  6.0  9
578  -8.0  8.0  8
579  -2.0  2.0  11
580  -2.0  2.0  11
581  -4.0  4.0  10
582  0.0  0.0  12
583  0.0  0.0  75
584  -2.0  2.0  11
585  0.0  0.0  12
586  -8.0  8.0  8
587  -10.0  10.0  7
588  -2.0  2.0  11
589  0.0  0.0  75
590  -6.0  6.0  9
591  -6.0  6.0  9
592  -2.0  2.0  11
593  0.0  0.0  75
594  0.0  0.0  75
595  -4.0  4.0  10
596  -4.0  4.0  10
597  0.0  0.0  75
598  0.0  0.0  75
599  0.0  0.0  75
600  -6.0  6.0  9
601  -2.0  2.0  75
602  -4.0  4.0  10
603  -2.0  2.0  75
604  -2.0  2.0  11
605  -2.0  2.0  11
606  0.0  0.0  12
607  0.0  0.0  12
608  -4.0  4.0  10
609  -2.0  2.0  11
610  0.0  0.0  75
611  -4.0  4.0  10
612  0.0  0.0  75
613  0.0  0.0  12
614  0.0  0.0  75
615  0.0  0.0  12
616  -6.0  6.0  9
617  0.0  0.0  12
618  0.0  0.0  75
619  0.0  0.0  12
620  -6.0  6.0  9
621  -2.0  2.0  11
622  0.0  0.0  12
623  0.0  0.0  12
624  0.0  0.0  75
625  0.0  0.0  12
626  0.0  0.0  12
627  -2.0  2.0  11
628  -2.0  2.0  11
629  -2.0  2.0  11
630  -6.0  6.0  9
631  -2.0  2.0  11
632  -4.0  4.0  10
633  0.0  0.0  75
634  0.0  0.0  12
635  -6.0  6.0  9
636  0.0  0.0  12
637  0.0  0.0  75
638  -4.0  4.0  10
639  -6.0  6.0  9
640  0.0  0.0  75
641  -2.0  2.0  11
642  0.0  0.0  75
643  -4.0  4.0  10
644  -2.0  2.0  11
645  -6.0  6.0  9
646  -2.0  2.0  11
647  -2.0  2.0  11
648  -4.0  4.0  10
649  -4.0  4.0  10
650  -4.0  4.0  10
651  -4.0  4.0  10
652  -8.0  8.0  8
653  -8.0  8.0  8
654  -2.0  2.0  11
655  0.0  0.0  12
656  -4.0  4.0  10
657  0.0  0.0  12
658  -2.0  2.0  11
659  0.0  0.0  12
660  -4.0  4.0  10
661  -2.0  2.0  11
662  -4.0  4.0  10
663  -2.0  2.0  75
664  -4.0  4.0  10
665  -6.0  6.0  9
666  -6.0  6.0  9
667  -4.0  4.0  10
668  -4.0  4.0  10
669  -6.0  6.0  9
670  -2.0  2.0  11
671  -4.0  4.0  10
672  0.0  0.0  75
673  -6.0  6.0  9
674  0.0  0.0  75
675  -8.0  8.0  8
676  0.0  0.0  75
677  -4.0  4.0  10
678  0.0  0.0  75
679  -6.0  6.0  9
680  0.0  0.0  12
681  -2.0  2.0  11
682  0.0  0.0  75
683  0.0  0.0  12
684  -2.0  2.0  11
685  -6.0  6.0  9
686  -6.0  6.0  9
687  0.0  0.0  75
688  -4.0  4.0  10
689  -2.0  2.0  11
690  -4.0  4.0  10
691  0.0  0.0  12
692  -8.0  8.0  8
693  0.0  0.0  12
694  -6.0  6.0  9
695  0.0  0.0  75
696  -8.0  8.0  8
697  -2.0  2.0  11
698  0.0  0.0  12
699  -2.0  2.0  11
700  -2.0  2.0  75
701  -6.0  6.0  9
702  -2.0  2.0  11
703  -6.0  6.0  9
704  -2.0  2.0  11
705  0.0  0.0  75
706  -4.0  4.0  10
707  -8.0  8.0  8
708  -4.0  4.0  10
709  -2.0  2.0  11
710  -6.0  6.0  9
711  -2.0  2.0  75
712  0.0  0.0  12
713  0.0  0.0  12
714  -4.0  4.0  10
715  0.0  0.0  75
716  0.0  0.0  75
717  -2.0  2.0  11
718  0.0  0.0  75
719  -8.0  8.0  8
720  -2.0  2.0  11
721  -2.0  2.0  11
722  -2.0  2.0  11
723  -8.0  8.0  8
724  0.0  0.0  12
725  0.0  0.0  75
726  -2.0  2.0  11
727  -2.0  2.0  11
728  -10.0  10.0  7
729  -8.0  8.0  8
730  -6.0  6.0  9
731  -6.0  6.0  9
732  -6.0  6.0  9
733  -4.0  4.0  10
734  -2.0  2.0  11
735  0.0  0.0  12
736  0.0  0.0  75
737  -6.0  6.0  9
738  -4.0  4.0  10
739  0.0  0.0  12
740  -2.0  2.0  11
741  0.0  0.0  12
742  0.0  0.0  12
743  -2.0  2.0  11
744  0.0  0.0  12
745  -4.0  4.0  10
746  -2.0  2.0  11
747  -4.0  4.0  10
748  -8.0  8.0  8
749  0.0  0.0  75
750  -8.0  8.0  8
751  -4.0  4.0  10
752  0.0  0.0  75
753  0.0  0.0  75
754  0.0  0.0  12
755  -2.0  2.0  11
756  -2.0  2.0  11
757  -4.0  4.0  10
758  -4.0  4.0  10
759  0.0  0.0  75
760  0.0  0.0  75
761  -2.0  2.0  75
762  -4.0  4.0  10
763  -6.0  6.0  9
764  0.0  0.0  75
765  -4.0  4.0  10
766  0.0  0.0  12
767  0.0  0.0  75
768  0.0  0.0  12
769  -4.0  4.0  10
770  -6.0  6.0  9
771  0.0  0.0  75
772  0.0  0.0  75
773  0.0  0.0  75
774  -6.0  6.0  9
775  0.0  0.0  12
776  -2.0  2.0  11
777  0.0  0.0  12
778  -2.0  2.0  11
779  -2.0  2.0  11
780  0.0  0.0  75
781  0.0  0.0  75
782  -2.0  2.0  11
783  -6.0  6.0  9
784  -6.0  6.0  9
785  0.0  0.0  75
786  0.0  0.0  12
787  -2.0  2.0  11
788  0.0  0.0  75
789  -4.0  4.0  10
790  -4.0  4.0  10
791  0.0  0.0  75
792  -4.0  4.0  10
793  -6.0  6.0  9
794  -6.0  6.0  9
795  0.0  0.0  12
796  -2.0  2.0  11
797  0.0  0.0  75
798  -4.0  4.0  10
799  0.0  0.0  75
800  -6.0  6.0  9
801  -4.0  4.0  10
802  -6.0  6.0  9
803  0.0  0.0  75
804  -4.0  4.0  10
805  -8.0  8.0  8
806  0.0  0.0  75
807  0.0  0.0  75
808  -6.0  6.0  9
809  -2.0  2.0  75
810  -2.0  2.0  75
811  -6.0  6.0  9
812  -2.0  2.0  11
813  -8.0  8.0  8
814  -8.0  8.0  8
815  0.0  0.0  12
816  -2.0  2.0  11
817  -6.0  6.0  9
818  -2.0  2.0  11
819  0.0  0.0  75
820  -6.0  6.0  9
821  0.0  0.0  75
822  0.0  0.0  75
823  -2.0  2.0  11
824  -2.0  2.0  75
825  -2.0  2.0  11
826  0.0  0.0  75
827  -2.0  2.0  11
828  0.0  0.0  75
829  -6.0  6.0  9
830  -2.0  2.0  11
831  -2.0  2.0  11
832  0.0  0.0  75
833  -8.0  8.0  8
834  -2.0  2.0  75
835  -2.0  2.0  11
836  -4.0  4.0  10
837  0.0  0.0  12
838  -8.0  8.0  8
839  -4.0  4.0  10
840  -2.0  2.0  11
841  0.0  0.0  12
842  0.0  0.0  75
843  -2.0  2.0  11
844  0.0  0.0  75
845  -6.0  6.0  9
846  -6.0  6.0  9
847  0.0  0.0  75
848  -2.0  2.0  11
849  0.0  0.0  75
850  -6.0  6.0  9
851  -6.0  6.0  9
852  0.0  0.0  75
853  0.0  0.0  75
854  -2.0  2.0  11
855  -2.0  2.0  75
856  -4.0  4.0  10
857  0.0  0.0  12
858  -4.0  4.0  10
859  -6.0  6.0  9
860  -4.0  4.0  10
861  -6.0  6.0  9
862  -4.0  4.0  10
863  -2.0  2.0  11
864  -8.0  8.0  8
865  -2.0  2.0  11
866  -2.0  2.0  11
867  0.0  0.0  75
868  -6.0  6.0  9
869  -2.0  2.0  11
870  0.0  0.0  75
871  -2.0  2.0  75
872  0.0  0.0  75
873  -2.0  2.0  11
874  0.0  0.0  75
875  0.0  0.0  75
876  -2.0  2.0  11
877  0.0  0.0  12
878  0.0  0.0  75
879  -2.0  2.0  11
880  -8.0  8.0  8
881  0.0  0.0  12
882  -2.0  2.0  11
883  0.0  0.0  12
884  -8.0  8.0  8
885  -2.0  2.0  11
886  -4.0  4.0  10
887  0.0  0.0  75
888  -4.0  4.0  10
889  -2.0  2.0  11
890  -4.0  4.0  10
891  -4.0  4.0  10
892  -2.0  2.0  11
893  0.0  0.0  12
894  -4.0  4.0  10
895  -2.0  2.0  11
896  -4.0  4.0  10
897  -2.0  2.0  75
898  -8.0  8.0  8
899  -2.0  2.0  11
900  -2.0  2.0  75
901  -4.0  4.0  10
902  -2.0  2.0  11
903  0.0  0.0  75
904  -2.0  2.0  11
905  -8.0  8.0  8
906  0.0  0.0  12
907  0.0  0.0  12
908  0.0  0.0  75
909  -6.0  6.0  9
910  -6.0  6.0  9
911  -6.0  6.0  9
912  -6.0  6.0  9
913  0.0  0.0  12
914  0.0  0.0  12
915  0.0  0.0  12
916  -6.0  6.0  9
917  0.0  0.0  12
918  0.0  0.0  75
919  0.0  0.0  75
920  -2.0  2.0  11
921  0.0  0.0  12
922  -6.0  6.0  9
923  -4.0  4.0  10
924  -4.0  4.0  10
925  0.0  0.0  75
926  -2.0  2.0  11
927  -2.0  2.0  11
928  -2.0  2.0  11
929  0.0  0.0  75
930  -2.0  2.0  11
931  -6.0  6.0  9
932  0.0  0.0  75
933  -2.0  2.0  11
934  -6.0  6.0  9
935  -10.0  10.0  7
936  0.0  0.0  12
937  0.0  0.0  75
938  0.0  0.0  75
939  0.0  0.0  75
940  0.0  0.0  75
941  0.0  0.0  12
942  -2.0  2.0  11
943  0.0  0.0  12
944  -4.0  4.0  10
945  -2.0  2.0  11
946  -2.0  2.0  11
947  -4.0  4.0  10
948  -4.0  4.0  10
949  0.0  0.0  12
950  0.0  0.0  12
951  -6.0  6.0  9
952  -10.0  10.0  7
953  -2.0  2.0  11
954  -2.0  2.0  11
955  -6.0  6.0  9
956  -2.0  2.0  11
957  -8.0  8.0  8
958  0.0  0.0  75
959  -2.0  2.0  11
960  -4.0  4.0  10
961  -2.0  2.0  11
962  0.0  0.0  75
963  -2.0  2.0  11
964  -6.0  6.0  9
965  -4.0  4.0  10
966  -2.0  2.0  75
967  -4.0  4.0  10
968  -4.0  4.0  10
969  -4.0  4.0  10
970  0.0  0.0  75
971  -4.0  4.0  10
972  0.0  0.0  75
973  -4.0  4.0  10
974  0.0  0.0  12
975  -2.0  2.0  11
976  -4.0  4.0  10
977  -2.0  2.0  11
978  -6.0  6.0  9
979  -4.0  4.0  10
980  0.0  0.0  12
981  0.0  0.0  12
982  0.0  0.0  12
983  0.0  0.0  75
984  -4.0  4.0  10
985  0.0  0.0  75
986  -2.0  2.0  75
987  -2.0  2.0  11
988  -4.0  4.0  10
989  0.0  0.0  12
990  -8.0  8.0  8
991  -4.0  4.0  10
992  0.0  0.0  12
993  -6.0  6.0  9
994  -2.0  2.0  11
995  -2.0  2.0  75
996  -8.0  8.0  8
997  -2.0  2.0  11
998  -2.0  2.0  11
999  -4.0  4.0  10
1000  -4.0  4.0  10
1001  0.0  0.0  75
1002  -8.0  8.0  8
1003  -2.0  2.0  11
1004  -8.0  8.0  8
1005  -2.0  2.0  11
1006  -2.0  2.0  11
1007  0.0  0.0  75
1008  0.0  0.0  75
1009  -4.0  4.0  10
1010  -4.0  4.0  10
1011  -4.0  4.0  10
1012  0.0  0.0  12
1013  -4.0  4.0  10
1014  0.0  0.0  12
1015  -4.0  4.0  10
1016  -2.0  2.0  11
1017  -6.0  6.0  9
1018  -2.0  2.0  11
1019  0.0  0.0  12
1020  0.0  0.0  75
1021  0.0  0.0  75
1022  -6.0  6.0  9
1023  0.0  0.0  12
1024  -6.0  6.0  9
1025  -4.0  4.0  10
1026  -4.0  4.0  10
1027  -8.0  8.0  8
1028  0.0  0.0  75
1029  -8.0  8.0  8
1030  0.0  0.0  75
1031  0.0  0.0  12
1032  -2.0  2.0  11
1033  0.0  0.0  12
1034  -2.0  2.0  11
1035  -2.0  2.0  11
1036  0.0  0.0  75
1037  0.0  0.0  12
1038  -6.0  6.0  9
1039  0.0  0.0  75
1040  -2.0  2.0  11
1041  -2.0  2.0  11
1042  0.0  0.0  12
1043  -8.0  8.0  8
1044  -2.0  2.0  11
1045  0.0  0.0  75
1046  0.0  0.0  12
1047  0.0  0.0  75
1048  -6.0  6.0  9
1049  0.0  0.0  12
1050  0.0  0.0  12
1051  0.0  0.0  75
1052  0.0  0.0  75
1053  -2.0  2.0  11
1054  -4.0  4.0  10
1055  -6.0  6.0  9
1056  0.0  0.0  12
1057  0.0  0.0  75
1058  0.0  0.0  75
1059  0.0  0.0  75
1060  -2.0  2.0  11
1061  0.0  0.0  75
1062  -2.0  2.0  11
1063  0.0  0.0  12
1064  -6.0  6.0  9
1065  -2.0  2.0  11
1066  -6.0  6.0  9
1067  -2.0  2.0  11
1068  0.0  0.0  75
1069  -2.0  2.0  11
1070  -2.0  2.0  11
1071  -8.0  8.0  8
1072  -2.0  2.0  11
1073  -6.0  6.0  9
1074  -2.0  2.0  75
1075  0.0  0.0  12
1076  -4.0  4.0  10
1077  -4.0  4.0  10
1078  -4.0  4.0  10
1079  0.0  0.0  75
1080  -2.0  2.0  11
1081  -2.0  2.0  11
1082  -2.0  2.0  11
1083  -4.0  4.0  10
1084  -4.0  4.0  10
1085  0.0  0.0  12
1086  -6.0  6.0  9
1087  -8.0  8.0  8
1088  -4.0  4.0  10
1089  -4.0  4.0  10
1090  -4.0  4.0  10
1091  0.0  0.0  75
1092  -6.0  6.0  9
1093  0.0  0.0  12
1094  -2.0  2.0  11
1095  0.0  0.0  12
1096  -2.0  2.0  11
1097  -2.0  2.0  11
1098  0.0  0.0  75
1099  -2.0  2.0  75
1100  -6.0  6.0  9
1101  0.0  0.0  12
1102  0.0  0.0  12
1103  -8.0  8.0  8
1104  0.0  0.0  12
1105  0.0  0.0  75
1106  -2.0  2.0  11
1107  0.0  0.0  12
1108  0.0  0.0  12
1109  -6.0  6.0  9
1110  -2.0  2.0  11
1111  -2.0  2.0  11
1112  0.0  0.0  75
1113  -2.0  2.0  11
1114  -2.0  2.0  75
1115  -10.0  10.0  7
1116  0.0  0.0  12
1117  -10.0  10.0  7
1118  0.0  0.0  12
1119  0.0  0.0  12
1120  -4.0  4.0  10
1121  -6.0  6.0  9
1122  0.0  0.0  12
1123  -4.0  4.0  10
1124  0.0  0.0  12
1125  -8.0  8.0  8
1126  0.0  0.0  75
1127  -6.0  6.0  9
1128  0.0  0.0  12
1129  0.0  0.0  75
1130  0.0  0.0  75
1131  -6.0  6.0  9
1132  0.0  0.0  75
1133  0.0  0.0  12
1134  0.0  0.0  75
1135  -2.0  2.0  11
1136  -8.0  8.0  8
1137  -4.0  4.0  10
1138  0.0  0.0  75
1139  -6.0  6.0  9
1140  0.0  0.0  75
1141  -6.0  6.0  9
1142  -4.0  4.0  10
1143  0.0  0.0  12
1144  0.0  0.0  75
1145  -2.0  2.0  11
1146  -8.0  8.0  8
1147  -2.0  2.0  11
1148  -2.0  2.0  11
1149  -2.0  2.0  11
1150  -6.0  6.0  9
1151  0.0  0.0  75
1152  -6.0  6.0  9
1153  0.0  0.0  75
1154  -2.0  2.0  11
1155  -4.0  4.0  10
1156  -4.0  4.0  10
1157  -2.0  2.0  11
1158  0.0  0.0  75
1159  -6.0  6.0  9
1160  -6.0  6.0  9
1161  -4.0  4.0  10
1162  -4.0  4.0  10
1163  -4.0  4.0  10
1164  0.0  0.0  12
1165  0.0  0.0  75
1166  0.0  0.0  12
1167  -2.0  2.0  11
1168  0.0  0.0  75
1169  -4.0  4.0  10
1170  0.0  0.0  12
1171  -2.0  2.0  75
1172  -4.0  4.0  10
1173  -6.0  6.0  9
1174  -2.0  2.0  11
1175  -2.0  2.0  11
1176  -2.0  2.0  11
1177  -2.0  2.0  75
1178  -2.0  2.0  11
1179  -4.0  4.0  10
1180  0.0  0.0  12
1181  0.0  0.0  75
1182  -2.0  2.0  11
1183  -8.0  8.0  8
1184  -6.0  6.0  9
1185  -6.0  6.0  9
1186  0.0  0.0  75
1187  -4.0  4.0  10
1188  -2.0  2.0  11
1189  0.0  0.0  75
1190  0.0  0.0  12
1191  -6.0  6.0  9
1192  -10.0  10.0  7
1193  -4.0  4.0  10
1194  0.0  0.0  75
1195  -6.0  6.0  9
1196  0.0  0.0  75
1197  0.0  0.0  12
1198  -8.0  8.0  8
1199  -8.0  8.0  8
1200  -2.0  2.0  11
1201  -4.0  4.0  10
1202  -6.0  6.0  9
1203  0.0  0.0  75
1204  0.0  0.0  12
1205  -10.0  10.0  7
1206  0.0  0.0  12
1207  -6.0  6.0  9
1208  0.0  0.0  75
1209  0.0  0.0  75
1210  -2.0  2.0  75
1211  -2.0  2.0  11
1212  -2.0  2.0  11
1213  -4.0  4.0  10
1214  -2.0  2.0  11
1215  -4.0  4.0  10
1216  -6.0  6.0  9
1217  -6.0  6.0  9
1218  -4.0  4.0  10
1219  -4.0  4.0  10
1220  0.0  0.0  75
1221  -4.0  4.0  10
1222  0.0  0.0  75
1223  0.0  0.0  12
1224  -2.0  2.0  11
1225  -2.0  2.0  11
1226  0.0  0.0  12
1227  -6.0  6.0  9
1228  -4.0  4.0  10
1229  -2.0  2.0  11
1230  -6.0  6.0  9
1231  0.0  0.0  75
1232  -4.0  4.0  10
1233  -4.0  4.0  10
1234  -4.0  4.0  10
1235  -2.0  2.0  11
1236  -4.0  4.0  10
1237  -2.0  2.0  11
1238  0.0  0.0  75
1239  0.0  0.0  75
1240  0.0  0.0  75
1241  0.0  0.0  75
1242  0.0  0.0  12
1243  -4.0  4.0  10
1244  0.0  0.0  75
1245  0.0  0.0  12
1246  0.0  0.0  12
1247  0.0  0.0  12
1248  -2.0  2.0  11
1249  0.0  0.0  75
1250  -4.0  4.0  10
1251  -2.0  2.0  11
1252  0.0  0.0  12
1253  0.0  0.0  12
1254  -2.0  2.0  11
1255  -4.0  4.0  10
1256  0.0  0.0  12
1257  -6.0  6.0  9
1258  0.0  0.0  75
1259  -2.0  2.0  11
1260  0.0  0.0  12
1261  -2.0  2.0  11
1262  0.0  0.0  75
1263  -6.0  6.0  9
1264  -4.0  4.0  10
1265  -2.0  2.0  11
1266  0.0  0.0  75
1267  -2.0  2.0  11
1268  0.0  0.0  12
1269  -2.0  2.0  11
1270  0.0  0.0  75
1271  -2.0  2.0  11
1272  -4.0  4.0  10
1273  0.0  0.0  75
1274  0.0  0.0  75
1275  0.0  0.0  12
1276  -6.0  6.0  9
1277  -2.0  2.0  11
1278  0.0  0.0  12
1279  -6.0  6.0  9
1280  -2.0  2.0  11
1281  -2.0  2.0  11
1282  0.0  0.0  75
1283  0.0  0.0  75
1284  0.0  0.0  12
1285  -2.0  2.0  11
1286  -8.0  8.0  8
1287  0.0  0.0  75
1288  0.0  0.0  12
1289  0.0  0.0  12
1290  0.0  0.0  12
1291  -8.0  8.0  8
1292  -8.0  8.0  8
1293  -2.0  2.0  11
1294  -2.0  2.0  11
1295  -2.0  2.0  11
1296  0.0  0.0  12
1297  0.0  0.0  75
1298  -6.0  6.0  9
1299  0.0  0.0  75
1300  -2.0  2.0  75
1301  0.0  0.0  75
1302  0.0  0.0  12
1303  -2.0  2.0  75
1304  -6.0  6.0  9
1305  0.0  0.0  75
1306  -6.0  6.0  9
1307  -2.0  2.0  11
1308  0.0  0.0  75
1309  -8.0  8.0  8
1310  -8.0  8.0  8
1311  0.0  0.0  75
1312  -2.0  2.0  75
1313  -10.0  10.0  7
1314  -2.0  2.0  75
1315  0.0  0.0  12
1316  0.0  0.0  75
1317  -2.0  2.0  11
1318  0.0  0.0  75
1319  0.0  0.0  75
1320  -2.0  2.0  11
1321  -2.0  2.0  11
1322  -2.0  2.0  11
1323  -6.0  6.0  9
1324  -2.0  2.0  11
1325  -2.0  2.0  11
1326  0.0  0.0  75
1327  0.0  0.0  75
1328  -4.0  4.0  10
1329  0.0  0.0  75
1330  -2.0  2.0  11
1331  -2.0  2.0  11
1332  -8.0  8.0  8
1333  -6.0  6.0  9
1334  -2.0  2.0  11
1335  -6.0  6.0  9
1336  -4.0  4.0  10
1337  0.0  0.0  75
1338  -6.0  6.0  9
1339  -6.0  6.0  9
1340  -4.0  4.0  10
1341  -2.0  2.0  75
1342  -6.0  6.0  9
1343  -2.0  2.0  11
1344  -2.0  2.0  11
1345  0.0  0.0  12
1346  0.0  0.0  75
1347  -6.0  6.0  9
1348  -2.0  2.0  11
1349  0.0  0.0  12
1350  -8.0  8.0  8
1351  0.0  0.0  75
1352  -2.0  2.0  11
1353  0.0  0.0  12
1354  -4.0  4.0  10
1355  -8.0  8.0  8
1356  -2.0  2.0  11
1357  0.0  0.0  12
1358  -2.0  2.0  11
1359  0.0  0.0  75
1360  -6.0  6.0  9
1361  0.0  0.0  75
1362  -2.0  2.0  11
1363  -2.0  2.0  11
1364  -4.0  4.0  10
1365  -2.0  2.0  11
1366  -8.0  8.0  8
1367  -2.0  2.0  11
1368  -4.0  4.0  10
1369  -6.0  6.0  9
1370  0.0  0.0  12
1371  -4.0  4.0  10
1372  -6.0  6.0  9
1373  0.0  0.0  75
1374  -2.0  2.0  11
1375  -6.0  6.0  9
1376  -2.0  2.0  11
1377  0.0  0.0  12
1378  0.0  0.0  75
1379  0.0  0.0  75
1380  0.0  0.0  75
1381  -2.0  2.0  11
1382  0.0  0.0  12
1383  0.0  0.0  75
1384  0.0  0.0  12
1385  0.0  0.0  75
1386  0.0  0.0  12
1387  -2.0  2.0  75
1388  -2.0  2.0  11
1389  -6.0  6.0  9
1390  -6.0  6.0  9
1391  -4.0  4.0  10
1392  -4.0  4.0  10
1393  -8.0  8.0  8
1394  0.0  0.0  75
1395  0.0  0.0  75
1396  0.0  0.0  12
1397  0.0  0.0  75
1398  0.0  0.0  12
1399  -6.0  6.0  9
1400  0.0  0.0  75
1401  -2.0  2.0  11
1402  0.0  0.0  75
1403  0.0  0.0  12
1404  -8.0  8.0  8
1405  -2.0  2.0  11
1406  0.0  0.0  75
1407  0.0  0.0  75
1408  -2.0  2.0  11
1409  0.0  0.0  75
1410  -8.0  8.0  8
1411  -6.0  6.0  9
1412  -8.0  8.0  8
1413  -6.0  6.0  9
1414  0.0  0.0  12
1415  -6.0  6.0  9
1416  -8.0  8.0  8
1417  -6.0  6.0  9
1418  -6.0  6.0  9
1419  -10.0  10.0  7
1420  0.0  0.0  75
1421  0.0  0.0  12
1422  0.0  0.0  75
1423  -8.0  8.0  8
1424  -4.0  4.0  10
1425  0.0  0.0  12
1426  0.0  0.0  75
1427  0.0  0.0  12
1428  0.0  0.0  75
1429  -6.0  6.0  9
1430  0.0  0.0  75
1431  -2.0  2.0  75
1432  -2.0  2.0  11
1433  -2.0  2.0  11
1434  0.0  0.0  12
1435  0.0  0.0  12
1436  -4.0  4.0  10
1437  -2.0  2.0  11
1438  -2.0  2.0  11
1439  0.0  0.0  12
1440  0.0  0.0  75
1441  -2.0  2.0  11
1442  0.0  0.0  75
1443  0.0  0.0  12
1444  -8.0  8.0  8
1445  0.0  0.0  12
1446  -6.0  6.0  9
1447  -2.0  2.0  11
1448  -8.0  8.0  8
1449  -4.0  4.0  10
1450  -6.0  6.0  9
1451  0.0  0.0  12
1452  -6.0  6.0  9
1453  -10.0  10.0  7
1454  -6.0  6.0  9
1455  0.0  0.0  75
1456  0.0  0.0  75
1457  0.0  0.0  12
1458  0.0  0.0  12
1459  -10.0  10.0  7
1460  -4.0  4.0  10
1461  -4.0  4.0  10
1462  -4.0  4.0  10
1463  0.0  0.0  75
1464  -6.0  6.0  9
1465  -4.0  4.0  10
1466  -2.0  2.0  11
1467  0.0  0.0  12
1468  0.0  0.0  75
1469  -6.0  6.0  9
1470  -4.0  4.0  10
1471  -6.0  6.0  9
1472  -2.0  2.0  11
1473  -2.0  2.0  11
1474  0.0  0.0  12
1475  0.0  0.0  12
1476  -2.0  2.0  75
1477  -4.0  4.0  10
1478  -4.0  4.0  10
1479  -8.0  8.0  8
1480  -4.0  4.0  10
1481  -4.0  4.0  10
1482  -6.0  6.0  9
1483  0.0  0.0  75
1484  -2.0  2.0  11
1485  -4.0  4.0  10
1486  -4.0  4.0  10
1487  0.0  0.0  12
1488  -4.0  4.0  10
1489  -4.0  4.0  10
1490  -2.0  2.0  11
1491  -6.0  6.0  9
1492  -4.0  4.0  10
1493  -6.0  6.0  9
1494  0.0  0.0  12
1495  -2.0  2.0  11
1496  0.0  0.0  75
1497  -4.0  4.0  10
1498  0.0  0.0  12
1499  -2.0  2.0  11
1500  -6.0  6.0  9
1501  0.0  0.0  12
1502  0.0  0.0  75
1503  -8.0  8.0  8
1504  0.0  0.0  75
1505  -2.0  2.0  11
1506  0.0  0.0  12
1507  0.0  0.0  75
1508  0.0  0.0  75
1509  -2.0  2.0  11
1510  -4.0  4.0  10
1511  -8.0  8.0  8
1512  0.0  0.0  12
1513  -2.0  2.0  11
1514  -6.0  6.0  9
1515  0.0  0.0  12
1516  0.0  0.0  12
1517  -2.0  2.0  11
1518  0.0  0.0  12
1519  -4.0  4.0  10
1520  -2.0  2.0  11
1521  -4.0  4.0  10
1522  -4.0  4.0  10
1523  -2.0  2.0  11
1524  0.0  0.0  75
1525  -2.0  2.0  75
1526  0.0  0.0  12
1527  -2.0  2.0  11
1528  0.0  0.0  75
1529  -2.0  2.0  11
1530  0.0  0.0  12
1531  -4.0  4.0  10
1532  -2.0  2.0  11
1533  -4.0  4.0  10
1534  0.0  0.0  75
1535  0.0  0.0  12
1536  -2.0  2.0  75
1537  0.0  0.0  75
1538  -4.0  4.0  10
1539  -8.0  8.0  8
1540  -6.0  6.0  9
1541  -6.0  6.0  9
1542  -4.0  4.0  10
1543  -10.0  10.0  7
1544  -6.0  6.0  9
1545  -4.0  4.0  10
1546  -2.0  2.0  75
1547  -6.0  6.0  9
1548  -8.0  8.0  8
1549  -2.0  2.0  11
1550  -4.0  4.0  10
1551  -2.0  2.0  11
1552  -2.0  2.0  11
1553  -4.0  4.0  10
1554  -10.0  10.0  7
1555  -2.0  2.0  11
1556  -6.0  6.0  9
1557  -2.0  2.0  11
1558  0.0  0.0  12
1559  0.0  0.0  12
1560  0.0  0.0  12
1561  -4.0  4.0  10
1562  -4.0  4.0  10
1563  0.0  0.0  12
1564  0.0  0.0  75
1565  0.0  0.0  12
1566  0.0  0.0  12
1567  -2.0  2.0  11
1568  -2.0  2.0  11
1569  0.0  0.0  75
1570  0.0  0.0  75
1571  0.0  0.0  12
1572  0.0  0.0  12
1573  -6.0  6.0  9
1574  0.0  0.0  75
1575  0.0  0.0  12
1576  0.0  0.0  12
1577  0.0  0.0  75
1578  0.0  0.0  75
1579  -8.0  8.0  8
1580  0.0  0.0  75
1581  0.0  0.0  12
1582  -2.0  2.0  11
1583  -4.0  4.0  10
1584  -2.0  2.0  11
1585  0.0  0.0  75
1586  0.0  0.0  75
1587  -2.0  2.0  11
1588  -4.0  4.0  10
1589  -6.0  6.0  9
1590  -4.0  4.0  10
1591  -6.0  6.0  9
1592  -4.0  4.0  10
1593  0.0  0.0  12
1594  0.0  0.0  12
1595  -6.0  6.0  9
1596  0.0  0.0  12
1597  -2.0  2.0  11
1598  -8.0  8.0  8
1599  0.0  0.0  12
1600  0.0  0.0  75
1601  -4.0  4.0  10
1602  -2.0  2.0  11
1603  -2.0  2.0  75
1604  -4.0  4.0  10
1605  -2.0  2.0  11
1606  0.0  0.0  75
1607  -4.0  4.0  10
1608  -2.0  2.0  11
1609  -2.0  2.0  11
1610  -2.0  2.0  11
1611  -4.0  4.0  10
1612  0.0  0.0  12
1613  -2.0  2.0  11
1614  -2.0  2.0  11
1615  -6.0  6.0  9
1616  -4.0  4.0  10
1617  -2.0  2.0  11
1618  0.0  0.0  75
1619  0.0  0.0  75
1620  -4.0  4.0  10
1621  -6.0  6.0  9
1622  0.0  0.0  75
1623  0.0  0.0  12
1624  0.0  0.0  12
1625  -2.0  2.0  11
1626  0.0  0.0  75
1627  -2.0  2.0  11
1628  -2.0  2.0  11
1629  0.0  0.0  75
1630  0.0  0.0  75
1631  0.0  0.0  75
1632  0.0  0.0  75
1633  -2.0  2.0  11
1634  -2.0  2.0  11
1635  0.0  0.0  75
1636  0.0  0.0  75
1637  -10.0  10.0  7
1638  0.0  0.0  75
1639  -2.0  2.0  11
1640  0.0  0.0  75
1641  0.0  0.0  12
1642  0.0  0.0  75
1643  0.0  0.0  12
1644  0.0  0.0  75
1645  -2.0  2.0  11
1646  -8.0  8.0  8
1647  -2.0  2.0  11
1648  -2.0  2.0  11
1649  0.0  0.0  75
1650  0.0  0.0  75
1651  -4.0  4.0  10
1652  -4.0  4.0  10
1653  0.0  0.0  75
1654  0.0  0.0  12
1655  -2.0  2.0  11
1656  -6.0  6.0  9
1657  0.0  0.0  12
1658  -2.0  2.0  11
1659  0.0  0.0  75
1660  0.0  0.0  75
1661  -2.0  2.0  11
1662  -2.0  2.0  11
1663  0.0  0.0  75
1664  -2.0  2.0  11
1665  0.0  0.0  75
1666  0.0  0.0  12
1667  -6.0  6.0  9
1668  -2.0  2.0  11
1669  -2.0  2.0  11
1670  -4.0  4.0  10
1671  -4.0  4.0  10
1672  -6.0  6.0  9
1673  -4.0  4.0  10
1674  0.0  0.0  75
1675  -6.0  6.0  9
1676  -2.0  2.0  11
1677  -2.0  2.0  11
1678  0.0  0.0  75
1679  0.0  0.0  75
1680  -4.0  4.0  10
1681  0.0  0.0  75
1682  0.0  0.0  12
1683  -2.0  2.0  11
1684  0.0  0.0  75
1685  0.0  0.0  75
1686  0.0  0.0  12
1687  -2.0  2.0  11
1688  -8.0  8.0  8
1689  0.0  0.0  75
1690  0.0  0.0  75
1691  -4.0  4.0  10
1692  -6.0  6.0  9
1693  -2.0  2.0  75
1694  -2.0  2.0  11
1695  0.0  0.0  12
1696  -6.0  6.0  9
1697  0.0  0.0  12
1698  0.0  0.0  12
1699  -6.0  6.0  9
1700  0.0  0.0  75
1701  -2.0  2.0  11
1702  0.0  0.0  12
1703  0.0  0.0  75
1704  0.0  0.0  75
1705  0.0  0.0  75
1706  0.0  0.0  75
1707  -2.0  2.0  75
1708  -8.0  8.0  8
1709  -2.0  2.0  11
1710  0.0  0.0  75
1711  -8.0  8.0  8
1712  -4.0  4.0  10
1713  -2.0  2.0  75
1714  0.0  0.0  12
1715  -2.0  2.0  11
1716  -4.0  4.0  10
1717  -4.0  4.0  10
1718  -4.0  4.0  10
1719  0.0  0.0  12
1720  0.0  0.0  75
1721  0.0  0.0  75
1722  -4.0  4.0  10
1723  0.0  0.0  75
1724  0.0  0.0  12
1725  -2.0  2.0  11
1726  -2.0  2.0  11
1727  0.0  0.0  12
1728  0.0  0.0  75
1729  0.0  0.0  75
1730  0.0  0.0  75
1731  -2.0  2.0  11
1732  0.0  0.0  12
1733  -4.0  4.0  10
1734  -8.0  8.0  8
1735  0.0  0.0  12
1736  -6.0  6.0  9
1737  0.0  0.0  12
1738  -2.0  2.0  11
1739  -2.0  2.0  11
1740  -6.0  6.0  9
1741  -2.0  2.0  11
1742  -2.0  2.0  11
1743  -2.0  2.0  11
1744  -8.0  8.0  8
1745  0.0  0.0  75
1746  -4.0  4.0  10
1747  -4.0  4.0  10
1748  0.0  0.0  75
1749  -6.0  6.0  9
1750  -8.0  8.0  8
1751  -10.0  10.0  7
1752  -2.0  2.0  11
1753  -2.0  2.0  11
1754  0.0  0.0  75
1755  0.0  0.0  12
1756  -4.0  4.0  10
1757  -2.0  2.0  11
1758  -2.0  2.0  11
1759  0.0  0.0  75
1760  -2.0  2.0  11
1761  0.0  0.0  75
1762  0.0  0.0  75
1763  -6.0  6.0  9
1764  0.0  0.0  75
1765  -4.0  4.0  10
1766  -4.0  4.0  10
1767  -4.0  4.0  10
1768  -4.0  4.0  10
1769  -8.0  8.0  8
1770  -4.0  4.0  10
1771  -2.0  2.0  11
1772  0.0  0.0  75
1773  -4.0  4.0  10
1774  0.0  0.0  75
1775  -2.0  2.0  11
1776  0.0  0.0  75
1777  0.0  0.0  75
1778  0.0  0.0  12
1779  -6.0  6.0  9
1780  -2.0  2.0  11
1781  0.0  0.0  75
1782  0.0  0.0  75
1783  0.0  0.0  75
1784  -2.0  2.0  11
1785  0.0  0.0  75
1786  0.0  0.0  75
1787  -4.0  4.0  10
1788  0.0  0.0  12
1789  -2.0  2.0  11
1790  0.0  0.0  12
1791  -2.0  2.0  11
1792  -8.0  8.0  8
1793  0.0  0.0  75
1794  0.0  0.0  75
1795  -2.0  2.0  11
1796  -4.0  4.0  10
1797  -6.0  6.0  9
1798  -4.0  4.0  10
1799  0.0  0.0  75
1800  -6.0  6.0  9
1801  -8.0  8.0  8
1802  -8.0  8.0  8
1803  -2.0  2.0  11
1804  0.0  0.0  75
1805  0.0  0.0  12
1806  0.0  0.0  12
1807  -8.0  8.0  8
1808  -2.0  2.0  11
1809  -2.0  2.0  75
1810  -8.0  8.0  8
1811  -4.0  4.0  10
1812  -4.0  4.0  10
1813  0.0  0.0  75
1814  -6.0  6.0  9
1815  -4.0  4.0  10
1816  -6.0  6.0  9
1817  -8.0  8.0  8
1818  -10.0  10.0  7
1819  -4.0  4.0  10
1820  -4.0  4.0  10
1821  -4.0  4.0  10
1822  -2.0  2.0  11
1823  -4.0  4.0  10
1824  -2.0  2.0  11
1825  0.0  0.0  75
1826  0.0  0.0  12
1827  -2.0  2.0  11
1828  0.0  0.0  12
1829  -4.0  4.0  10
1830  -4.0  4.0  10
1831  -2.0  2.0  11
1832  0.0  0.0  75
1833  0.0  0.0  12
1834  -8.0  8.0  8
1835  -4.0  4.0  10
1836  0.0  0.0  75
1837  -4.0  4.0  10
1838  -2.0  2.0  11
1839  -4.0  4.0  10
1840  -4.0  4.0  10
1841  -8.0  8.0  8
1842  0.0  0.0  12
1843  0.0  0.0  75
1844  -4.0  4.0  10
1845  0.0  0.0  75
1846  -6.0  6.0  9
1847  -4.0  4.0  10
1848  -6.0  6.0  9
1849  0.0  0.0  12
1850  0.0  0.0  12
1851  -6.0  6.0  9
1852  -6.0  6.0  9
1853  -4.0  4.0  10
1854  -4.0  4.0  10
1855  0.0  0.0  12
1856  -6.0  6.0  9
1857  -6.0  6.0  9
1858  0.0  0.0  75
1859  -4.0  4.0  10
1860  -2.0  2.0  11
1861  -4.0  4.0  10
1862  -4.0  4.0  10
1863  -2.0  2.0  11
1864  0.0  0.0  12
1865  -2.0  2.0  11
1866  -2.0  2.0  11
1867  -6.0  6.0  9
1868  -2.0  2.0  75
1869  -4.0  4.0  10
1870  -2.0  2.0  11
1871  -2.0  2.0  11
1872  0.0  0.0  12
1873  0.0  0.0  12
1874  -8.0  8.0  8
1875  0.0  0.0  75
1876  -6.0  6.0  9
1877  -4.0  4.0  10
1878  -4.0  4.0  10
1879  -2.0  2.0  11
1880  -4.0  4.0  10
1881  -6.0  6.0  9
1882  0.0  0.0  12
1883  -4.0  4.0  10
1884  0.0  0.0  12
1885  -2.0  2.0  11
1886  -8.0  8.0  8
1887  0.0  0.0  75
1888  -2.0  2.0  11
1889  0.0  0.0  75
1890  0.0  0.0  75
1891  -2.0  2.0  11
1892  -4.0  4.0  10
1893  -2.0  2.0  11
1894  -8.0  8.0  8
1895  0.0  0.0  12
1896  -2.0  2.0  75
1897  -2.0  2.0  11
1898  -2.0  2.0  11
1899  -2.0  2.0  11
1900  0.0  0.0  12
1901  -2.0  2.0  11
1902  -2.0  2.0  11
1903  0.0  0.0  12
1904  0.0  0.0  12
1905  -4.0  4.0  10
1906  0.0  0.0  12
1907  0.0  0.0  12
1908  -6.0  6.0  9
1909  -4.0  4.0  10
1910  -4.0  4.0  10
1911  -4.0  4.0  10
1912  -2.0  2.0  11
1913  -2.0  2.0  11
1914  0.0  0.0  75
1915  -2.0  2.0  11
1916  0.0  0.0  12
1917  0.0  0.0  75
1918  0.0  0.0  75
1919  -6.0  6.0  9
1920  0.0  0.0  75
1921  -4.0  4.0  10
1922  0.0  0.0  75
1923  -2.0  2.0  11
1924  0.0  0.0  75
1925  -4.0  4.0  10
1926  -8.0  8.0  8
1927  -6.0  6.0  9
1928  -6.0  6.0  9
1929  0.0  0.0  75
1930  -4.0  4.0  10
1931  -2.0  2.0  11
1932  -6.0  6.0  9
1933  0.0  0.0  12
1934  0.0  0.0  75
1935  0.0  0.0  75
1936  0.0  0.0  75
1937  0.0  0.0  12
1938  -2.0  2.0  75
1939  -6.0  6.0  9
1940  0.0  0.0  75
1941  -4.0  4.0  10
1942  -8.0  8.0  8
1943  0.0  0.0  75
1944  0.0  0.0  75
1945  -2.0  2.0  11
1946  0.0  0.0  75
1947  0.0  0.0  12
1948  -2.0  2.0  11
1949  -6.0  6.0  9
1950  0.0  0.0  75
1951  0.0  0.0  75
1952  -2.0  2.0  11
1953  0.0  0.0  75
1954  -8.0  8.0  8
1955  -2.0  2.0  11
1956  -2.0  2.0  11
1957  -4.0  4.0  10
1958  0.0  0.0  75
1959  0.0  0.0  75
1960  -2.0  2.0  11
1961  0.0  0.0  12
1962  0.0  0.0  12
1963  -4.0  4.0  10
1964  -2.0  2.0  11
1965  -2.0  2.0  11
1966  -2.0  2.0  11
1967  0.0  0.0  12
1968  0.0  0.0  75
1969  -2.0  2.0  11
1970  0.0  0.0  75
1971  0.0  0.0  75
1972  -2.0  2.0  11
1973  -6.0  6.0  9
1974  0.0  0.0  12
1975  -2.0  2.0  11
1976  0.0  0.0  12
1977  -2.0  2.0  11
1978  0.0  0.0  75
1979  -2.0  2.0  11
1980  0.0  0.0  12
1981  -2.0  2.0  11
1982  -6.0  6.0  9
1983  -6.0  6.0  9
1984  -6.0  6.0  9
1985  -2.0  2.0  75
1986  -2.0  2.0  11
1987  0.0  0.0  12
1988  -2.0  2.0  11
1989  -2.0  2.0  11
1990  0.0  0.0  75
1991  0.0  0.0  75
1992  0.0  0.0  12
1993  -2.0  2.0  11
1994  0.0  0.0  75
1995  0.0  0.0  12
1996  -4.0  4.0  10
1997  0.0  0.0  75
1998  -2.0  2.0  75
1999  -8.0  8.0  8
2000  0.0  0.0  12
2001  -4.0  4.0  10
2002  0.0  0.0  12
2003  0.0  0.0  75
2004  -4.0  4.0  10
2005  0.0  0.0  75
2006  -8.0  8.0  8
2007  0.0  0.0  75
2008  -4.0  4.0  10
2009  -4.0  4.0  10
2010  0.0  0.0  12
2011  0.0  0.0  75
2012  0.0  0.0  75
2013  0.0  0.0  12
2014  -2.0  2.0  11
2015  -2.0  2.0  11
2016  -6.0  6.0  9
2017  -2.0  2.0  11
2018  0.0  0.0  12
2019  0.0  0.0  12
2020  0.0  0.0  12
2021  0.0  0.0  12
2022  -6.0  6.0  9
2023  -8.0  8.0  8
2024  -2.0  2.0  11
2025  -4.0  4.0  10
2026  -6.0  6.0  9
2027  0.0  0.0  12
2028  -2.0  2.0  11
2029  0.0  0.0  75
2030  0.0  0.0  75
2031  -4.0  4.0  10
2032  -6.0  6.0  9
2033  -4.0  4.0  10
2034  -6.0  6.0  9
2035  -6.0  6.0  9
2036  -6.0  6.0  9
2037  -2.0  2.0  11
2038  0.0  0.0  75
2039  -6.0  6.0  9
2040  -2.0  2.0  11
2041  0.0  0.0  12
2042  -6.0  6.0  9
2043  0.0  0.0  75
2044  0.0  0.0  12
2045  -2.0  2.0  11
2046  0.0  0.0  75
2047  0.0  0.0  75
2048  0.0  0.0  75
2049  -10.0  10.0  7
2050  -2.0  2.0  11
2051  -2.0  2.0  11
2052  -6.0  6.0  9
2053  -2.0  2.0  11
2054  0.0  0.0  12
2055  0.0  0.0  12
2056  -4.0  4.0  10
2057  -6.0  6.0  9
2058  -2.0  2.0  11
2059  -4.0  4.0  10
2060  0.0  0.0  12
2061  -2.0  2.0  75
2062  -8.0  8.0  8
2063  0.0  0.0  75
2064  0.0  0.0  75
2065  -4.0  4.0  10
2066  -2.0  2.0  11
2067  0.0  0.0  75
2068  -4.0  4.0  10
2069  0.0  0.0  75
2070  0.0  0.0  12
2071  0.0  0.0  75
2072  0.0  0.0  75
2073  0.0  0.0  75
2074  -2.0  2.0  11
2075  0.0  0.0  12
2076  0.0  0.0  75
2077  0.0  0.0  12
2078  -6.0  6.0  9
2079  0.0  0.0  75
2080  -2.0  2.0  11
2081  0.0  0.0  75
2082  -8.0  8.0  8
2083  -8.0  8.0  8
2084  0.0  0.0  12
2085  -2.0  2.0  11
2086  -8.0  8.0  8
2087  -6.0  6.0  9
2088  -6.0  6.0  9
2089  -4.0  4.0  10
2090  -2.0  2.0  11
2091  0.0  0.0  75
2092  0.0  0.0  75
2093  0.0  0.0  75
2094  -4.0  4.0  10
2095  -6.0  6.0  9
2096  -4.0  4.0  10
2097  0.0  0.0  75
2098  -4.0  4.0  10
2099  -2.0  2.0  11
2100  0.0  0.0  75
2101  0.0  0.0  75
2102  -4.0  4.0  10
2103  -8.0  8.0  8
2104  -6.0  6.0  9
2105  -2.0  2.0  75
2106  0.0  0.0  75
2107  -4.0  4.0  10
2108  -2.0  2.0  11
2109  -4.0  4.0  10
2110  -2.0  2.0  11
2111  -6.0  6.0  9
2112  -4.0  4.0  10
2113  -8.0  8.0  8
2114  -2.0  2.0  75
2115  -2.0  2.0  11
2116  -6.0  6.0  9
2117  0.0  0.0  75
2118  -2.0  2.0  11
2119  -6.0  6.0  9
2120  0.0  0.0  75
2121  0.0  0.0  75
2122  0.0  0.0  12
2123  -2.0  2.0  11
2124  -2.0  2.0  11
2125  0.0  0.0  12
2126  -6.0  6.0  9
2127  -4.0  4.0  10
2128  -2.0  2.0  11
2129  0.0  0.0  12
2130  -2.0  2.0  11
2131  -4.0  4.0  10
2132  0.0  0.0  75
2133  -4.0  4.0  10
2134  -4.0  4.0  10
2135  -6.0  6.0  9
2136  0.0  0.0  75
2137  0.0  0.0  75
2138  -8.0  8.0  8
2139  -4.0  4.0  10
2140  -2.0  2.0  11
2141  -2.0  2.0  11
2142  0.0  0.0  75
2143  0.0  0.0  75
2144  -6.0  6.0  9
2145  0.0  0.0  75
2146  -4.0  4.0  10
2147  -4.0  4.0  10
2148  -4.0  4.0  10
2149  0.0  0.0  12
2150  -8.0  8.0  8
2151  -2.0  2.0  11
2152  -2.0  2.0  11
2153  -4.0  4.0  10
2154  -4.0  4.0  10
2155  0.0  0.0  75
2156  -2.0  2.0  11
2157  0.0  0.0  75
2158  0.0  0.0  75
2159  -6.0  6.0  9
2160  -2.0  2.0  11
2161  0.0  0.0  12
2162  -6.0  6.0  9
2163  0.0  0.0  12
2164  -4.0  4.0  10
2165  -6.0  6.0  9
2166  -2.0  2.0  11
2167  -6.0  6.0  9
2168  0.0  0.0  75
2169  0.0  0.0  75
2170  -8.0  8.0  8
2171  -4.0  4.0  10
2172  0.0  0.0  75
2173  0.0  0.0  12
2174  -2.0  2.0  11
2175  0.0  0.0  75
2176  -2.0  2.0  75
2177  -8.0  8.0  8
2178  0.0  0.0  75
2179  0.0  0.0  75
2180  -2.0  2.0  75
2181  0.0  0.0  75
2182  0.0  0.0  75
2183  -4.0  4.0  10
2184  0.0  0.0  12
2185  -8.0  8.0  8
2186  0.0  0.0  12
2187  -6.0  6.0  9
2188  -2.0  2.0  11
2189  -2.0  2.0  11
2190  -2.0  2.0  11
2191  0.0  0.0  75
2192  -6.0  6.0  9
2193  -4.0  4.0  10
2194  -2.0  2.0  11
2195  0.0  0.0  12
2196  -4.0  4.0  10
2197  0.0  0.0  75
2198  0.0  0.0  75
2199  -6.0  6.0  9
2200  -2.0  2.0  11
2201  0.0  0.0  75
2202  -4.0  4.0  10
2203  0.0  0.0  75
2204  0.0  0.0  12
2205  -8.0  8.0  8
2206  0.0  0.0  12
2207  -2.0  2.0  75
2208  0.0  0.0  75
2209  0.0  0.0  12
2210  -4.0  4.0  10
2211  0.0  0.0  75
2212  -4.0  4.0  10
2213  0.0  0.0  12
2214  0.0  0.0  12
2215  -6.0  6.0  9
2216  -4.0  4.0  10
2217  -6.0  6.0  9
2218  0.0  0.0  75
2219  -6.0  6.0  9
2220  0.0  0.0  75
2221  0.0  0.0  12
2222  -2.0  2.0  11
2223  -2.0  2.0  11
2224  -2.0  2.0  11
2225  0.0  0.0  12
2226  -4.0  4.0  10
2227  -4.0  4.0  10
2228  -4.0  4.0  10
2229  0.0  0.0  12
2230  -2.0  2.0  75
2231  -4.0  4.0  10
2232  0.0  0.0  12
2233  0.0  0.0  12
2234  -8.0  8.0  8
2235  0.0  0.0  75
2236  -8.0  8.0  8
2237  0.0  0.0  12
2238  0.0  0.0  75
2239  -8.0  8.0  8
2240  -6.0  6.0  9
2241  0.0  0.0  75
2242  0.0  0.0  12
2243  0.0  0.0  12
2244  -2.0  2.0  75
2245  0.0  0.0  12
2246  0.0  0.0  12
2247  0.0  0.0  75
2248  -6.0  6.0  9
2249  -2.0  2.0  11
2250  -4.0  4.0  10
2251  0.0  0.0  12
2252  0.0  0.0  75
2253  0.0  0.0  12
2254  -2.0  2.0  11
2255  0.0  0.0  12
2256  0.0  0.0  75
2257  -4.0  4.0  10
2258  -2.0  2.0  11
2259  0.0  0.0  75
2260  -2.0  2.0  11
2261  -2.0  2.0  11
2262  0.0  0.0  75
2263  0.0  0.0  12
2264  0.0  0.0  12
2265  -4.0  4.0  10
2266  0.0  0.0  12
2267  0.0  0.0  75
2268  -4.0  4.0  10
2269  0.0  0.0  75
2270  -2.0  2.0  11
2271  0.0  0.0  12
2272  -2.0  2.0  11
2273  0.0  0.0  75
2274  0.0  0.0  75
2275  0.0  0.0  12
2276  -6.0  6.0  9
2277  0.0  0.0  12
2278  0.0  0.0  12
2279  -6.0  6.0  9
2280  0.0  0.0  12
2281  -8.0  8.0  8
2282  -4.0  4.0  10
2283  -6.0  6.0  9
2284  -2.0  2.0  11
2285  -2.0  2.0  11
2286  0.0  0.0  75
2287  0.0  0.0  75
2288  -6.0  6.0  9
2289  0.0  0.0  75
2290  -2.0  2.0  11
2291  -8.0  8.0  8
2292  0.0  0.0  12
2293  -2.0  2.0  11
2294  -8.0  8.0  8
2295  -2.0  2.0  11
2296  -6.0  6.0  9
2297  0.0  0.0  75
2298  0.0  0.0  12
2299  0.0  0.0  75
2300  0.0  0.0  75
2301  0.0  0.0  12
2302  0.0  0.0  12
2303  -2.0  2.0  11
2304  -2.0  2.0  11
2305  0.0  0.0  75
2306  -2.0  2.0  11
2307  -4.0  4.0  10
2308  0.0  0.0  12
2309  -4.0  4.0  10
2310  -6.0  6.0  9
2311  -2.0  2.0  75
2312  -2.0  2.0  11
2313  -2.0  2.0  11
2314  -2.0  2.0  11
2315  -2.0  2.0  11
2316  0.0  0.0  75
2317  -6.0  6.0  9
2318  -2.0  2.0  11
2319  -2.0  2.0  11
2320  -2.0  2.0  11
2321  0.0  0.0  12
2322  0.0  0.0  12
2323  0.0  0.0  12
2324  0.0  0.0  12
2325  -4.0  4.0  10
2326  -2.0  2.0  11
2327  -4.0  4.0  10
2328  -4.0  4.0  10
2329  -2.0  2.0  11
2330  -10.0  10.0  7
2331  -2.0  2.0  11
2332  0.0  0.0  75
2333  -2.0  2.0  11
2334  -2.0  2.0  11
2335  -2.0  2.0  11
2336  -2.0  2.0  11
2337  -2.0  2.0  11
2338  -10.0  10.0  7
2339  0.0  0.0  12
2340  -8.0  8.0  8
2341  -2.0  2.0  11
2342  -2.0  2.0  11
2343  -2.0  2.0  75
2344  -4.0  4.0  10
2345  -8.0  8.0  8
2346  -2.0  2.0  11
2347  0.0  0.0  12
2348  0.0  0.0  75
2349  -4.0  4.0  10
2350  -2.0  2.0  11
2351  0.0  0.0  75
2352  0.0  0.0  75
2353  0.0  0.0  75
2354  0.0  0.0  12
2355  -4.0  4.0  10
2356  0.0  0.0  75
2357  0.0  0.0  75
2358  -2.0  2.0  11
2359  0.0  0.0  75
2360  -2.0  2.0  11
2361  0.0  0.0  75
2362  -6.0  6.0  9
2363  0.0  0.0  12
2364  0.0  0.0  75
2365  -2.0  2.0  11
2366  -2.0  2.0  11
2367  -8.0  8.0  8
2368  0.0  0.0  12
2369  -6.0  6.0  9
2370  -2.0  2.0  11
2371  -2.0  2.0  11
2372  -6.0  6.0  9
2373  -6.0  6.0  9
2374  -2.0  2.0  11
2375  -2.0  2.0  11
2376  -2.0  2.0  11
2377  0.0  0.0  75
2378  -6.0  6.0  9
2379  -4.0  4.0  10
2380  -4.0  4.0  10
2381  -4.0  4.0  10
2382  0.0  0.0  12
2383  0.0  0.0  75
2384  0.0  0.0  75
2385  -2.0  2.0  11
2386  -4.0  4.0  10
2387  0.0  0.0  12
2388  0.0  0.0  75
2389  -2.0  2.0  75
2390  -2.0  2.0  11
2391  -4.0  4.0  10
2392  0.0  0.0  75
2393  -2.0  2.0  11
2394  -4.0  4.0  10
2395  -6.0  6.0  9
2396  -4.0  4.0  10
2397  -2.0  2.0  11
2398  -6.0  6.0  9
2399  0.0  0.0  75
2400  0.0  0.0  12
2401  -4.0  4.0  10
2402  -2.0  2.0  11
2403  0.0  0.0  75
2404  -4.0  4.0  10
2405  0.0  0.0  75
2406  0.0  0.0  12
2407  0.0  0.0  75
2408  0.0  0.0  75
2409  -10.0  10.0  7
2410  0.0  0.0  12
2411  -4.0  4.0  10
2412  0.0  0.0  12
2413  0.0  0.0  75
2414  0.0  0.0  12
2415  -4.0  4.0  10
2416  -4.0  4.0  10
2417  -2.0  2.0  75
2418  0.0  0.0  75
2419  -4.0  4.0  10
2420  -2.0  2.0  11
2421  -2.0  2.0  11
2422  -2.0  2.0  11
2423  -2.0  2.0  11
2424  -4.0  4.0  10
2425  0.0  0.0  12
2426  -6.0  6.0  9
2427  -6.0  6.0  9
2428  0.0  0.0  12
2429  0.0  0.0  75
2430  0.0  0.0  12
2431  0.0  0.0  12
2432  -4.0  4.0  10
2433  0.0  0.0  75
2434  -4.0  4.0  10
2435  0.0  0.0  75
2436  0.0  0.0  12
2437  0.0  0.0  12
2438  -2.0  2.0  11
2439  -2.0  2.0  11
2440  -2.0  2.0  11
2441  -2.0  2.0  11
2442  -4.0  4.0  10
2443  -4.0  4.0  10
2444  0.0  0.0  75
2445  -2.0  2.0  11
2446  0.0  0.0  75
2447  0.0  0.0  12
2448  -2.0  2.0  11
2449  0.0  0.0  12
2450  -6.0  6.0  9
2451  -2.0  2.0  11
2452  0.0  0.0  75
2453  -4.0  4.0  10
2454  0.0  0.0  12
2455  -6.0  6.0  9
2456  -2.0  2.0  11
2457  -4.0  4.0  10
2458  -6.0  6.0  9
2459  0.0  0.0  75
2460  -2.0  2.0  11
2461  -2.0  2.0  11
2462  0.0  0.0  75
2463  0.0  0.0  75
2464  0.0  0.0  75
2465  -2.0  2.0  11
2466  0.0  0.0  12
2467  0.0  0.0  75
2468  -2.0  2.0  11
2469  0.0  0.0  75
2470  0.0  0.0  12
2471  -2.0  2.0  11
2472  0.0  0.0  12
2473  0.0  0.0  75
2474  -2.0  2.0  11
2475  -4.0  4.0  10
2476  -2.0  2.0  11
2477  -4.0  4.0  10
2478  -2.0  2.0  75
2479  -6.0  6.0  9
2480  0.0  0.0  75
2481  -2.0  2.0  11
2482  -4.0  4.0  10
2483  -4.0  4.0  10
2484  0.0  0.0  12
2485  0.0  0.0  75
2486  0.0  0.0  12
2487  -2.0  2.0  75
2488  -2.0  2.0  11
2489  0.0  0.0  75
2490  -10.0  10.0  7
2491  0.0  0.0  12
2492  -2.0  2.0  11
2493  -2.0  2.0  11
2494  -2.0  2.0  11
2495  -2.0  2.0  11
2496  0.0  0.0  12
2497  -2.0  2.0  11
2498  0.0  0.0  12
2499  -8.0  8.0  8
2500  -2.0  2.0  11
2501  -2.0  2.0  11
2502  -6.0  6.0  9
2503  0.0  0.0  75
2504  0.0  0.0  75
2505  -6.0  6.0  9
2506  0.0  0.0  75
2507  -4.0  4.0  10
2508  0.0  0.0  75
2509  0.0  0.0  12
2510  0.0  0.0  75
2511  -2.0  2.0  11
2512  0.0  0.0  75
2513  0.0  0.0  75
2514  -2.0  2.0  75
2515  -2.0  2.0  11
2516  -4.0  4.0  10
2517  -4.0  4.0  10
2518  -8.0  8.0  8
2519  0.0  0.0  75
2520  0.0  0.0  12
2521  0.0  0.0  12
2522  -8.0  8.0  8
2523  -4.0  4.0  10
2524  0.0  0.0  12
2525  0.0  0.0  12
2526  -2.0  2.0  11
2527  0.0  0.0  75
2528  0.0  0.0  75
2529  -6.0  6.0  9
2530  0.0  0.0  12
2531  0.0  0.0  75
2532  0.0  0.0  75
2533  -2.0  2.0  11
2534  -6.0  6.0  9
2535  0.0  0.0  75
2536  0.0  0.0  12
2537  0.0  0.0  12
2538  -2.0  2.0  11
2539  -6.0  6.0  9
2540  -4.0  4.0  10
2541  0.0  0.0  12
2542  -2.0  2.0  11
2543  -2.0  2.0  11
2544  -8.0  8.0  8
2545  -6.0  6.0  9
2546  0.0  0.0  12
2547  -2.0  2.0  11
2548  -2.0  2.0  11
2549  0.0  0.0  12
2550  0.0  0.0  75
2551  0.0  0.0  75
2552  -4.0  4.0  10
2553  -2.0  2.0  11
2554  -6.0  6.0  9
2555  -6.0  6.0  9
2556  0.0  0.0  12
2557  -4.0  4.0  10
2558  -6.0  6.0  9
2559  -2.0  2.0  11
2560  0.0  0.0  12
2561  -6.0  6.0  9
2562  -2.0  2.0  11
2563  -6.0  6.0  9
2564  -4.0  4.0  10
2565  -2.0  2.0  11
2566  -2.0  2.0  11
2567  -4.0  4.0  10
2568  -6.0  6.0  9
2569  -2.0  2.0  11
2570  -4.0  4.0  10
2571  -4.0  4.0  10
2572  -2.0  2.0  11
2573  -4.0  4.0  10
2574  -4.0  4.0  10
2575  -4.0  4.0  10
2576  -4.0  4.0  10
2577  -4.0  4.0  10
2578  0.0  0.0  75
2579  0.0  0.0  12
2580  0.0  0.0  75
2581  0.0  0.0  12
2582  -2.0  2.0  75
2583  -6.0  6.0  9
2584  -6.0  6.0  9
2585  -6.0  6.0  9
2586  -6.0  6.0  9
2587  -2.0  2.0  11
2588  -2.0  2.0  11
2589  -8.0  8.0  8
2590  -10.0  10.0  7
2591  -6.0  6.0  9
2592  0.0  0.0  12
2593  -2.0  2.0  11
2594  -2.0  2.0  11
2595  -2.0  2.0  11
2596  0.0  0.0  75
2597  0.0  0.0  12
2598  0.0  0.0  12
2599  -4.0  4.0  10
2600  -8.0  8.0  8
2601  0.0  0.0  75
2602  -4.0  4.0  10
2603  -2.0  2.0  11
2604  -4.0  4.0  10
2605  -2.0  2.0  11
2606  -2.0  2.0  75
2607  -4.0  4.0  10
2608  0.0  0.0  12
2609  0.0  0.0  75
2610  0.0  0.0  75
2611  -2.0  2.0  11
2612  -2.0  2.0  75
2613  0.0  0.0  12
2614  0.0  0.0  75
2615  -2.0  2.0  11
2616  -6.0  6.0  9
2617  -2.0  2.0  11
2618  -6.0  6.0  9
2619  -4.0  4.0  10
2620  -2.0  2.0  11
2621  0.0  0.0  12
2622  -4.0  4.0  10
2623  -4.0  4.0  10
2624  0.0  0.0  75
2625  -6.0  6.0  9
2626  0.0  0.0  12
2627  -4.0  4.0  10
2628  -2.0  2.0  75
2629  -4.0  4.0  10
2630  -4.0  4.0  10
2631  -4.0  4.0  10
2632  -6.0  6.0  9
2633  -4.0  4.0  10
2634  0.0  0.0  12
2635  -2.0  2.0  75
2636  0.0  0.0  12
2637  -4.0  4.0  10
2638  -2.0  2.0  11
2639  -2.0  2.0  11
2640  -2.0  2.0  11
2641  -6.0  6.0  9
2642  -2.0  2.0  11
2643  0.0  0.0  12
2644  -2.0  2.0  11
2645  -2.0  2.0  11
2646  -2.0  2.0  11
2647  -4.0  4.0  10
2648  -4.0  4.0  10
2649  -8.0  8.0  8
2650  0.0  0.0  12
2651  0.0  0.0  75
2652  0.0  0.0  75
2653  -4.0  4.0  10
2654  -2.0  2.0  11
2655  0.0  0.0  12
2656  -8.0  8.0  8
2657  -8.0  8.0  8
2658  0.0  0.0  12
2659  0.0  0.0  75
2660  -2.0  2.0  11
2661  -4.0  4.0  10
2662  -2.0  2.0  11
2663  0.0  0.0  12
2664  -4.0  4.0  10
2665  -2.0  2.0  11
2666  -2.0  2.0  11
2667  0.0  0.0  75
2668  -6.0  6.0  9
2669  -2.0  2.0  11
2670  -2.0  2.0  11
2671  0.0  0.0  75
2672  -4.0  4.0  10
2673  0.0  0.0  12
2674  -2.0  2.0  11
2675  -6.0  6.0  9
2676  -4.0  4.0  10
2677  -2.0  2.0  11
2678  0.0  0.0  12
2679  0.0  0.0  75
2680  -6.0  6.0  9
2681  -6.0  6.0  9
2682  0.0  0.0  75
2683  -6.0  6.0  9
2684  -6.0  6.0  9
2685  -2.0  2.0  11
2686  0.0  0.0  12
2687  -6.0  6.0  9
2688  0.0  0.0  12
2689  -6.0  6.0  9
2690  0.0  0.0  75
2691  -4.0  4.0  10
2692  0.0  0.0  12
2693  -4.0  4.0  10
2694  -4.0  4.0  10
2695  -6.0  6.0  9
2696  0.0  0.0  75
2697  -6.0  6.0  9
2698  -4.0  4.0  10
2699  -2.0  2.0  11
2700  -2.0  2.0  11
2701  0.0  0.0  75
2702  0.0  0.0  75
2703  -2.0  2.0  11
2704  -2.0  2.0  11
2705  -4.0  4.0  10
2706  0.0  0.0  12
2707  0.0  0.0  75
2708  0.0  0.0  75
2709  -2.0  2.0  11
2710  0.0  0.0  12
2711  0.0  0.0  75
2712  0.0  0.0  75
2713  0.0  0.0  75
2714  -8.0  8.0  8
2715  -2.0  2.0  11
2716  -8.0  8.0  8
2717  0.0  0.0  75
2718  -4.0  4.0  10
2719  -2.0  2.0  11
2720  -8.0  8.0  8
2721  -2.0  2.0  11
2722  0.0  0.0  75
2723  0.0  0.0  12
2724  0.0  0.0  12
2725  -2.0  2.0  11
2726  -6.0  6.0  9
2727  0.0  0.0  75
2728  -6.0  6.0  9
2729  -2.0  2.0  75
2730  0.0  0.0  75
2731  -10.0  10.0  7
2732  -2.0  2.0  75
2733  0.0  0.0  75
2734  -4.0  4.0  10
2735  0.0  0.0  75
2736  -4.0  4.0  10
2737  -4.0  4.0  10
2738  0.0  0.0  12
2739  -6.0  6.0  9
2740  -2.0  2.0  75
2741  -2.0  2.0  11
2742  -4.0  4.0  10
2743  0.0  0.0  12
2744  -2.0  2.0  11
2745  0.0  0.0  75
2746  -2.0  2.0  11
2747  0.0  0.0  12
2748  -6.0  6.0  9
2749  -8.0  8.0  8
2750  0.0  0.0  12
2751  0.0  0.0  12
2752  -6.0  6.0  9
2753  0.0  0.0  12
2754  0.0  0.0  12
2755  -4.0  4.0  10
2756  0.0  0.0  75
2757  0.0  0.0  12
2758  -6.0  6.0  9
2759  -4.0  4.0  10
2760  0.0  0.0  12
2761  -6.0  6.0  9
2762  -2.0  2.0  11
2763  -2.0  2.0  11
2764  0.0  0.0  75
2765  0.0  0.0  12
2766  0.0  0.0  75
2767  -2.0  2.0  11
2768  -10.0  10.0  7
2769  0.0  0.0  75
2770  0.0  0.0  75
2771  0.0  0.0  75
2772  -4.0  4.0  10
2773  -4.0  4.0  10
2774  0.0  0.0  12
2775  -6.0  6.0  9
2776  0.0  0.0  75
2777  -8.0  8.0  8
2778  -2.0  2.0  11
2779  -4.0  4.0  10
2780  -2.0  2.0  11
2781  0.0  0.0  75
2782  0.0  0.0  75
2783  0.0  0.0  12
2784  -4.0  4.0  10
2785  -4.0  4.0  10
2786  -6.0  6.0  9
2787  0.0  0.0  75
2788  -2.0  2.0  11
2789  0.0  0.0  75
2790  0.0  0.0  75
2791  0.0  0.0  75
2792  -2.0  2.0  11
2793  0.0  0.0  75
2794  -2.0  2.0  11
2795  0.0  0.0  12
2796  0.0  0.0  75
2797  0.0  0.0  12
2798  -6.0  6.0  9
2799  -2.0  2.0  11
2800  0.0  0.0  75
2801  -4.0  4.0  10
2802  -4.0  4.0  10
2803  -2.0  2.0  11
2804  0.0  0.0  75
2805  -2.0  2.0  11
2806  -10.0  10.0  7
2807  -2.0  2.0  11
2808  -4.0  4.0  10
2809  0.0  0.0  12
2810  -2.0  2.0  11
2811  0.0  0.0  75
2812  0.0  0.0  12
2813  0.0  0.0  75
2814  -4.0  4.0  10
2815  -4.0  4.0  10
2816  0.0  0.0  12
2817  -2.0  2.0  11
2818  0.0  0.0  75
2819  -4.0  4.0  10
2820  -6.0  6.0  9
2821  -2.0  2.0  11
2822  0.0  0.0  12
2823  0.0  0.0  12
2824  -6.0  6.0  9
2825  0.0  0.0  75
2826  0.0  0.0  12
2827  0.0  0.0  75
2828  -2.0  2.0  11
2829  -6.0  6.0  9
2830  0.0  0.0  75
2831  -2.0  2.0  75
2832  -8.0  8.0  8
2833  -4.0  4.0  10
2834  -4.0  4.0  10
2835  0.0  0.0  75
2836  -2.0  2.0  11
2837  0.0  0.0  12
2838  -2.0  2.0  11
2839  -4.0  4.0  10
2840  -4.0  4.0  10
2841  -4.0  4.0  10
2842  -6.0  6.0  9
2843  0.0  0.0  75
2844  0.0  0.0  12
2845  0.0  0.0  12
2846  -4.0  4.0  10
2847  -2.0  2.0  11
2848  -6.0  6.0  9
2849  0.0  0.0  12
2850  -6.0  6.0  9
2851  0.0  0.0  12
2852  -8.0  8.0  8
2853  0.0  0.0  75
2854  -4.0  4.0  10
2855  -2.0  2.0  11
2856  -2.0  2.0  11
2857  0.0  0.0  75
2858  -2.0  2.0  75
2859  0.0  0.0  75
2860  -6.0  6.0  9
2861  0.0  0.0  12
2862  -2.0  2.0  11
2863  -2.0  2.0  11
2864  0.0  0.0  12
2865  0.0  0.0  12
2866  -2.0  2.0  75
2867  0.0  0.0  75
2868  -2.0  2.0  11
2869  0.0  0.0  75
2870  -2.0  2.0  11
2871  -2.0  2.0  11
2872  -2.0  2.0  11
2873  -2.0  2.0  11
2874  0.0  0.0  12
2875  0.0  0.0  75
2876  -4.0  4.0  10
2877  -4.0  4.0  10
2878  -2.0  2.0  11
2879  -2.0  2.0  11
2880  -2.0  2.0  11
2881  -4.0  4.0  10
2882  -4.0  4.0  10
2883  0.0  0.0  75
2884  -6.0  6.0  9
2885  -4.0  4.0  10
2886  -8.0  8.0  8
2887  0.0  0.0  75
2888  0.0  0.0  75
2889  -2.0  2.0  75
2890  -6.0  6.0  9
2891  -2.0  2.0  11
2892  -4.0  4.0  10
2893  -4.0  4.0  10
2894  -8.0  8.0  8
2895  0.0  0.0  75
2896  0.0  0.0  75
2897  0.0  0.0  75
2898  0.0  0.0  12
2899  -2.0  2.0  11
2900  0.0  0.0  75
2901  -2.0  2.0  11
2902  0.0  0.0  75
2903  -2.0  2.0  11
2904  -2.0  2.0  11
2905  0.0  0.0  12
2906  -2.0  2.0  11
2907  -2.0  2.0  11
2908  0.0  0.0  75
2909  0.0  0.0  12
2910  -2.0  2.0  11
2911  -4.0  4.0  10
2912  -8.0  8.0  8
2913  0.0  0.0  12
2914  0.0  0.0  12
2915  0.0  0.0  75
2916  -2.0  2.0  11
2917  0.0  0.0  75
2918  -6.0  6.0  9
2919  -6.0  6.0  9
2920  0.0  0.0  12
2921  -2.0  2.0  11
2922  -2.0  2.0  11
2923  -4.0  4.0  10
2924  -2.0  2.0  11
2925  0.0  0.0  12
2926  -2.0  2.0  11
2927  0.0  0.0  75
2928  -2.0  2.0  11
2929  0.0  0.0  12
2930  0.0  0.0  12
2931  -6.0  6.0  9
2932  -2.0  2.0  11
2933  -2.0  2.0  75
2934  -6.0  6.0  9
2935  0.0  0.0  75
2936  0.0  0.0  12
2937  -6.0  6.0  9
2938  -2.0  2.0  75
2939  0.0  0.0  75
2940  -4.0  4.0  10
2941  -2.0  2.0  11
2942  -8.0  8.0  8
2943  -2.0  2.0  75
2944  0.0  0.0  75
2945  0.0  0.0  75
2946  -2.0  2.0  11
2947  0.0  0.0  12
2948  -2.0  2.0  11
2949  0.0  0.0  75
2950  -2.0  2.0  11
2951  0.0  0.0  12
2952  -2.0  2.0  11
2953  0.0  0.0  12
2954  -6.0  6.0  9
2955  -2.0  2.0  11
2956  0.0  0.0  75
2957  0.0  0.0  75
2958  0.0  0.0  75
2959  -2.0  2.0  11
2960  -2.0  2.0  11
2961  -4.0  4.0  10
2962  0.0  0.0  12
2963  0.0  0.0  75
2964  0.0  0.0  12
2965  -2.0  2.0  11
2966  -4.0  4.0  10
2967  -2.0  2.0  75
2968  -2.0  2.0  11
2969  -4.0  4.0  10
2970  -4.0  4.0  10
2971  0.0  0.0  75
2972  -4.0  4.0  10
2973  -6.0  6.0  9
2974  -2.0  2.0  11
2975  -8.0  8.0  8
2976  0.0  0.0  12
2977  -4.0  4.0  10
2978  -8.0  8.0  8
2979  -8.0  8.0  8
2980  -2.0  2.0  11
2981  0.0  0.0  12
2982  0.0  0.0  75
2983  0.0  0.0  12
2984  0.0  0.0  12
2985  0.0  0.0  75
2986  -2.0  2.0  75
2987  0.0  0.0  75
2988  0.0  0.0  75
2989  -4.0  4.0  10
2990  -6.0  6.0  9
2991  -2.0  2.0  11
2992  -4.0  4.0  10
2993  -2.0  2.0  11
2994  -2.0  2.0  11
2995  0.0  0.0  75
2996  -2.0  2.0  11
2997  -8.0  8.0  8
2998  0.0  0.0  75
2999  -4.0  4.0  10
3000  -8.0  8.0  8
3001  0.0  0.0  75
3002  -6.0  6.0  9
3003  -2.0  2.0  11
3004  -6.0  6.0  9
3005  -4.0  4.0  10
3006  0.0  0.0  12
3007  -4.0  4.0  10
3008  -10.0  10.0  7
3009  0.0  0.0  12
3010  0.0  0.0  12
3011  -6.0  6.0  9
3012  0.0  0.0  12
3013  0.0  0.0  75
3014  0.0  0.0  75
3015  -6.0  6.0  9
3016  0.0  0.0  12
3017  -4.0  4.0  10
3018  -6.0  6.0  9
3019  -4.0  4.0  10
3020  0.0  0.0  12
3021  -6.0  6.0  9
3022  -6.0  6.0  9
3023  -2.0  2.0  11
3024  -4.0  4.0  10
3025  -2.0  2.0  11
3026  -4.0  4.0  10
3027  -6.0  6.0  9
3028  -2.0  2.0  11
3029  -2.0  2.0  11
3030  -2.0  2.0  11
3031  0.0  0.0  75
3032  0.0  0.0  12
3033  -2.0  2.0  11
3034  0.0  0.0  75
3035  0.0  0.0  75
3036  -2.0  2.0  11
3037  -6.0  6.0  9
3038  0.0  0.0  75
3039  0.0  0.0  75
3040  -4.0  4.0  10
3041  0.0  0.0  75
3042  -6.0  6.0  9
3043  -2.0  2.0  11
3044  -8.0  8.0  8
3045  -4.0  4.0  10
3046  0.0  0.0  75
3047  0.0  0.0  75
3048  -2.0  2.0  11
3049  -2.0  2.0  11
3050  -2.0  2.0  11
3051  0.0  0.0  75
3052  -2.0  2.0  11
3053  -2.0  2.0  11
3054  -2.0  2.0  11
3055  0.0  0.0  12
3056  0.0  0.0  75
3057  0.0  0.0  75
3058  -6.0  6.0  9
3059  0.0  0.0  12
3060  0.0  0.0  75
3061  -2.0  2.0  11
3062  -2.0  2.0  11
3063  -2.0  2.0  75
3064  -2.0  2.0  11
3065  -2.0  2.0  11
3066  -6.0  6.0  9
3067  -4.0  4.0  10
3068  0.0  0.0  12
3069  -2.0  2.0  11
3070  -2.0  2.0  11
3071  -2.0  2.0  11
3072  -6.0  6.0  9
3073  -4.0  4.0  10
3074  0.0  0.0  75
3075  0.0  0.0  75
3076  -4.0  4.0  10
3077  -6.0  6.0  9
3078  -2.0  2.0  11
3079  0.0  0.0  12
3080  0.0  0.0  12
3081  -6.0  6.0  9
3082  -2.0  2.0  11
3083  0.0  0.0  75
3084  0.0  0.0  12
3085  0.0  0.0  75
3086  -6.0  6.0  9
3087  0.0  0.0  75
3088  -4.0  4.0  10
3089  -4.0  4.0  10
3090  -2.0  2.0  11
3091  0.0  0.0  75
3092  -2.0  2.0  11
3093  -2.0  2.0  11
3094  -4.0  4.0  10
3095  0.0  0.0  12
3096  -4.0  4.0  10
3097  0.0  0.0  75
3098  -2.0  2.0  11
3099  0.0  0.0  75
3100  -6.0  6.0  9
3101  -2.0  2.0  11
3102  -2.0  2.0  11
3103  0.0  0.0  75
3104  0.0  0.0  75
3105  -2.0  2.0  75
3106  -6.0  6.0  9
3107  -2.0  2.0  11
3108  -4.0  4.0  10
3109  -2.0  2.0  75
3110  0.0  0.0  75
3111  -4.0  4.0  10
3112  0.0  0.0  75
3113  0.0  0.0  75
3114  -2.0  2.0  11
3115  0.0  0.0  75
3116  -2.0  2.0  11
3117  0.0  0.0  75
3118  -2.0  2.0  11
3119  -2.0  2.0  11
3120  -2.0  2.0  11
3121  -4.0  4.0  10
3122  -4.0  4.0  10
3123  -6.0  6.0  9
3124  -4.0  4.0  10
3125  -8.0  8.0  8
3126  -4.0  4.0  10
3127  0.0  0.0  75
3128  -2.0  2.0  11
3129  -2.0  2.0  11
3130  0.0  0.0  12
3131  -6.0  6.0  9
3132  0.0  0.0  12
3133  -2.0  2.0  11
3134  -2.0  2.0  11
3135  0.0  0.0  12
3136  -6.0  6.0  9
3137  -4.0  4.0  10
3138  0.0  0.0  12
3139  0.0  0.0  75
3140  0.0  0.0  75
3141  0.0  0.0  75
3142  0.0  0.0  75
3143  -2.0  2.0  11
3144  -6.0  6.0  9
3145  0.0  0.0  12
3146  -2.0  2.0  11
3147  0.0  0.0  75
3148  -6.0  6.0  9
3149  -2.0  2.0  11
3150  -2.0  2.0  75
3151  0.0  0.0  75
3152  -6.0  6.0  9
3153  -4.0  4.0  10
3154  0.0  0.0  75
3155  -2.0  2.0  11
3156  -6.0  6.0  9
3157  0.0  0.0  12
3158  0.0  0.0  12
3159  -4.0  4.0  10
3160  0.0  0.0  12
3161  0.0  0.0  75
3162  0.0  0.0  12
3163  -2.0  2.0  11
3164  -6.0  6.0  9
3165  -8.0  8.0  8
3166  0.0  0.0  12
3167  -6.0  6.0  9
3168  -6.0  6.0  9
3169  0.0  0.0  75
3170  -4.0  4.0  10
3171  -6.0  6.0  9
3172  0.0  0.0  75
3173  -2.0  2.0  75
3174  -6.0  6.0  9
3175  -4.0  4.0  10
3176  -2.0  2.0  11
3177  0.0  0.0  75
3178  0.0  0.0  12
3179  -2.0  2.0  11
3180  -2.0  2.0  75
3181  -4.0  4.0  10
3182  0.0  0.0  75
3183  0.0  0.0  12
3184  -4.0  4.0  10
3185  0.0  0.0  75
3186  -8.0  8.0  8
3187  0.0  0.0  12
3188  0.0  0.0  12
3189  0.0  0.0  75
3190  -4.0  4.0  10
3191  0.0  0.0  75
3192  -2.0  2.0  11
3193  -2.0  2.0  75
3194  -2.0  2.0  11
3195  0.0  0.0  12
3196  0.0  0.0  75
3197  -4.0  4.0  10
3198  0.0  0.0  75
3199  -2.0  2.0  11
3200  -2.0  2.0  11
3201  0.0  0.0  75
3202  0.0  0.0  12
3203  0.0  0.0  75
3204  0.0  0.0  75
3205  0.0  0.0  12
3206  -2.0  2.0  11
3207  -2.0  2.0  11
3208  0.0  0.0  12
3209  -2.0  2.0  11
3210  -2.0  2.0  11
3211  -2.0  2.0  11
3212  -2.0  2.0  11
3213  0.0  0.0  12
3214  -4.0  4.0  10
3215  0.0  0.0  12
3216  -2.0  2.0  11
3217  -2.0  2.0  11
3218  0.0  0.0  75
3219  -4.0  4.0  10
3220  0.0  0.0  12
3221  -2.0  2.0  11
3222  -2.0  2.0  11
3223  -4.0  4.0  10
3224  -2.0  2.0  11
3225  -4.0  4.0  10
3226  -2.0  2.0  11
3227  -6.0  6.0  9
3228  0.0  0.0  12
3229  0.0  0.0  75
3230  -2.0  2.0  11
3231  0.0  0.0  12
3232  -4.0  4.0  10
3233  -2.0  2.0  11
3234  -8.0  8.0  8
3235  -4.0  4.0  10
3236  -2.0  2.0  75
3237  0.0  0.0  75
3238  0.0  0.0  12
3239  -4.0  4.0  10
3240  -6.0  6.0  9
3241  0.0  0.0  75
3242  -4.0  4.0  10
3243  -4.0  4.0  10
3244  -2.0  2.0  11
3245  -2.0  2.0  75
3246  0.0  0.0  12
3247  0.0  0.0  75
3248  0.0  0.0  12
3249  -2.0  2.0  11
3250  0.0  0.0  12
3251  -2.0  2.0  11
3252  -2.0  2.0  11
3253  0.0  0.0  75
3254  -6.0  6.0  9
3255  -4.0  4.0  10
3256  -2.0  2.0  11
3257  0.0  0.0  12
3258  0.0  0.0  75
3259  -4.0  4.0  10
3260  -2.0  2.0  11
3261  -6.0  6.0  9
3262  -2.0  2.0  11
3263  -6.0  6.0  9
3264  -2.0  2.0  11
3265  -6.0  6.0  9
3266  0.0  0.0  75
3267  -4.0  4.0  10
3268  0.0  0.0  12
3269  -2.0  2.0  11
3270  0.0  0.0  75
3271  -4.0  4.0  10
3272  0.0  0.0  75
3273  -6.0  6.0  9
3274  0.0  0.0  75
3275  -4.0  4.0  10
3276  0.0  0.0  75
3277  0.0  0.0  12
3278  0.0  0.0  12
3279  -2.0  2.0  11
3280  -4.0  4.0  10
3281  -2.0  2.0  11
3282  0.0  0.0  75
3283  -2.0  2.0  11
3284  -6.0  6.0  9
3285  -6.0  6.0  9
3286  -2.0  2.0  11
3287  -6.0  6.0  9
3288  0.0  0.0  12
3289  -4.0  4.0  10
3290  -2.0  2.0  11
3291  -6.0  6.0  9
3292  -4.0  4.0  10
3293  -2.0  2.0  11
3294  0.0  0.0  75
3295  -2.0  2.0  11
3296  -2.0  2.0  11
3297  -6.0  6.0  9
3298  0.0  0.0  75
3299  -2.0  2.0  11
3300  0.0  0.0  12
3301  -8.0  8.0  8
3302  -2.0  2.0  11
3303  -2.0  2.0  11
3304  -4.0  4.0  10
3305  0.0  0.0  75
3306  -4.0  4.0  10
3307  0.0  0.0  75
3308  -6.0  6.0  9
3309  -4.0  4.0  10
3310  -2.0  2.0  11
3311  -4.0  4.0  10
3312  0.0  0.0  75
3313  -2.0  2.0  11
3314  -4.0  4.0  10
3315  -6.0  6.0  9
3316  0.0  0.0  12
3317  -8.0  8.0  8
3318  -4.0  4.0  10
3319  -2.0  2.0  11
3320  -2.0  2.0  11
3321  -2.0  2.0  11
3322  -4.0  4.0  10
3323  0.0  0.0  75
3324  0.0  0.0  12
3325  0.0  0.0  12
3326  -2.0  2.0  11
3327  -6.0  6.0  9
3328  -6.0  6.0  9
3329  0.0  0.0  12
3330  -2.0  2.0  11
3331  -8.0  8.0  8
3332  0.0  0.0  12
3333  0.0  0.0  12
3334  0.0  0.0  75
3335  0.0  0.0  12
3336  0.0  0.0  12
3337  -2.0  2.0  75
3338  -4.0  4.0  10
3339  -4.0  4.0  10
3340  -2.0  2.0  11
3341  0.0  0.0  75
3342  -2.0  2.0  75
3343  -6.0  6.0  9
3344  -2.0  2.0  11
3345  -2.0  2.0  11
3346  0.0  0.0  75
3347  0.0  0.0  12
3348  0.0  0.0  75
3349  0.0  0.0  12
3350  0.0  0.0  75
3351  -2.0  2.0  11
3352  -2.0  2.0  11
3353  -2.0  2.0  11
3354  -2.0  2.0  11
3355  -6.0  6.0  9
3356  0.0  0.0  75
3357  -4.0  4.0  10
3358  0.0  0.0  75
3359  0.0  0.0  75
3360  -6.0  6.0  9
3361  0.0  0.0  75
3362  -6.0  6.0  9
3363  0.0  0.0  75
3364  -8.0  8.0  8
3365  -4.0  4.0  10
3366  0.0  0.0  12
3367  -8.0  8.0  8
3368  -2.0  2.0  11
3369  -4.0  4.0  10
3370  0.0  0.0  12
3371  0.0  0.0  12
3372  -2.0  2.0  11
3373  0.0  0.0  12
3374  -4.0  4.0  10
3375  -2.0  2.0  75
3376  -6.0  6.0  9
3377  -2.0  2.0  11
3378  0.0  0.0  12
3379  -2.0  2.0  11
3380  0.0  0.0  75
3381  -2.0  2.0  11
3382  -4.0  4.0  10
3383  0.0  0.0  75
3384  0.0  0.0  75
3385  0.0  0.0  75
3386  -2.0  2.0  11
3387  -4.0  4.0  10
3388  0.0  0.0  12
3389  0.0  0.0  75
3390  0.0  0.0  75
3391  -2.0  2.0  11
3392  -8.0  8.0  8
3393  -2.0  2.0  11
3394  -6.0  6.0  9
3395  -4.0  4.0  10
3396  0.0  0.0  12
3397  0.0  0.0  75
3398  0.0  0.0  75
3399  0.0  0.0  75
3400  -2.0  2.0  11
3401  -2.0  2.0  11
3402  -2.0  2.0  11
3403  -2.0  2.0  11
3404  0.0  0.0  75
3405  -4.0  4.0  10
3406  -2.0  2.0  11
3407  -4.0  4.0  10
3408  0.0  0.0  12
3409  -4.0  4.0  10
3410  0.0  0.0  75
3411  0.0  0.0  75
3412  0.0  0.0  12
3413  -6.0  6.0  9
3414  -2.0  2.0  11
3415  -2.0  2.0  11
3416  -6.0  6.0  9
3417  0.0  0.0  12
3418  -4.0  4.0  10
3419  -2.0  2.0  11
3420  -4.0  4.0  10
3421  0.0  0.0  75
3422  0.0  0.0  75
3423  0.0  0.0  12
3424  -2.0  2.0  11
3425  0.0  0.0  12
3426  0.0  0.0  75
3427  0.0  0.0  12
3428  0.0  0.0  75
3429  0.0  0.0  12
3430  0.0  0.0  75
3431  0.0  0.0  75
3432  -10.0  10.0  7
3433  0.0  0.0  12
3434  -4.0  4.0  10
3435  0.0  0.0  75
3436  -8.0  8.0  8
3437  -4.0  4.0  10
3438  -4.0  4.0  10
3439  0.0  0.0  12
3440  0.0  0.0  75
3441  0.0  0.0  75
3442  -4.0  4.0  10
3443  -4.0  4.0  10
3444  -6.0  6.0  9
3445  -2.0  2.0  11
3446  -6.0  6.0  9
3447  0.0  0.0  12
3448  0.0  0.0  75
3449  0.0  0.0  12
3450  -2.0  2.0  11
3451  0.0  0.0  75
3452  -6.0  6.0  9
3453  -4.0  4.0  10
3454  0.0  0.0  12
3455  -6.0  6.0  9
3456  0.0  0.0  12
3457  -2.0  2.0  11
3458  0.0  0.0  75
3459  -8.0  8.0  8
3460  -4.0  4.0  10
3461  -4.0  4.0  10
3462  0.0  0.0  12
3463  -2.0  2.0  11
3464  -2.0  2.0  11
3465  -4.0  4.0  10
3466  0.0  0.0  75
3467  -6.0  6.0  9
3468  -4.0  4.0  10
3469  0.0  0.0  12
3470  0.0  0.0  75
3471  0.0  0.0  75
3472  0.0  0.0  75
3473  -2.0  2.0  11
3474  -4.0  4.0  10
3475  -4.0  4.0  10
3476  -2.0  2.0  75
3477  -2.0  2.0  11
3478  0.0  0.0  12
3479  -2.0  2.0  11
3480  -2.0  2.0  11
3481  0.0  0.0  75
3482  -6.0  6.0  9
3483  -2.0  2.0  11
3484  -6.0  6.0  9
3485  -2.0  2.0  11
3486  0.0  0.0  12
3487  -2.0  2.0  11
3488  -4.0  4.0  10
3489  -4.0  4.0  10
3490  0.0  0.0  12
3491  -6.0  6.0  9
3492  0.0  0.0  12
3493  -2.0  2.0  11
3494  -2.0  2.0  11
3495  0.0  0.0  75
3496  0.0  0.0  12
3497  0.0  0.0  12
3498  0.0  0.0  12
3499  -4.0  4.0  10
3500  0.0  0.0  12
3501  0.0  0.0  75
3502  0.0  0.0  12
3503  0.0  0.0  12
3504  0.0  0.0  75
3505  -4.0  4.0  10
3506  -10.0  10.0  7
3507  -2.0  2.0  11
3508  -4.0  4.0  10
3509  -2.0  2.0  11
3510  0.0  0.0  75
3511  0.0  0.0  75
3512  -2.0  2.0  11
3513  -2.0  2.0  11
3514  0.0  0.0  75
3515  -4.0  4.0  10
3516  -2.0  2.0  11
3517  0.0  0.0  75
3518  0.0  0.0  12
3519  0.0  0.0  12
3520  0.0  0.0  75
3521  0.0  0.0  75
3522  -2.0  2.0  11
3523  -4.0  4.0  10
3524  -2.0  2.0  11
3525  -6.0  6.0  9
3526  -2.0  2.0  11
3527  0.0  0.0  12
3528  -2.0  2.0  11
3529  0.0  0.0  75
3530  0.0  0.0  75
3531  -4.0  4.0  10
3532  -4.0  4.0  10
3533  -2.0  2.0  75
3534  0.0  0.0  12
3535  -2.0  2.0  11
3536  -2.0  2.0  11
3537  -2.0  2.0  11
3538  0.0  0.0  12
3539  0.0  0.0  75
3540  0.0  0.0  75
3541  -2.0  2.0  11
3542  0.0  0.0  75
3543  -2.0  2.0  11
3544  -4.0  4.0  10
3545  0.0  0.0  75
3546  -4.0  4.0  10
3547  -2.0  2.0  11
3548  -6.0  6.0  9
3549  -6.0  6.0  9
3550  -2.0  2.0  11
3551  0.0  0.0  75
3552  -2.0  2.0  75
3553  -2.0  2.0  11
3554  0.0  0.0  12
3555  -4.0  4.0  10
3556  0.0  0.0  12
3557  -10.0  10.0  7
3558  0.0  0.0  12
3559  -4.0  4.0  10
3560  0.0  0.0  75
3561  0.0  0.0  12
3562  -6.0  6.0  9
3563  -8.0  8.0  8
3564  0.0  0.0  75
3565  -2.0  2.0  75
3566  0.0  0.0  75
3567  0.0  0.0  12
3568  -2.0  2.0  11
3569  0.0  0.0  12
3570  -4.0  4.0  10
3571  -2.0  2.0  11
3572  -4.0  4.0  10
3573  0.0  0.0  75
3574  -8.0  8.0  8
3575  0.0  0.0  75
3576  -6.0  6.0  9
3577  0.0  0.0  12
3578  -2.0  2.0  11
3579  -2.0  2.0  11
3580  0.0  0.0  12
3581  -6.0  6.0  9
3582  -6.0  6.0  9
3583  0.0  0.0  12
3584  0.0  0.0  75
3585  0.0  0.0  75
3586  -4.0  4.0  10
3587  -6.0  6.0  9
3588  0.0  0.0  12
3589  -2.0  2.0  11
3590  -2.0  2.0  11
3591  -6.0  6.0  9
3592  -2.0  2.0  11
3593  -4.0  4.0  10
3594  -6.0  6.0  9
3595  0.0  0.0  75
3596  -6.0  6.0  9
3597  0.0  0.0  75
3598  0.0  0.0  75
3599  -4.0  4.0  10
3600  0.0  0.0  75
3601  0.0  0.0  75
3602  -6.0  6.0  9
3603  -6.0  6.0  9
3604  0.0  0.0  75
3605  -6.0  6.0  9
3606  -2.0  2.0  11
3607  0.0  0.0  75
3608  -2.0  2.0  11
3609  -10.0  10.0  7
3610  -6.0  6.0  9
3611  0.0  0.0  12
3612  0.0  0.0  75
3613  0.0  0.0  12
3614  0.0  0.0  75
3615  -4.0  4.0  10
3616  0.0  0.0  75
3617  -4.0  4.0  10
3618  -2.0  2.0  11
3619  -4.0  4.0  10
3620  0.0  0.0  12
3621  0.0  0.0  12
3622  -2.0  2.0  75
3623  0.0  0.0  75
3624  0.0  0.0  75
3625  -4.0  4.0  10
3626  -8.0  8.0  8
3627  0.0  0.0  75
3628  0.0  0.0  12
3629  -6.0  6.0  9
3630  0.0  0.0  75
3631  0.0  0.0  12
3632  0.0  0.0  75
3633  -4.0  4.0  10
3634  0.0  0.0  12
3635  0.0  0.0  12
3636  -4.0  4.0  10
3637  -4.0  4.0  10
3638  -2.0  2.0  75
3639  -2.0  2.0  11
3640  -8.0  8.0  8
3641  -4.0  4.0  10
3642  -2.0  2.0  11
3643  0.0  0.0  12
3644  0.0  0.0  75
3645  -6.0  6.0  9
3646  0.0  0.0  12
3647  0.0  0.0  12
3648  0.0  0.0  12
3649  -6.0  6.0  9
3650  0.0  0.0  75
3651  0.0  0.0  75
3652  -6.0  6.0  9
3653  -2.0  2.0  11
3654  -2.0  2.0  11
3655  0.0  0.0  12
3656  -6.0  6.0  9
3657  -4.0  4.0  10
3658  0.0  0.0  75
3659  -2.0  2.0  11
3660  -8.0  8.0  8
3661  -6.0  6.0  9
3662  -4.0  4.0  10
3663  -2.0  2.0  11
3664  -2.0  2.0  11
3665  -2.0  2.0  11
3666  0.0  0.0  12
3667  -2.0  2.0  75
3668  0.0  0.0  12
3669  -6.0  6.0  9
3670  -4.0  4.0  10
3671  -6.0  6.0  9
3672  -2.0  2.0  11
3673  -2.0  2.0  11
3674  -4.0  4.0  10
3675  0.0  0.0  12
3676  0.0  0.0  12
3677  0.0  0.0  75
3678  0.0  0.0  12
3679  0.0  0.0  75
3680  0.0  0.0  12
3681  -10.0  10.0  7
3682  0.0  0.0  75
3683  0.0  0.0  12
3684  -2.0  2.0  11
3685  -2.0  2.0  11
3686  -2.0  2.0  11
3687  -6.0  6.0  9
3688  -2.0  2.0  11
3689  0.0  0.0  75
3690  0.0  0.0  75
3691  0.0  0.0  12
3692  -2.0  2.0  11
3693  -8.0  8.0  8
3694  -4.0  4.0  10
3695  0.0  0.0  75
3696  0.0  0.0  12
3697  -6.0  6.0  9
3698  0.0  0.0  75
3699  -8.0  8.0  8
3700  -4.0  4.0  10
3701  -6.0  6.0  9
3702  -2.0  2.0  11
3703  -4.0  4.0  10
3704  0.0  0.0  75
3705  0.0  0.0  12
3706  -2.0  2.0  11
3707  -2.0  2.0  11
3708  -2.0  2.0  11
3709  -4.0  4.0  10
3710  0.0  0.0  75
3711  -8.0  8.0  8
3712  -4.0  4.0  10
3713  -2.0  2.0  11
3714  -2.0  2.0  11
3715  0.0  0.0  12
3716  -6.0  6.0  9
3717  -4.0  4.0  10
3718  -2.0  2.0  11
3719  -2.0  2.0  11
3720  -2.0  2.0  11
3721  0.0  0.0  12
3722  0.0  0.0  75
3723  -8.0  8.0  8
3724  0.0  0.0  12
3725  -2.0  2.0  11
3726  -6.0  6.0  9
3727  -4.0  4.0  10
3728  -4.0  4.0  10
3729  -6.0  6.0  9
3730  -4.0  4.0  10
3731  -2.0  2.0  11
3732  -2.0  2.0  11
3733  -8.0  8.0  8
3734  0.0  0.0  12
3735  0.0  0.0  75
3736  -8.0  8.0  8
3737  -2.0  2.0  11
3738  -4.0  4.0  10
3739  -6.0  6.0  9
3740  -2.0  2.0  11
3741  -6.0  6.0  9
3742  -2.0  2.0  11
3743  -2.0  2.0  11
3744  -4.0  4.0  10
3745  0.0  0.0  75
3746  -4.0  4.0  10
3747  -6.0  6.0  9
3748  -2.0  2.0  11
3749  -10.0  10.0  7
3750  0.0  0.0  12
3751  -2.0  2.0  11
3752  -2.0  2.0  11
3753  -2.0  2.0  11
3754  -4.0  4.0  10
3755  -2.0  2.0  11
3756  -6.0  6.0  9
3757  0.0  0.0  12
3758  -4.0  4.0  10
3759  -2.0  2.0  75
3760  -2.0  2.0  11
3761  0.0  0.0  75
3762  -8.0  8.0  8
3763  -4.0  4.0  10
3764  -6.0  6.0  9
3765  -4.0  4.0  10
3766  -2.0  2.0  11
3767  -4.0  4.0  10
3768  -2.0  2.0  11
3769  0.0  0.0  12
3770  -2.0  2.0  11
3771  -6.0  6.0  9
3772  0.0  0.0  12
3773  -2.0  2.0  11
3774  -2.0  2.0  11
3775  0.0  0.0  75
3776  -2.0  2.0  11
3777  -6.0  6.0  9
3778  -6.0  6.0  9
3779  -2.0  2.0  11
3780  0.0  0.0  75
3781  -2.0  2.0  11
3782  0.0  0.0  12
3783  -6.0  6.0  9
3784  -2.0  2.0  11
3785  -4.0  4.0  10
3786  -4.0  4.0  10
3787  0.0  0.0  12
3788  0.0  0.0  12
3789  -2.0  2.0  11
3790  0.0  0.0  12
3791  -2.0  2.0  75
3792  0.0  0.0  75
3793  -4.0  4.0  10
3794  0.0  0.0  12
3795  -6.0  6.0  9
3796  -6.0  6.0  9
3797  -4.0  4.0  10
3798  0.0  0.0  75
3799  0.0  0.0  12
3800  -4.0  4.0  10
3801  -6.0  6.0  9
3802  -2.0  2.0  11
3803  -2.0  2.0  75
3804  0.0  0.0  75
3805  0.0  0.0  75
3806  -2.0  2.0  11
3807  -2.0  2.0  11
3808  -4.0  4.0  10
3809  -6.0  6.0  9
3810  0.0  0.0  12
3811  -4.0  4.0  10
3812  0.0  0.0  12
3813  -2.0  2.0  11
3814  0.0  0.0  75
3815  -2.0  2.0  11
3816  -6.0  6.0  9
3817  -2.0  2.0  11
3818  -6.0  6.0  9
3819  0.0  0.0  75
3820  0.0  0.0  75
3821  0.0  0.0  12
3822  0.0  0.0  12
3823  -4.0  4.0  10
3824  -4.0  4.0  10
3825  0.0  0.0  75
3826  0.0  0.0  75
3827  -2.0  2.0  11
3828  -8.0  8.0  8
3829  0.0  0.0  12
3830  -2.0  2.0  11
3831  -2.0  2.0  11
3832  -4.0  4.0  10
3833  0.0  0.0  12
3834  0.0  0.0  12
3835  -2.0  2.0  11
3836  -2.0  2.0  11
3837  0.0  0.0  75
3838  -4.0  4.0  10
3839  -2.0  2.0  11
3840  0.0  0.0  75
3841  -4.0  4.0  10
3842  -2.0  2.0  11
3843  -2.0  2.0  75
3844  -2.0  2.0  11
3845  0.0  0.0  75
3846  0.0  0.0  12
3847  0.0  0.0  75
3848  -8.0  8.0  8
3849  -2.0  2.0  11
3850  0.0  0.0  75
3851  -2.0  2.0  11
3852  0.0  0.0  75
3853  -6.0  6.0  9
3854  0.0  0.0  12
3855  -2.0  2.0  11
3856  -6.0  6.0  9
3857  0.0  0.0  75
3858  -6.0  6.0  9
3859  0.0  0.0  75
3860  -4.0  4.0  10
3861  -2.0  2.0  11
3862  0.0  0.0  75
3863  -6.0  6.0  9
3864  0.0  0.0  12
3865  -4.0  4.0  10
3866  -6.0  6.0  9
3867  -2.0  2.0  11
3868  -2.0  2.0  11
3869  -6.0  6.0  9
3870  -6.0  6.0  9
3871  -2.0  2.0  11
3872  -2.0  2.0  11
3873  -6.0  6.0  9
3874  -4.0  4.0  10
3875  -2.0  2.0  11
3876  0.0  0.0  12
3877  0.0  0.0  12
3878  -8.0  8.0  8
3879  -6.0  6.0  9
3880  -10.0  10.0  7
3881  -4.0  4.0  10
3882  -6.0  6.0  9
3883  -2.0  2.0  11
3884  0.0  0.0  12
3885  -6.0  6.0  9
3886  -6.0  6.0  9
3887  0.0  0.0  75
3888  -2.0  2.0  11
3889  -2.0  2.0  11
3890  -8.0  8.0  8
3891  -2.0  2.0  11
3892  -6.0  6.0  9
3893  0.0  0.0  75
3894  0.0  0.0  75
3895  0.0  0.0  12
3896  -2.0  2.0  11
3897  0.0  0.0  75
3898  -2.0  2.0  11
3899  -8.0  8.0  8
3900  -4.0  4.0  10
3901  0.0  0.0  75
3902  -10.0  10.0  7
3903  -2.0  2.0  11
3904  0.0  0.0  12
3905  -6.0  6.0  9
3906  0.0  0.0  75
3907  -2.0  2.0  11
3908  0.0  0.0  12
3909  -2.0  2.0  11
3910  0.0  0.0  75
3911  0.0  0.0  12
3912  -2.0  2.0  11
3913  0.0  0.0  75
3914  -2.0  2.0  11
3915  -4.0  4.0  10
3916  -4.0  4.0  10
3917  -4.0  4.0  10
3918  0.0  0.0  12
3919  -2.0  2.0  11
3920  -4.0  4.0  10
3921  0.0  0.0  75
3922  0.0  0.0  75
3923  -4.0  4.0  10
3924  -6.0  6.0  9
3925  0.0  0.0  12
3926  -2.0  2.0  11
3927  -4.0  4.0  10
3928  -2.0  2.0  11
3929  -4.0  4.0  10
3930  0.0  0.0  12
3931  -4.0  4.0  10
3932  -8.0  8.0  8
3933  -2.0  2.0  11
3934  -4.0  4.0  10
3935  -2.0  2.0  11
3936  -2.0  2.0  11
3937  -4.0  4.0  10
3938  -2.0  2.0  11
3939  -4.0  4.0  10
3940  -2.0  2.0  11
3941  0.0  0.0  12
3942  0.0  0.0  12
3943  0.0  0.0  12
3944  0.0  0.0  12
3945  -6.0  6.0  9
3946  -2.0  2.0  11
3947  -4.0  4.0  10
3948  0.0  0.0  75
3949  0.0  0.0  75
3950  -4.0  4.0  10
3951  -4.0  4.0  10
3952  -2.0  2.0  75
3953  -4.0  4.0  10
3954  0.0  0.0  12
3955  -2.0  2.0  11
3956  -4.0  4.0  10
3957  0.0  0.0  12
3958  -4.0  4.0  10
3959  -2.0  2.0  11
3960  -4.0  4.0  10
3961  -2.0  2.0  11
3962  0.0  0.0  75
3963  -4.0  4.0  10
3964  0.0  0.0  75
3965  0.0  0.0  12
3966  -6.0  6.0  9
3967  -8.0  8.0  8
3968  -2.0  2.0  11
3969  0.0  0.0  12
3970  0.0  0.0  75
3971  -2.0  2.0  11
3972  0.0  0.0  12
3973  -6.0  6.0  9
3974  0.0  0.0  12
3975  -2.0  2.0  11
3976  0.0  0.0  75
3977  0.0  0.0  75
3978  -2.0  2.0  11
3979  -6.0  6.0  9
3980  0.0  0.0  12
3981  -2.0  2.0  75
3982  0.0  0.0  12
3983  -2.0  2.0  11
3984  0.0  0.0  75
3985  0.0  0.0  75
3986  0.0  0.0  12
3987  -2.0  2.0  75
3988  -4.0  4.0  10
3989  0.0  0.0  12
3990  0.0  0.0  75
3991  0.0  0.0  75
3992  -6.0  6.0  9
3993  -6.0  6.0  9
3994  -2.0  2.0  11
3995  0.0  0.0  75
3996  0.0  0.0  75
3997  0.0  0.0  12
3998  -4.0  4.0  10
3999  0.0  0.0  12
4000  0.0  0.0  75
4001  0.0  0.0  12
4002  -6.0  6.0  9
4003  -2.0  2.0  75
4004  0.0  0.0  75
4005  -4.0  4.0  10
4006  -6.0  6.0  9
4007  -2.0  2.0  11
4008  -6.0  6.0  9
4009  -4.0  4.0  10
4010  -2.0  2.0  11
4011  0.0  0.0  75
4012  -2.0  2.0  11
4013  -6.0  6.0  9
4014  -4.0  4.0  10
4015  0.0  0.0  75
4016  -2.0  2.0  11
4017  0.0  0.0  75
4018  -4.0  4.0  10
4019  0.0  0.0  75
4020  0.0  0.0  12
4021  -2.0  2.0  11
4022  -2.0  2.0  11
4023  -2.0  2.0  75
4024  -4.0  4.0  10
4025  0.0  0.0  12
4026  -6.0  6.0  9
4027  0.0  0.0  75
4028  -6.0  6.0  9
4029  -2.0  2.0  11
4030  -2.0  2.0  11
4031  -2.0  2.0  11
4032  -2.0  2.0  11
4033  0.0  0.0  75
4034  -2.0  2.0  11
4035  -4.0  4.0  10
4036  0.0  0.0  75
4037  0.0  0.0  75
4038  -6.0  6.0  9
4039  0.0  0.0  75
4040  -4.0  4.0  10
4041  0.0  0.0  12
4042  0.0  0.0  12
4043  -6.0  6.0  9
4044  0.0  0.0  75
4045  0.0  0.0  75
4046  -2.0  2.0  11
4047  -6.0  6.0  9
4048  -4.0  4.0  10
4049  -8.0  8.0  8
4050  0.0  0.0  12
4051  -6.0  6.0  9
4052  -4.0  4.0  10
4053  -2.0  2.0  11
4054  -2.0  2.0  11
4055  0.0  0.0  75
4056  -12.0  12.0  6
4057  -2.0  2.0  11
4058  -6.0  6.0  9
4059  0.0  0.0  12
4060  -6.0  6.0  9
4061  0.0  0.0  75
4062  -6.0  6.0  9
4063  0.0  0.0  12
4064  -4.0  4.0  10
4065  0.0  0.0  75
4066  0.0  0.0  12
4067  -2.0  2.0  11
4068  -8.0  8.0  8
4069  -4.0  4.0  10
4070  0.0  0.0  75
4071  -6.0  6.0  9
4072  0.0  0.0  75
4073  0.0  0.0  75
4074  0.0  0.0  75
4075  -6.0  6.0  9
4076  -4.0  4.0  10
4077  0.0  0.0  75
4078  -4.0  4.0  10
4079  0.0  0.0  75
4080  -2.0  2.0  11
4081  -2.0  2.0  11
4082  -4.0  4.0  10
4083  -2.0  2.0  11
4084  -4.0  4.0  10
4085  0.0  0.0  75
4086  -4.0  4.0  10
4087  0.0  0.0  75
4088  -6.0  6.0  9
4089  -4.0  4.0  10
4090  -2.0  2.0  11
4091  -2.0  2.0  11
4092  0.0  0.0  75
4093  0.0  0.0  75
4094  -2.0  2.0  11
4095  -8.0  8.0  8
4096  0.0  0.0  12
4097  0.0  0.0  12
4098  -2.0  2.0  75
4099  0.0  0.0  75
4100  -8.0  8.0  8
4101  -2.0  2.0  11
4102  -6.0  6.0  9
4103  -4.0  4.0  10
4104  -4.0  4.0  10
4105  -8.0  8.0  8
4106  0.0  0.0  12
4107  -4.0  4.0  10
4108  -4.0  4.0  10
4109  -6.0  6.0  9
4110  0.0  0.0  12
4111  -6.0  6.0  9
4112  0.0  0.0  12
4113  -2.0  2.0  11
4114  0.0  0.0  12
4115  0.0  0.0  75
4116  -4.0  4.0  10
4117  -6.0  6.0  9
4118  -6.0  6.0  9
4119  -2.0  2.0  11
4120  -8.0  8.0  8
4121  0.0  0.0  75
4122  -4.0  4.0  10
4123  0.0  0.0  12
4124  0.0  0.0  12
4125  -6.0  6.0  9
4126  -2.0  2.0  11
4127  -6.0  6.0  9
4128  0.0  0.0  12
4129  -2.0  2.0  11
4130  -2.0  2.0  11
4131  0.0  0.0  75
4132  0.0  0.0  12
4133  0.0  0.0  75
4134  -8.0  8.0  8
4135  -6.0  6.0  9
4136  -2.0  2.0  11
4137  -4.0  4.0  10
4138  -2.0  2.0  11
4139  0.0  0.0  75
4140  -4.0  4.0  10
4141  0.0  0.0  75
4142  0.0  0.0  12
4143  0.0  0.0  12
4144  0.0  0.0  12
4145  -6.0  6.0  9
4146  0.0  0.0  75
4147  -4.0  4.0  10
4148  0.0  0.0  75
4149  0.0  0.0  12
4150  0.0  0.0  75
4151  0.0  0.0  75
4152  -2.0  2.0  11
4153  0.0  0.0  75
4154  -4.0  4.0  10
4155  -6.0  6.0  9
4156  -6.0  6.0  9
4157  0.0  0.0  75
4158  -2.0  2.0  11
4159  0.0  0.0  75
4160  0.0  0.0  12
4161  0.0  0.0  75
4162  -4.0  4.0  10
4163  -4.0  4.0  10
4164  -2.0  2.0  11
4165  -2.0  2.0  75
4166  0.0  0.0  12
4167  0.0  0.0  12
4168  -2.0  2.0  11
4169  -2.0  2.0  11
4170  -2.0  2.0  11
4171  0.0  0.0  75
4172  -6.0  6.0  9
4173  -4.0  4.0  10
4174  -8.0  8.0  8
4175  -6.0  6.0  9
4176  -6.0  6.0  9
4177  0.0  0.0  12
4178  -2.0  2.0  11
4179  0.0  0.0  12
4180  -2.0  2.0  75
4181  -6.0  6.0  9
4182  0.0  0.0  75
4183  -2.0  2.0  11
4184  -4.0  4.0  10
4185  -2.0  2.0  11
4186  -6.0  6.0  9
4187  -6.0  6.0  9
4188  -2.0  2.0  75
4189  0.0  0.0  12
4190  -4.0  4.0  10
4191  0.0  0.0  75
4192  -2.0  2.0  11
4193  -2.0  2.0  11
4194  -4.0  4.0  10
4195  -6.0  6.0  9
4196  0.0  0.0  12
4197  -4.0  4.0  10
4198  -4.0  4.0  10
4199  -6.0  6.0  9
4200  -2.0  2.0  11
4201  -4.0  4.0  10
4202  0.0  0.0  75
4203  -2.0  2.0  11
4204  0.0  0.0  75
4205  0.0  0.0  12
4206  -4.0  4.0  10
4207  0.0  0.0  12
4208  -4.0  4.0  10
4209  -4.0  4.0  10
4210  -6.0  6.0  9
4211  -4.0  4.0  10
4212  -4.0  4.0  10
4213  -2.0  2.0  11
4214  0.0  0.0  12
4215  -8.0  8.0  8
4216  -4.0  4.0  10
4217  -4.0  4.0  10
4218  -2.0  2.0  11
4219  -2.0  2.0  11
4220  -2.0  2.0  11
4221  -4.0  4.0  10
4222  0.0  0.0  12
4223  0.0  0.0  75
4224  0.0  0.0  12
4225  -2.0  2.0  11
4226  -4.0  4.0  10
4227  -2.0  2.0  75
4228  -2.0  2.0  11
4229  0.0  0.0  75
4230  -8.0  8.0  8
4231  0.0  0.0  12
4232  -4.0  4.0  10
4233  -2.0  2.0  11
4234  -2.0  2.0  75
4235  0.0  0.0  12
4236  0.0  0.0  75
4237  0.0  0.0  75
4238  0.0  0.0  12
4239  0.0  0.0  12
4240  -6.0  6.0  9
4241  0.0  0.0  12
4242  -4.0  4.0  10
4243  -4.0  4.0  10
4244  -6.0  6.0  9
4245  0.0  0.0  12
4246  0.0  0.0  75
4247  -4.0  4.0  10
4248  -2.0  2.0  11
4249  -8.0  8.0  8
4250  -2.0  2.0  11
4251  -2.0  2.0  11
4252  0.0  0.0  75
4253  0.0  0.0  12
4254  -8.0  8.0  8
4255  0.0  0.0  75
4256  -2.0  2.0  11
4257  -2.0  2.0  11
4258  -2.0  2.0  11
4259  -2.0  2.0  11
4260  0.0  0.0  75
4261  0.0  0.0  12
4262  -2.0  2.0  11
4263  0.0  0.0  75
4264  -10.0  10.0  7
4265  -8.0  8.0  8
4266  -2.0  2.0  11
4267  0.0  0.0  75
4268  -6.0  6.0  9
4269  -6.0  6.0  9
4270  -2.0  2.0  75
4271  -4.0  4.0  10
4272  -6.0  6.0  9
4273  -4.0  4.0  10
4274  -2.0  2.0  11
4275  0.0  0.0  12
4276  -6.0  6.0  9
4277  -10.0  10.0  7
4278  -2.0  2.0  11
4279  0.0  0.0  12
4280  -4.0  4.0  10
4281  -4.0  4.0  10
4282  0.0  0.0  12
4283  -6.0  6.0  9
4284  0.0  0.0  12
4285  -2.0  2.0  11
4286  0.0  0.0  12
4287  -4.0  4.0  10
4288  -6.0  6.0  9
4289  -4.0  4.0  10
4290  -2.0  2.0  11
4291  -2.0  2.0  11
4292  -4.0  4.0  10
4293  -4.0  4.0  10
4294  -8.0  8.0  8
4295  -8.0  8.0  8
4296  -4.0  4.0  10
4297  0.0  0.0  12
4298  0.0  0.0  12
4299  -2.0  2.0  75
4300  -4.0  4.0  10
4301  0.0  0.0  75
4302  0.0  0.0  75
4303  0.0  0.0  75
4304  -4.0  4.0  10
4305  0.0  0.0  12
4306  0.0  0.0  75
4307  -4.0  4.0  10
4308  -4.0  4.0  10
4309  -8.0  8.0  8
4310  -4.0  4.0  10
4311  -2.0  2.0  75
4312  -6.0  6.0  9
4313  -4.0  4.0  10
4314  0.0  0.0  75
4315  -4.0  4.0  10
4316  0.0  0.0  12
4317  0.0  0.0  75
4318  -8.0  8.0  8
4319  -6.0  6.0  9
4320  0.0  0.0  12
4321  -8.0  8.0  8
4322  0.0  0.0  75
4323  -4.0  4.0  10
4324  -2.0  2.0  11
4325  0.0  0.0  12
4326  -6.0  6.0  9
4327  0.0  0.0  12
4328  0.0  0.0  75
4329  0.0  0.0  75
4330  0.0  0.0  75
4331  -2.0  2.0  11
4332  -6.0  6.0  9
4333  -8.0  8.0  8
4334  -2.0  2.0  11
4335  -4.0  4.0  10
4336  -4.0  4.0  10
4337  0.0  0.0  75
4338  -2.0  2.0  11
4339  0.0  0.0  12
4340  0.0  0.0  75
4341  -2.0  2.0  75
4342  0.0  0.0  75
4343  0.0  0.0  12
4344  0.0  0.0  75
4345  0.0  0.0  12
4346  0.0  0.0  75
4347  -2.0  2.0  75
4348  -2.0  2.0  11
4349  0.0  0.0  75
4350  -2.0  2.0  11
4351  -2.0  2.0  11
4352  0.0  0.0  75
4353  -8.0  8.0  8
4354  -4.0  4.0  10
4355  -6.0  6.0  9
4356  -8.0  8.0  8
4357  0.0  0.0  75
4358  -2.0  2.0  11
4359  -6.0  6.0  9
4360  -4.0  4.0  10
4361  -4.0  4.0  10
4362  -4.0  4.0  10
4363  0.0  0.0  75
4364  0.0  0.0  75
4365  -2.0  2.0  11
4366  0.0  0.0  75
4367  -2.0  2.0  11
4368  0.0  0.0  75
4369  -8.0  8.0  8
4370  -2.0  2.0  11
4371  -2.0  2.0  11
4372  -2.0  2.0  11
4373  0.0  0.0  75
4374  0.0  0.0  12
4375  0.0  0.0  75
4376  0.0  0.0  75
4377  0.0  0.0  12
4378  0.0  0.0  12
4379  -4.0  4.0  10
4380  0.0  0.0  75
4381  -2.0  2.0  75
4382  -4.0  4.0  10
4383  -2.0  2.0  11
4384  0.0  0.0  75
4385  -4.0  4.0  10
4386  -2.0  2.0  11
4387  0.0  0.0  75
4388  0.0  0.0  75
4389  -2.0  2.0  75
4390  0.0  0.0  75
4391  -4.0  4.0  10
4392  -4.0  4.0  10
4393  0.0  0.0  75
4394  0.0  0.0  75
4395  0.0  0.0  75
4396  0.0  0.0  12
4397  -2.0  2.0  11
4398  -2.0  2.0  11
4399  0.0  0.0  12
4400  0.0  0.0  75
4401  -6.0  6.0  9
4402  0.0  0.0  12
4403  0.0  0.0  75
4404  0.0  0.0  12
4405  0.0  0.0  75
4406  0.0  0.0  75
4407  -8.0  8.0  8
4408  0.0  0.0  75
4409  -4.0  4.0  10
4410  -8.0  8.0  8
4411  -8.0  8.0  8
4412  -4.0  4.0  10
4413  0.0  0.0  75
4414  0.0  0.0  12
4415  -6.0  6.0  9
4416  -2.0  2.0  11
4417  -4.0  4.0  10
4418  0.0  0.0  75
4419  -4.0  4.0  10
4420  0.0  0.0  12
4421  -4.0  4.0  10
4422  0.0  0.0  12
4423  -4.0  4.0  10
4424  0.0  0.0  12
4425  -4.0  4.0  10
4426  0.0  0.0  75
4427  -2.0  2.0  11
4428  -6.0  6.0  9
4429  -2.0  2.0  11
4430  0.0  0.0  12
4431  0.0  0.0  75
4432  -4.0  4.0  10
4433  -2.0  2.0  75
4434  0.0  0.0  12
4435  0.0  0.0  12
4436  -4.0  4.0  10
4437  -2.0  2.0  11
4438  -2.0  2.0  11
4439  0.0  0.0  12
4440  -6.0  6.0  9
4441  -8.0  8.0  8
4442  0.0  0.0  75
4443  -2.0  2.0  11
4444  -2.0  2.0  11
4445  -4.0  4.0  10
4446  0.0  0.0  12
4447  -8.0  8.0  8
4448  0.0  0.0  12
4449  -4.0  4.0  10
4450  -2.0  2.0  11
4451  -2.0  2.0  11
4452  -4.0  4.0  10
4453  0.0  0.0  12
4454  -4.0  4.0  10
4455  -10.0  10.0  7
4456  -4.0  4.0  10
4457  0.0  0.0  12
4458  0.0  0.0  75
4459  0.0  0.0  12
4460  0.0  0.0  12
4461  0.0  0.0  75
4462  -4.0  4.0  10
4463  -6.0  6.0  9
4464  -4.0  4.0  10
4465  -6.0  6.0  9
4466  -2.0  2.0  11
4467  -2.0  2.0  11
4468  0.0  0.0  12
4469  0.0  0.0  12
4470  -4.0  4.0  10
4471  -6.0  6.0  9
4472  0.0  0.0  12
4473  -8.0  8.0  8
4474  -2.0  2.0  75
4475  -4.0  4.0  10
4476  -2.0  2.0  11
4477  -4.0  4.0  10
4478  0.0  0.0  12
4479  0.0  0.0  75
4480  -4.0  4.0  10
4481  0.0  0.0  75
4482  -2.0  2.0  11
4483  0.0  0.0  12
4484  -2.0  2.0  11
4485  -10.0  10.0  7
4486  -2.0  2.0  11
4487  -2.0  2.0  11
4488  0.0  0.0  75
4489  0.0  0.0  75
4490  -6.0  6.0  9
4491  0.0  0.0  75
4492  0.0  0.0  12
4493  -2.0  2.0  11
4494  -6.0  6.0  9
4495  -8.0  8.0  8
4496  -4.0  4.0  10
4497  -2.0  2.0  11
4498  -4.0  4.0  10
4499  -6.0  6.0  9
4500  -6.0  6.0  9
4501  0.0  0.0  75
4502  0.0  0.0  75
4503  0.0  0.0  75
4504  -2.0  2.0  11
4505  -4.0  4.0  10
4506  0.0  0.0  12
4507  -4.0  4.0  10
4508  -2.0  2.0  75
4509  0.0  0.0  75
4510  -4.0  4.0  10
4511  -6.0  6.0  9
4512  -2.0  2.0  11
4513  0.0  0.0  75
4514  0.0  0.0  12
4515  0.0  0.0  12
4516  -6.0  6.0  9
4517  -6.0  6.0  9
4518  -4.0  4.0  10
4519  -8.0  8.0  8
4520  -6.0  6.0  9
4521  0.0  0.0  12
4522  0.0  0.0  12
4523  -2.0  2.0  11
4524  -2.0  2.0  11
4525  0.0  0.0  12
4526  0.0  0.0  75
4527  -2.0  2.0  11
4528  0.0  0.0  12
4529  -4.0  4.0  10
4530  0.0  0.0  75
4531  -2.0  2.0  11
4532  -4.0  4.0  10
4533  0.0  0.0  12
4534  -4.0  4.0  10
4535  -4.0  4.0  10
4536  -2.0  2.0  11
4537  -4.0  4.0  10
4538  -8.0  8.0  8
4539  0.0  0.0  75
4540  -4.0  4.0  10
4541  -4.0  4.0  10
4542  0.0  0.0  12
4543  0.0  0.0  12
4544  -8.0  8.0  8
4545  0.0  0.0  12
4546  0.0  0.0  12
4547  -2.0  2.0  11
4548  -6.0  6.0  9
4549  -8.0  8.0  8
4550  -4.0  4.0  10
4551  -2.0  2.0  11
4552  -6.0  6.0  9
4553  -2.0  2.0  11
4554  -4.0  4.0  10
4555  0.0  0.0  75
4556  0.0  0.0  12
4557  0.0  0.0  12
4558  -2.0  2.0  11
4559  -4.0  4.0  10
4560  -2.0  2.0  11
4561  -8.0  8.0  8
4562  -4.0  4.0  10
4563  -4.0  4.0  10
4564  -6.0  6.0  9
4565  -8.0  8.0  8
4566  0.0  0.0  12
4567  0.0  0.0  75
4568  -8.0  8.0  8
4569  0.0  0.0  12
4570  0.0  0.0  12
4571  -2.0  2.0  11
4572  0.0  0.0  75
4573  0.0  0.0  75
4574  0.0  0.0  75
4575  -8.0  8.0  8
4576  -2.0  2.0  11
4577  0.0  0.0  75
4578  -6.0  6.0  9
4579  -4.0  4.0  10
4580  -2.0  2.0  11
4581  -2.0  2.0  11
4582  -4.0  4.0  10
4583  -4.0  4.0  10
4584  0.0  0.0  75
4585  0.0  0.0  12
4586  0.0  0.0  75
4587  0.0  0.0  75
4588  -2.0  2.0  11
4589  -4.0  4.0  10
4590  0.0  0.0  75
4591  0.0  0.0  75
4592  0.0  0.0  75
4593  -2.0  2.0  11
4594  -2.0  2.0  11
4595  -10.0  10.0  7
4596  -10.0  10.0  7
4597  0.0  0.0  12
4598  -4.0  4.0  10
4599  0.0  0.0  75
4600  -10.0  10.0  7
4601  0.0  0.0  75
4602  -2.0  2.0  11
4603  -2.0  2.0  11
4604  -4.0  4.0  10
4605  0.0  0.0  12
4606  -2.0  2.0  11
4607  0.0  0.0  75
4608  0.0  0.0  75
4609  0.0  0.0  75
4610  0.0  0.0  12
4611  0.0  0.0  75
4612  0.0  0.0  75
4613  -8.0  8.0  8
4614  0.0  0.0  75
4615  0.0  0.0  75
4616  -2.0  2.0  11
4617  0.0  0.0  75
4618  0.0  0.0  75
4619  -2.0  2.0  11
4620  0.0  0.0  12
4621  0.0  0.0  75
4622  0.0  0.0  12
4623  -2.0  2.0  11
4624  -4.0  4.0  10
4625  0.0  0.0  75
4626  -2.0  2.0  11
4627  0.0  0.0  12
4628  0.0  0.0  75
4629  -4.0  4.0  10
4630  -4.0  4.0  10
4631  -4.0  4.0  10
4632  0.0  0.0  75
4633  0.0  0.0  75
4634  0.0  0.0  12
4635  -2.0  2.0  11
4636  -2.0  2.0  11
4637  0.0  0.0  12
4638  -2.0  2.0  11
4639  0.0  0.0  75
4640  -8.0  8.0  8
4641  0.0  0.0  75
4642  0.0  0.0  12
4643  0.0  0.0  12
4644  -2.0  2.0  11
4645  -2.0  2.0  11
4646  -4.0  4.0  10
4647  -4.0  4.0  10
4648  0.0  0.0  12
4649  -4.0  4.0  10
4650  -2.0  2.0  11
4651  -2.0  2.0  11
4652  0.0  0.0  75
4653  -4.0  4.0  10
4654  -4.0  4.0  10
4655  0.0  0.0  75
4656  0.0  0.0  12
4657  -4.0  4.0  10
4658  -10.0  10.0  7
4659  0.0  0.0  75
4660  -4.0  4.0  10
4661  -6.0  6.0  9
4662  -2.0  2.0  11
4663  0.0  0.0  75
4664  0.0  0.0  12
4665  -2.0  2.0  75
4666  0.0  0.0  12
4667  -4.0  4.0  10
4668  -2.0  2.0  11
4669  -2.0  2.0  11
4670  -2.0  2.0  11
4671  0.0  0.0  75
4672  0.0  0.0  75
4673  0.0  0.0  75
4674  0.0  0.0  12
4675  -2.0  2.0  11
4676  0.0  0.0  75
4677  0.0  0.0  12
4678  -2.0  2.0  11
4679  -2.0  2.0  11
4680  0.0  0.0  75
4681  0.0  0.0  12
4682  0.0  0.0  12
4683  0.0  0.0  12
4684  0.0  0.0  75
4685  0.0  0.0  12
4686  -2.0  2.0  11
4687  0.0  0.0  75
4688  0.0  0.0  12
4689  -2.0  2.0  11
4690  -2.0  2.0  11
4691  -8.0  8.0  8
4692  -6.0  6.0  9
4693  -4.0  4.0  10
4694  0.0  0.0  75
4695  0.0  0.0  12
4696  -8.0  8.0  8
4697  -2.0  2.0  75
4698  0.0  0.0  75
4699  -6.0  6.0  9
4700  0.0  0.0  75
4701  -4.0  4.0  10
4702  -6.0  6.0  9
4703  0.0  0.0  12
4704  -4.0  4.0  10
4705  0.0  0.0  12
4706  -2.0  2.0  11
4707  -4.0  4.0  10
4708  -6.0  6.0  9
4709  -2.0  2.0  11
4710  -4.0  4.0  10
4711  -2.0  2.0  11
4712  -4.0  4.0  10
4713  -6.0  6.0  9
4714  0.0  0.0  12
4715  0.0  0.0  75
4716  -4.0  4.0  10
4717  0.0  0.0  12
4718  -6.0  6.0  9
4719  -2.0  2.0  11
4720  -6.0  6.0  9
4721  -6.0  6.0  9
4722  -2.0  2.0  11
4723  -2.0  2.0  75
4724  -6.0  6.0  9
4725  -2.0  2.0  11
4726  0.0  0.0  12
4727  -2.0  2.0  11
4728  -2.0  2.0  11
4729  0.0  0.0  75
4730  -2.0  2.0  11
4731  0.0  0.0  75
4732  -2.0  2.0  11
4733  -2.0  2.0  11
4734  -6.0  6.0  9
4735  -4.0  4.0  10
4736  -2.0  2.0  11
4737  -2.0  2.0  75
4738  -8.0  8.0  8
4739  0.0  0.0  75
4740  -4.0  4.0  10
4741  -4.0  4.0  10
4742  -2.0  2.0  11
4743  -4.0  4.0  10
4744  -6.0  6.0  9
4745  -2.0  2.0  11
4746  0.0  0.0  75
4747  -2.0  2.0  11
4748  -8.0  8.0  8
4749  -2.0  2.0  11
4750  0.0  0.0  75
4751  0.0  0.0  12
4752  -4.0  4.0  10
4753  -4.0  4.0  10
4754  0.0  0.0  75
4755  -2.0  2.0  11
4756  -6.0  6.0  9
4757  -2.0  2.0  11
4758  -2.0  2.0  11
4759  -6.0  6.0  9
4760  0.0  0.0  75
4761  0.0  0.0  75
4762  -6.0  6.0  9
4763  -2.0  2.0  11
4764  -2.0  2.0  11
4765  0.0  0.0  75
4766  -8.0  8.0  8
4767  0.0  0.0  12
4768  0.0  0.0  75
4769  0.0  0.0  75
4770  -6.0  6.0  9
4771  -6.0  6.0  9
4772  0.0  0.0  75
4773  -2.0  2.0  11
4774  -2.0  2.0  11
4775  0.0  0.0  75
4776  -2.0  2.0  11
4777  0.0  0.0  75
4778  -4.0  4.0  10
4779  0.0  0.0  75
4780  -2.0  2.0  11
4781  -2.0  2.0  11
4782  -2.0  2.0  11
4783  0.0  0.0  12
4784  0.0  0.0  75
4785  -6.0  6.0  9
4786  -6.0  6.0  9
4787  0.0  0.0  12
4788  -2.0  2.0  11
4789  0.0  0.0  75
4790  0.0  0.0  75
4791  -10.0  10.0  7
4792  -2.0  2.0  11
4793  -2.0  2.0  11
4794  -2.0  2.0  11
4795  -8.0  8.0  8
4796  0.0  0.0  12
4797  0.0  0.0  75
4798  -2.0  2.0  11
4799  0.0  0.0  75
4800  -10.0  10.0  7
4801  0.0  0.0  75
4802  -2.0  2.0  75
4803  -2.0  2.0  11
4804  -2.0  2.0  11
4805  0.0  0.0  12
4806  -2.0  2.0  11
4807  0.0  0.0  75
4808  -6.0  6.0  9
4809  -6.0  6.0  9
4810  -6.0  6.0  9
4811  0.0  0.0  12
4812  -2.0  2.0  11
4813  0.0  0.0  75
4814  -2.0  2.0  75
4815  0.0  0.0  75
4816  -4.0  4.0  10
4817  -2.0  2.0  11
4818  -2.0  2.0  11
4819  -2.0  2.0  11
4820  -4.0  4.0  10
4821  -4.0  4.0  10
4822  -4.0  4.0  10
4823  -2.0  2.0  75
4824  -4.0  4.0  10
4825  0.0  0.0  75
4826  0.0  0.0  12
4827  -4.0  4.0  10
4828  -2.0  2.0  11
4829  0.0  0.0  12
4830  -2.0  2.0  11
4831  0.0  0.0  12
4832  0.0  0.0  12
4833  -6.0  6.0  9
4834  0.0  0.0  12
4835  -4.0  4.0  10
4836  0.0  0.0  75
4837  -2.0  2.0  11
4838  -8.0  8.0  8
4839  -2.0  2.0  11
4840  0.0  0.0  75
4841  -4.0  4.0  10
4842  -6.0  6.0  9
4843  -2.0  2.0  11
4844  0.0  0.0  75
4845  0.0  0.0  12
4846  -2.0  2.0  11
4847  -2.0  2.0  75
4848  -2.0  2.0  11
4849  -6.0  6.0  9
4850  -2.0  2.0  11
4851  -2.0  2.0  11
4852  -6.0  6.0  9
4853  0.0  0.0  12
4854  -2.0  2.0  11
4855  0.0  0.0  75
4856  0.0  0.0  75
4857  -4.0  4.0  10
4858  -4.0  4.0  10
4859  0.0  0.0  75
4860  0.0  0.0  75
4861  -2.0  2.0  11
4862  -6.0  6.0  9
4863  -4.0  4.0  10
4864  -8.0  8.0  8
4865  0.0  0.0  12
4866  -2.0  2.0  75
4867  -2.0  2.0  11
4868  0.0  0.0  75
4869  -6.0  6.0  9
4870  -6.0  6.0  9
4871  0.0  0.0  12
4872  0.0  0.0  12
4873  -4.0  4.0  10
4874  0.0  0.0  75
4875  -4.0  4.0  10
4876  -2.0  2.0  11
4877  -4.0  4.0  10
4878  0.0  0.0  75
4879  0.0  0.0  12
4880  0.0  0.0  75
4881  -6.0  6.0  9
4882  0.0  0.0  12
4883  0.0  0.0  75
4884  -2.0  2.0  11
4885  0.0  0.0  12
4886  -6.0  6.0  9
4887  0.0  0.0  75
4888  -6.0  6.0  9
4889  0.0  0.0  75
4890  -2.0  2.0  11
4891  -2.0  2.0  11
4892  -2.0  2.0  11
4893  -2.0  2.0  11
4894  -2.0  2.0  11
4895  0.0  0.0  75
4896  -4.0  4.0  10
4897  0.0  0.0  12
4898  -2.0  2.0  11
4899  -4.0  4.0  10
4900  -10.0  10.0  7
4901  0.0  0.0  75
4902  0.0  0.0  75
4903  -6.0  6.0  9
4904  0.0  0.0  12
4905  0.0  0.0  75
4906  0.0  0.0  75
4907  -2.0  2.0  11
4908  0.0  0.0  75
4909  0.0  0.0  12
4910  -2.0  2.0  11
4911  0.0  0.0  75
4912  0.0  0.0  12
4913  -2.0  2.0  11
4914  0.0  0.0  75
4915  -2.0  2.0  11
4916  -2.0  2.0  11
4917  -2.0  2.0  11
4918  -2.0  2.0  11
4919  -2.0  2.0  11
4920  -2.0  2.0  75
4921  -4.0  4.0  10
4922  0.0  0.0  12
4923  -2.0  2.0  11
4924  0.0  0.0  75
4925  -4.0  4.0  10
4926  -2.0  2.0  11
4927  -2.0  2.0  11
4928  0.0  0.0  12
4929  0.0  0.0  12
4930  -2.0  2.0  11
4931  0.0  0.0  75
4932  -4.0  4.0  10
4933  -2.0  2.0  11
4934  -4.0  4.0  10
4935  -6.0  6.0  9
4936  0.0  0.0  75
4937  -6.0  6.0  9
4938  0.0  0.0  12
4939  0.0  0.0  12
4940  -2.0  2.0  11
4941  -4.0  4.0  10
4942  0.0  0.0  75
4943  0.0  0.0  75
4944  -2.0  2.0  11
4945  -2.0  2.0  11
4946  0.0  0.0  12
4947  -8.0  8.0  8
4948  -8.0  8.0  8
4949  0.0  0.0  12
4950  -6.0  6.0  9
4951  -2.0  2.0  11
4952  -2.0  2.0  11
4953  0.0  0.0  75
4954  0.0  0.0  75
4955  0.0  0.0  75
4956  -2.0  2.0  11
4957  0.0  0.0  75
4958  0.0  0.0  75
4959  0.0  0.0  12
4960  -6.0  6.0  9
4961  0.0  0.0  75
4962  -4.0  4.0  10
4963  -2.0  2.0  75
4964  0.0  0.0  12
4965  -4.0  4.0  10
4966  -4.0  4.0  10
4967  0.0  0.0  75
4968  -6.0  6.0  9
4969  0.0  0.0  75
4970  -2.0  2.0  11
4971  0.0  0.0  12
4972  0.0  0.0  75
4973  -4.0  4.0  10
4974  -8.0  8.0  8
4975  -2.0  2.0  11
4976  -2.0  2.0  11
4977  0.0  0.0  75
4978  0.0  0.0  75
4979  -4.0  4.0  10
4980  0.0  0.0  75
4981  0.0  0.0  75
4982  -2.0  2.0  11
4983  -4.0  4.0  10
4984  -2.0  2.0  11
4985  -4.0  4.0  10
4986  -8.0  8.0  8
4987  -6.0  6.0  9
4988  -2.0  2.0  11
4989  -2.0  2.0  11
4990  -4.0  4.0  10
4991  -2.0  2.0  11
4992  -4.0  4.0  10
4993  -2.0  2.0  75
4994  0.0  0.0  12
4995  0.0  0.0  75
4996  -4.0  4.0  10
4997  -2.0  2.0  11
4998  -2.0  2.0  75
4999  -2.0  2.0  11
