0  0.0  0.0  75
1  0.0  0.0  75
2  0.0  0.0  75
3  0.0  0.0  75
4  0.0  0.0  75
5  0.0  0.0  75
6  0.0  0.0  75
7  0.0  0.0  75
8  0.0  0.0  75
9  0.0  0.0  75
10  0.0  0.0  75
11  0.0  0.0  75
12  0.0  0.0  75
13  0.0  0.0  75
14  0.0  0.0  75
15  0.0  0.0  75
16  0.0  0.0  75
17  0.0  0.0  75
18  0.0  0.0  75
19  0.0  0.0  75
20  0.0  0.0  75
21  0.0  0.0  75
22  0.0  0.0  75
23  0.0  0.0  75
24  0.0  0.0  75
25  0.0  0.0  75
26  0.0  0.0  75
27  0.0  0.0  75
28  0.0  0.0  75
29  0.0  0.0  75
30  0.0  0.0  75
31  0.0  0.0  75
32  0.0  0.0  75
33  0.0  0.0  75
34  0.0  0.0  75
35  0.0  0.0  75
36  0.0  0.0  75
37  0.0  0.0  75
38  0.0  0.0  75
39  0.0  0.0  75
40  0.0  0.0  75
41  0.0  0.0  75
42  0.0  0.0  75
43  0.0  0.0  75
44  0.0  0.0  75
45  0.0  0.0  75
46  0.0  0.0  75
47  0.0  0.0  75
48  0.0  0.0  75
49  0.0  0.0  75
50  0.0  0.0  75
51  0.0  0.0  75
52  0.0  0.0  75
53  0.0  0.0  75
54  0.0  0.0  75
55  0.0  0.0  75
56  0.0  0.0  75
57  0.0  0.0  75
58  0.0  0.0  75
59  0.0  0.0  75
60  0.0  0.0  75
61  0.0  0.0  75
62  0.0  0.0  75
63  0.0  0.0  75
64  0.0  0.0  75
65  0.0  0.0  75
66  0.0  0.0  75
67  0.0  0.0  75
68  0.0  0.0  75
69  0.0  0.0  75
70  0.0  0.0  75
71  0.0  0.0  75
72  0.0  0.0  75
73  0.0  0.0  75
74  0.0  0.0  75
75  0.0  0.0  75
76  0.0  0.0  75
77  0.0  0.0  75
78  0.0  0.0  75
79  0.0  0.0  75
80  0.0  0.0  75
81  0.0  0.0  75
82  0.0  0.0  75
83  0.0  0.0  75
84  0.0  0.0  75
85  0.0  0.0  75
86  0.0  0.0  75
87  0.0  0.0  75
88  0.0  0.0  75
89  0.0  0.0  75
90  0.0  0.0  75
91  0.0  0.0  75
92  0.0  0.0  75
93  0.0  0.0  75
94  8.0  -8.0  3
95  0.0  0.0  75
96  0.0  0.0  75
97  0.0  0.0  75
98  0.0  0.0  75
99  0.0  0.0  75
100  0.0  0.0  75
101  0.0  0.0  75
102  0.0  0.0  75
103  0.0  0.0  75
104  0.0  0.0  75
105  0.0  0.0  75
106  0.0  0.0  75
107  0.0  0.0  75
108  0.0  0.0  75
109  0.0  0.0  75
110  0.0  0.0  75
111  0.0  0.0  75
112  0.0  0.0  75
113  0.0  0.0  75
114  0.0  0.0  75
115  0.0  0.0  75
116  0.0  0.0  75
117  0.0  0.0  75
118  0.0  0.0  75
119  0.0  0.0  75
120  0.0  0.0  75
121  0.0  0.0  75
122  0.0  0.0  75
123  0.0  0.0  75
124  0.0  0.0  75
125  0.0  0.0  75
126  0.0  0.0  75
127  0.0  0.0  75
128  0.0  0.0  75
129  0.0  0.0  75
130  0.0  0.0  75
131  0.0  0.0  75
132  0.0  0.0  75
133  0.0  0.0  75
134  0.0  0.0  75
135  0.0  0.0  75
136  0.0  0.0  75
137  0.0  0.0  75
138  0.0  0.0  75
139  0.0  0.0  75
140  0.0  0.0  75
141  0.0  0.0  75
142  0.0  0.0  75
143  0.0  0.0  75
144  0.0  0.0  75
145  0.0  0.0  75
146  0.0  0.0  75
147  0.0  0.0  75
148  0.0  0.0  75
149  0.0  0.0  75
150  0.0  0.0  75
151  0.0  0.0  75
152  0.0  0.0  75
153  0.0  0.0  75
154  0.0  0.0  75
155  0.0  0.0  75
156  0.0  0.0  75
157  0.0  0.0  75
158  0.0  0.0  75
159  0.0  0.0  75
160  0.0  0.0  75
161  0.0  0.0  75
162  0.0  0.0  75
163  0.0  0.0  75
164  0.0  0.0  75
165  0.0  0.0  75
166  0.0  0.0  75
167  0.0  0.0  75
168  0.0  0.0  75
169  0.0  0.0  75
170  0.0  0.0  75
171  0.0  0.0  75
172  0.0  0.0  75
173  0.0  0.0  75
174  0.0  0.0  75
175  0.0  0.0  75
176  0.0  0.0  75
177  0.0  0.0  75
178  0.0  0.0  75
179  0.0  0.0  75
180  0.0  0.0  75
181  0.0  0.0  75
182  0.0  0.0  75
183  0.0  0.0  75
184  0.0  0.0  75
185  0.0  0.0  75
186  0.0  0.0  75
187  0.0  0.0  75
188  0.0  0.0  75
189  0.0  0.0  75
190  0.0  0.0  75
191  0.0  0.0  75
192  0.0  0.0  75
193  0.0  0.0  75
194  0.0  0.0  75
195  0.0  0.0  75
196  0.0  0.0  75
197  0.0  0.0  75
198  0.0  0.0  75
199  0.0  0.0  75
200  0.0  0.0  75
201  0.0  0.0  75
202  0.0  0.0  75
203  0.0  0.0  75
204  0.0  0.0  75
205  0.0  0.0  75
206  0.0  0.0  75
207  0.0  0.0  75
208  0.0  0.0  75
209  0.0  0.0  75
210  0.0  0.0  75
211  0.0  0.0  75
212  0.0  0.0  75
213  0.0  0.0  75
214  0.0  0.0  75
215  0.0  0.0  75
216  0.0  0.0  75
217  0.0  0.0  75
218  0.0  0.0  75
219  0.0  0.0  75
220  0.0  0.0  75
221  0.0  0.0  75
222  0.0  0.0  75
223  0.0  0.0  75
224  0.0  0.0  75
225  0.0  0.0  75
226  0.0  0.0  75
227  0.0  0.0  75
228  0.0  0.0  75
229  0.0  0.0  75
230  0.0  0.0  75
231  0.0  0.0  75
232  0.0  0.0  75
233  0.0  0.0  75
234  0.0  0.0  75
235  0.0  0.0  75
236  0.0  0.0  75
237  0.0  0.0  75
238  0.0  0.0  75
239  0.0  0.0  75
240  0.0  0.0  75
241  0.0  0.0  75
242  0.0  0.0  75
243  0.0  0.0  75
244  0.0  0.0  75
245  0.0  0.0  75
246  0.0  0.0  75
247  0.0  0.0  75
248  0.0  0.0  75
249  0.0  0.0  75
250  0.0  0.0  75
251  0.0  0.0  75
252  0.0  0.0  75
253  0.0  0.0  75
254  0.0  0.0  75
255  0.0  0.0  75
256  0.0  0.0  75
257  0.0  0.0  75
258  0.0  0.0  75
259  0.0  0.0  75
260  0.0  0.0  75
261  0.0  0.0  75
262  0.0  0.0  75
263  0.0  0.0  75
264  0.0  0.0  75
265  0.0  0.0  75
266  0.0  0.0  75
267  0.0  0.0  75
268  0.0  0.0  75
269  0.0  0.0  75
270  0.0  0.0  75
271  0.0  0.0  75
272  0.0  0.0  75
273  0.0  0.0  75
274  0.0  0.0  75
275  0.0  0.0  75
276  0.0  0.0  75
277  0.0  0.0  75
278  0.0  0.0  75
279  0.0  0.0  75
280  0.0  0.0  75
281  0.0  0.0  75
282  0.0  0.0  75
283  0.0  0.0  75
284  0.0  0.0  75
285  0.0  0.0  75
286  0.0  0.0  75
287  0.0  0.0  75
288  0.0  0.0  75
289  0.0  0.0  75
290  0.0  0.0  75
291  0.0  0.0  75
292  0.0  0.0  75
293  0.0  0.0  75
294  0.0  0.0  75
295  0.0  0.0  75
296  0.0  0.0  75
297  0.0  0.0  75
298  0.0  0.0  75
299  0.0  0.0  75
300  0.0  0.0  75
301  0.0  0.0  75
302  0.0  0.0  75
303  0.0  0.0  75
304  0.0  0.0  75
305  0.0  0.0  75
306  0.0  0.0  75
307  0.0  0.0  75
308  0.0  0.0  75
309  0.0  0.0  75
310  0.0  0.0  75
311  0.0  0.0  75
312  0.0  0.0  75
313  0.0  0.0  75
314  0.0  0.0  75
315  0.0  0.0  75
316  0.0  0.0  75
317  0.0  0.0  75
318  0.0  0.0  75
319  0.0  0.0  75
320  0.0  0.0  75
321  0.0  0.0  75
322  0.0  0.0  75
323  0.0  0.0  75
324  0.0  0.0  75
325  0.0  0.0  75
326  0.0  0.0  75
327  0.0  0.0  75
328  0.0  0.0  75
329  0.0  0.0  75
330  0.0  0.0  75
331  0.0  0.0  75
332  0.0  0.0  75
333  0.0  0.0  75
334  0.0  0.0  75
335  0.0  0.0  75
336  0.0  0.0  75
337  0.0  0.0  75
338  0.0  0.0  75
339  0.0  0.0  75
340  0.0  0.0  75
341  0.0  0.0  75
342  0.0  0.0  75
343  0.0  0.0  75
344  0.0  0.0  75
345  0.0  0.0  75
346  0.0  0.0  75
347  0.0  0.0  75
348  0.0  0.0  75
349  0.0  0.0  75
350  0.0  0.0  75
351  0.0  0.0  75
352  0.0  0.0  75
353  0.0  0.0  75
354  0.0  0.0  75
355  0.0  0.0  75
356  0.0  0.0  75
357  0.0  0.0  75
358  0.0  0.0  75
359  0.0  0.0  75
360  0.0  0.0  75
361  0.0  0.0  75
362  0.0  0.0  75
363  0.0  0.0  75
364  0.0  0.0  75
365  0.0  0.0  75
366  0.0  0.0  75
367  0.0  0.0  75
368  0.0  0.0  75
369  0.0  0.0  75
370  0.0  0.0  75
371  0.0  0.0  75
372  0.0  0.0  75
373  0.0  0.0  75
374  0.0  0.0  75
375  0.0  0.0  75
376  0.0  0.0  75
377  0.0  0.0  75
378  8.0  -8.0  3
379  0.0  0.0  75
380  0.0  0.0  75
381  0.0  0.0  75
382  0.0  0.0  75
383  0.0  0.0  75
384  0.0  0.0  75
385  0.0  0.0  75
386  0.0  0.0  75
387  0.0  0.0  75
388  0.0  0.0  75
389  0.0  0.0  75
390  0.0  0.0  75
391  0.0  0.0  75
392  0.0  0.0  75
393  0.0  0.0  75
394  0.0  0.0  75
395  0.0  0.0  75
396  0.0  0.0  75
397  0.0  0.0  75
398  0.0  0.0  75
399  0.0  0.0  75
400  0.0  0.0  75
401  0.0  0.0  75
402  0.0  0.0  75
403  0.0  0.0  75
404  0.0  0.0  75
405  0.0  0.0  75
406  0.0  0.0  75
407  0.0  0.0  75
408  0.0  0.0  75
409  0.0  0.0  75
410  0.0  0.0  75
411  0.0  0.0  75
412  0.0  0.0  75
413  0.0  0.0  75
414  0.0  0.0  75
415  0.0  0.0  75
416  0.0  0.0  75
417  0.0  0.0  75
418  0.0  0.0  75
419  0.0  0.0  75
420  0.0  0.0  75
421  0.0  0.0  75
422  0.0  0.0  75
423  0.0  0.0  75
424  0.0  0.0  75
425  0.0  0.0  75
426  0.0  0.0  75
427  0.0  0.0  75
428  0.0  0.0  75
429  0.0  0.0  75
430  0.0  0.0  75
431  0.0  0.0  75
432  0.0  0.0  75
433  0.0  0.0  75
434  0.0  0.0  75
435  0.0  0.0  75
436  0.0  0.0  75
437  0.0  0.0  75
438  0.0  0.0  75
439  0.0  0.0  75
440  0.0  0.0  75
441  0.0  0.0  75
442  0.0  0.0  75
443  0.0  0.0  75
444  0.0  0.0  75
445  0.0  0.0  75
446  0.0  0.0  75
447  0.0  0.0  75
448  0.0  0.0  75
449  0.0  0.0  75
450  0.0  0.0  75
451  0.0  0.0  75
452  0.0  0.0  75
453  0.0  0.0  75
454  0.0  0.0  75
455  0.0  0.0  75
456  0.0  0.0  75
457  0.0  0.0  75
458  0.0  0.0  75
459  0.0  0.0  75
460  0.0  0.0  75
461  0.0  0.0  75
462  0.0  0.0  75
463  0.0  0.0  75
464  0.0  0.0  75
465  0.0  0.0  75
466  0.0  0.0  75
467  0.0  0.0  75
468  0.0  0.0  75
469  0.0  0.0  75
470  0.0  0.0  75
471  0.0  0.0  75
472  0.0  0.0  75
473  0.0  0.0  75
474  0.0  0.0  75
475  0.0  0.0  75
476  0.0  0.0  75
477  0.0  0.0  75
478  0.0  0.0  75
479  0.0  0.0  75
480  0.0  0.0  75
481  0.0  0.0  75
482  0.0  0.0  75
483  0.0  0.0  75
484  0.0  0.0  75
485  0.0  0.0  75
486  0.0  0.0  75
487  0.0  0.0  75
488  0.0  0.0  75
489  0.0  0.0  75
490  0.0  0.0  75
491  0.0  0.0  75
492  0.0  0.0  75
493  0.0  0.0  75
494  0.0  0.0  75
495  0.0  0.0  75
496  0.0  0.0  75
497  0.0  0.0  75
498  0.0  0.0  75
499  0.0  0.0  75
500  0.0  0.0  75
501  0.0  0.0  75
502  0.0  0.0  75
503  0.0  0.0  75
504  0.0  0.0  75
505  0.0  0.0  75
506  0.0  0.0  75
507  0.0  0.0  75
508  0.0  0.0  75
509  0.0  0.0  75
510  0.0  0.0  75
511  0.0  0.0  75
512  0.0  0.0  75
513  0.0  0.0  75
514  0.0  0.0  75
515  0.0  0.0  75
516  0.0  0.0  75
517  0.0  0.0  75
518  0.0  0.0  75
519  0.0  0.0  75
520  0.0  0.0  75
521  0.0  0.0  75
522  0.0  0.0  75
523  0.0  0.0  75
524  0.0  0.0  75
525  0.0  0.0  75
526  0.0  0.0  75
527  0.0  0.0  75
528  0.0  0.0  75
529  0.0  0.0  75
530  0.0  0.0  75
531  0.0  0.0  75
532  0.0  0.0  75
533  0.0  0.0  75
534  0.0  0.0  75
535  0.0  0.0  75
536  0.0  0.0  75
537  0.0  0.0  75
538  0.0  0.0  75
539  0.0  0.0  75
540  0.0  0.0  75
541  0.0  0.0  75
542  0.0  0.0  75
543  0.0  0.0  75
544  0.0  0.0  75
545  0.0  0.0  75
546  0.0  0.0  75
547  0.0  0.0  75
548  0.0  0.0  75
549  0.0  0.0  75
550  0.0  0.0  75
551  0.0  0.0  75
552  0.0  0.0  75
553  0.0  0.0  75
554  0.0  0.0  75
555  0.0  0.0  75
556  0.0  0.0  75
557  0.0  0.0  75
558  0.0  0.0  75
559  0.0  0.0  75
560  0.0  0.0  75
561  0.0  0.0  75
562  0.0  0.0  75
563  0.0  0.0  75
564  0.0  0.0  75
565  0.0  0.0  75
566  0.0  0.0  75
567  0.0  0.0  75
568  0.0  0.0  75
569  0.0  0.0  75
570  0.0  0.0  75
571  0.0  0.0  75
572  0.0  0.0  75
573  0.0  0.0  75
574  0.0  0.0  75
575  0.0  0.0  75
576  0.0  0.0  75
577  0.0  0.0  75
578  0.0  0.0  75
579  0.0  0.0  75
580  0.0  0.0  75
581  0.0  0.0  75
582  0.0  0.0  75
583  0.0  0.0  75
584  0.0  0.0  75
585  0.0  0.0  75
586  0.0  0.0  75
587  0.0  0.0  75
588  0.0  0.0  75
589  0.0  0.0  75
590  0.0  0.0  75
591  0.0  0.0  75
592  0.0  0.0  75
593  0.0  0.0  75
594  0.0  0.0  75
595  0.0  0.0  75
596  0.0  0.0  75
597  0.0  0.0  75
598  0.0  0.0  75
599  0.0  0.0  75
600  0.0  0.0  75
601  0.0  0.0  75
602  0.0  0.0  75
603  0.0  0.0  75
604  0.0  0.0  75
605  0.0  0.0  75
606  0.0  0.0  75
607  0.0  0.0  75
608  0.0  0.0  75
609  0.0  0.0  75
610  0.0  0.0  75
611  0.0  0.0  75
612  0.0  0.0  75
613  0.0  0.0  75
614  0.0  0.0  75
615  0.0  0.0  75
616  0.0  0.0  75
617  0.0  0.0  75
618  0.0  0.0  75
619  0.0  0.0  75
620  0.0  0.0  75
621  0.0  0.0  75
622  0.0  0.0  75
623  0.0  0.0  75
624  0.0  0.0  75
625  0.0  0.0  75
626  0.0  0.0  75
627  0.0  0.0  75
628  0.0  0.0  75
629  0.0  0.0  75
630  0.0  0.0  75
631  0.0  0.0  75
632  0.0  0.0  75
633  0.0  0.0  75
634  0.0  0.0  75
635  0.0  0.0  75
636  0.0  0.0  75
637  0.0  0.0  75
638  0.0  0.0  75
639  0.0  0.0  75
640  0.0  0.0  75
641  0.0  0.0  75
642  0.0  0.0  75
643  0.0  0.0  75
644  0.0  0.0  75
645  0.0  0.0  75
646  0.0  0.0  75
647  0.0  0.0  75
648  0.0  0.0  75
649  0.0  0.0  75
650  0.0  0.0  75
651  0.0  0.0  75
652  0.0  0.0  75
653  0.0  0.0  75
654  0.0  0.0  75
655  0.0  0.0  75
656  0.0  0.0  75
657  0.0  0.0  75
658  0.0  0.0  75
659  0.0  0.0  75
660  0.0  0.0  75
661  0.0  0.0  75
662  0.0  0.0  75
663  0.0  0.0  75
664  0.0  0.0  75
665  0.0  0.0  75
666  0.0  0.0  75
667  0.0  0.0  75
668  0.0  0.0  75
669  0.0  0.0  75
670  0.0  0.0  75
671  0.0  0.0  75
672  0.0  0.0  75
673  0.0  0.0  75
674  0.0  0.0  75
675  0.0  0.0  75
676  0.0  0.0  75
677  0.0  0.0  75
678  0.0  0.0  75
679  0.0  0.0  75
680  0.0  0.0  75
681  0.0  0.0  75
682  0.0  0.0  75
683  0.0  0.0  75
684  0.0  0.0  75
685  0.0  0.0  75
686  0.0  0.0  75
687  0.0  0.0  75
688  0.0  0.0  75
689  0.0  0.0  75
690  0.0  0.0  75
691  0.0  0.0  75
692  0.0  0.0  75
693  0.0  0.0  75
694  0.0  0.0  75
695  0.0  0.0  75
696  0.0  0.0  75
697  0.0  0.0  75
698  0.0  0.0  75
699  0.0  0.0  75
700  0.0  0.0  75
701  0.0  0.0  75
702  0.0  0.0  75
703  0.0  0.0  75
704  0.0  0.0  75
705  0.0  0.0  75
706  0.0  0.0  75
707  0.0  0.0  75
708  0.0  0.0  75
709  0.0  0.0  75
710  0.0  0.0  75
711  0.0  0.0  75
712  0.0  0.0  75
713  0.0  0.0  75
714  0.0  0.0  75
715  0.0  0.0  75
716  0.0  0.0  75
717  0.0  0.0  75
718  0.0  0.0  75
719  0.0  0.0  75
720  0.0  0.0  75
721  0.0  0.0  75
722  0.0  0.0  75
723  0.0  0.0  75
724  0.0  0.0  75
725  0.0  0.0  75
726  0.0  0.0  75
727  0.0  0.0  75
728  0.0  0.0  75
729  0.0  0.0  75
730  0.0  0.0  75
731  0.0  0.0  75
732  0.0  0.0  75
733  0.0  0.0  75
734  0.0  0.0  75
735  0.0  0.0  75
736  0.0  0.0  75
737  0.0  0.0  75
738  0.0  0.0  75
739  0.0  0.0  75
740  0.0  0.0  75
741  0.0  0.0  75
742  0.0  0.0  75
743  0.0  0.0  75
744  0.0  0.0  75
745  0.0  0.0  75
746  0.0  0.0  75
747  0.0  0.0  75
748  0.0  0.0  75
749  0.0  0.0  75
750  0.0  0.0  75
751  0.0  0.0  75
752  0.0  0.0  75
753  0.0  0.0  75
754  0.0  0.0  75
755  0.0  0.0  75
756  0.0  0.0  75
757  0.0  0.0  75
758  0.0  0.0  75
759  0.0  0.0  75
760  0.0  0.0  75
761  0.0  0.0  75
762  0.0  0.0  75
763  0.0  0.0  75
764  0.0  0.0  75
765  0.0  0.0  75
766  0.0  0.0  75
767  0.0  0.0  75
768  0.0  0.0  75
769  0.0  0.0  75
770  0.0  0.0  75
771  0.0  0.0  75
772  0.0  0.0  75
773  0.0  0.0  75
774  0.0  0.0  75
775  0.0  0.0  75
776  0.0  0.0  75
777  0.0  0.0  75
778  0.0  0.0  75
779  0.0  0.0  75
780  0.0  0.0  75
781  0.0  0.0  75
782  0.0  0.0  75
783  0.0  0.0  75
784  0.0  0.0  75
785  0.0  0.0  75
786  0.0  0.0  75
787  0.0  0.0  75
788  0.0  0.0  75
789  0.0  0.0  75
790  0.0  0.0  75
791  0.0  0.0  75
792  0.0  0.0  75
793  0.0  0.0  75
794  0.0  0.0  75
795  0.0  0.0  75
796  0.0  0.0  75
797  0.0  0.0  75
798  0.0  0.0  75
799  0.0  0.0  75
800  0.0  0.0  75
801  0.0  0.0  75
802  0.0  0.0  75
803  0.0  0.0  75
804  0.0  0.0  75
805  0.0  0.0  75
806  0.0  0.0  75
807  0.0  0.0  75
808  0.0  0.0  75
809  0.0  0.0  75
810  0.0  0.0  75
811  0.0  0.0  75
812  0.0  0.0  75
813  0.0  0.0  75
814  0.0  0.0  75
815  0.0  0.0  75
816  0.0  0.0  75
817  0.0  0.0  75
818  0.0  0.0  75
819  0.0  0.0  75
820  0.0  0.0  75
821  0.0  0.0  75
822  0.0  0.0  75
823  0.0  0.0  75
824  0.0  0.0  75
825  0.0  0.0  75
826  0.0  0.0  75
827  0.0  0.0  75
828  0.0  0.0  75
829  0.0  0.0  75
830  0.0  0.0  75
831  0.0  0.0  75
832  0.0  0.0  75
833  0.0  0.0  75
834  0.0  0.0  75
835  0.0  0.0  75
836  0.0  0.0  75
837  0.0  0.0  75
838  0.0  0.0  75
839  0.0  0.0  75
840  0.0  0.0  75
841  0.0  0.0  75
842  0.0  0.0  75
843  0.0  0.0  75
844  0.0  0.0  75
845  0.0  0.0  75
846  0.0  0.0  75
847  0.0  0.0  75
848  0.0  0.0  75
849  0.0  0.0  75
850  0.0  0.0  75
851  0.0  0.0  75
852  0.0  0.0  75
853  0.0  0.0  75
854  0.0  0.0  75
855  0.0  0.0  75
856  0.0  0.0  75
857  0.0  0.0  75
858  0.0  0.0  75
859  0.0  0.0  75
860  0.0  0.0  75
861  0.0  0.0  75
862  0.0  0.0  75
863  0.0  0.0  75
864  0.0  0.0  75
865  0.0  0.0  75
866  0.0  0.0  75
867  0.0  0.0  75
868  0.0  0.0  75
869  0.0  0.0  75
870  0.0  0.0  75
871  0.0  0.0  75
872  0.0  0.0  75
873  0.0  0.0  75
874  0.0  0.0  75
875  0.0  0.0  75
876  0.0  0.0  75
877  0.0  0.0  75
878  0.0  0.0  75
879  0.0  0.0  75
880  0.0  0.0  75
881  0.0  0.0  75
882  0.0  0.0  75
883  0.0  0.0  75
884  0.0  0.0  75
885  0.0  0.0  75
886  0.0  0.0  75
887  0.0  0.0  75
888  0.0  0.0  75
889  0.0  0.0  75
890  0.0  0.0  75
891  0.0  0.0  75
892  0.0  0.0  75
893  0.0  0.0  75
894  0.0  0.0  75
895  0.0  0.0  75
896  0.0  0.0  75
897  0.0  0.0  75
898  0.0  0.0  75
899  0.0  0.0  75
900  0.0  0.0  75
901  0.0  0.0  75
902  0.0  0.0  75
903  0.0  0.0  75
904  0.0  0.0  75
905  0.0  0.0  75
906  0.0  0.0  75
907  0.0  0.0  75
908  0.0  0.0  75
909  0.0  0.0  75
910  0.0  0.0  75
911  0.0  0.0  75
912  0.0  0.0  75
913  0.0  0.0  75
914  0.0  0.0  75
915  0.0  0.0  75
916  0.0  0.0  75
917  0.0  0.0  75
918  0.0  0.0  75
919  0.0  0.0  75
920  0.0  0.0  75
921  0.0  0.0  75
922  0.0  0.0  75
923  0.0  0.0  75
924  0.0  0.0  75
925  0.0  0.0  75
926  0.0  0.0  75
927  0.0  0.0  75
928  0.0  0.0  75
929  0.0  0.0  75
930  0.0  0.0  75
931  0.0  0.0  75
932  0.0  0.0  75
933  0.0  0.0  75
934  0.0  0.0  75
935  0.0  0.0  75
936  0.0  0.0  75
937  0.0  0.0  75
938  0.0  0.0  75
939  0.0  0.0  75
940  0.0  0.0  75
941  0.0  0.0  75
942  0.0  0.0  75
943  0.0  0.0  75
944  0.0  0.0  75
945  0.0  0.0  75
946  8.0  -8.0  3
947  0.0  0.0  75
948  0.0  0.0  75
949  0.0  0.0  75
950  0.0  0.0  75
951  0.0  0.0  75
952  0.0  0.0  75
953  0.0  0.0  75
954  0.0  0.0  75
955  0.0  0.0  75
956  0.0  0.0  75
957  0.0  0.0  75
958  0.0  0.0  75
959  0.0  0.0  75
960  0.0  0.0  75
961  0.0  0.0  75
962  0.0  0.0  75
963  0.0  0.0  75
964  0.0  0.0  75
965  0.0  0.0  75
966  0.0  0.0  75
967  0.0  0.0  75
968  0.0  0.0  75
969  0.0  0.0  75
970  0.0  0.0  75
971  0.0  0.0  75
972  0.0  0.0  75
973  0.0  0.0  75
974  0.0  0.0  75
975  0.0  0.0  75
976  0.0  0.0  75
977  0.0  0.0  75
978  0.0  0.0  75
979  0.0  0.0  75
980  0.0  0.0  75
981  0.0  0.0  75
982  0.0  0.0  75
983  0.0  0.0  75
984  0.0  0.0  75
985  0.0  0.0  75
986  0.0  0.0  75
987  0.0  0.0  75
988  0.0  0.0  75
989  0.0  0.0  75
990  0.0  0.0  75
991  0.0  0.0  75
992  0.0  0.0  75
993  0.0  0.0  75
994  0.0  0.0  75
995  0.0  0.0  75
996  0.0  0.0  75
997  0.0  0.0  75
998  0.0  0.0  75
999  0.0  0.0  75
1000  0.0  0.0  75
1001  0.0  0.0  75
1002  0.0  0.0  75
1003  0.0  0.0  75
1004  0.0  0.0  75
1005  0.0  0.0  75
1006  0.0  0.0  75
1007  0.0  0.0  75
1008  0.0  0.0  75
1009  0.0  0.0  75
1010  0.0  0.0  75
1011  0.0  0.0  75
1012  0.0  0.0  75
1013  0.0  0.0  75
1014  0.0  0.0  75
1015  0.0  0.0  75
1016  0.0  0.0  75
1017  0.0  0.0  75
1018  0.0  0.0  75
1019  0.0  0.0  75
1020  0.0  0.0  75
1021  0.0  0.0  75
1022  0.0  0.0  75
1023  0.0  0.0  75
1024  0.0  0.0  75
1025  0.0  0.0  75
1026  0.0  0.0  75
1027  0.0  0.0  75
1028  0.0  0.0  75
1029  0.0  0.0  75
1030  0.0  0.0  75
1031  0.0  0.0  75
1032  0.0  0.0  75
1033  0.0  0.0  75
1034  0.0  0.0  75
1035  0.0  0.0  75
1036  0.0  0.0  75
1037  0.0  0.0  75
1038  0.0  0.0  75
1039  0.0  0.0  75
1040  0.0  0.0  75
1041  0.0  0.0  75
1042  0.0  0.0  75
1043  0.0  0.0  75
1044  0.0  0.0  75
1045  0.0  0.0  75
1046  0.0  0.0  75
1047  0.0  0.0  75
1048  0.0  0.0  75
1049  0.0  0.0  75
1050  0.0  0.0  75
1051  0.0  0.0  75
1052  0.0  0.0  75
1053  0.0  0.0  75
1054  0.0  0.0  75
1055  0.0  0.0  75
1056  0.0  0.0  75
1057  0.0  0.0  75
1058  0.0  0.0  75
1059  0.0  0.0  75
1060  0.0  0.0  75
1061  0.0  0.0  75
1062  0.0  0.0  75
1063  0.0  0.0  75
1064  0.0  0.0  75
1065  0.0  0.0  75
1066  0.0  0.0  75
1067  0.0  0.0  75
1068  0.0  0.0  75
1069  0.0  0.0  75
1070  0.0  0.0  75
1071  0.0  0.0  75
1072  0.0  0.0  75
1073  0.0  0.0  75
1074  0.0  0.0  75
1075  0.0  0.0  75
1076  0.0  0.0  75
1077  0.0  0.0  75
1078  0.0  0.0  75
1079  0.0  0.0  75
1080  0.0  0.0  75
1081  0.0  0.0  75
1082  0.0  0.0  75
1083  0.0  0.0  75
1084  0.0  0.0  75
1085  0.0  0.0  75
1086  0.0  0.0  75
1087  0.0  0.0  75
1088  0.0  0.0  75
1089  0.0  0.0  75
1090  0.0  0.0  75
1091  0.0  0.0  75
1092  0.0  0.0  75
1093  0.0  0.0  75
1094  0.0  0.0  75
1095  0.0  0.0  75
1096  0.0  0.0  75
1097  0.0  0.0  75
1098  0.0  0.0  75
1099  0.0  0.0  75
1100  0.0  0.0  75
1101  0.0  0.0  75
1102  0.0  0.0  75
1103  0.0  0.0  75
1104  0.0  0.0  75
1105  0.0  0.0  75
1106  0.0  0.0  75
1107  0.0  0.0  75
1108  0.0  0.0  75
1109  0.0  0.0  75
1110  0.0  0.0  75
1111  0.0  0.0  75
1112  0.0  0.0  75
1113  0.0  0.0  75
1114  0.0  0.0  75
1115  0.0  0.0  75
1116  0.0  0.0  75
1117  0.0  0.0  75
1118  0.0  0.0  75
1119  0.0  0.0  75
1120  0.0  0.0  75
1121  0.0  0.0  75
1122  0.0  0.0  75
1123  0.0  0.0  75
1124  0.0  0.0  75
1125  0.0  0.0  75
1126  0.0  0.0  75
1127  0.0  0.0  75
1128  0.0  0.0  75
1129  0.0  0.0  75
1130  0.0  0.0  75
1131  0.0  0.0  75
1132  0.0  0.0  75
1133  0.0  0.0  75
1134  0.0  0.0  75
1135  0.0  0.0  75
1136  0.0  0.0  75
1137  0.0  0.0  75
1138  0.0  0.0  75
1139  0.0  0.0  75
1140  0.0  0.0  75
1141  0.0  0.0  75
1142  0.0  0.0  75
1143  0.0  0.0  75
1144  0.0  0.0  75
1145  0.0  0.0  75
1146  0.0  0.0  75
1147  0.0  0.0  75
1148  0.0  0.0  75
1149  0.0  0.0  75
1150  0.0  0.0  75
1151  0.0  0.0  75
1152  0.0  0.0  75
1153  0.0  0.0  75
1154  0.0  0.0  75
1155  0.0  0.0  75
1156  0.0  0.0  75
1157  0.0  0.0  75
1158  0.0  0.0  75
1159  0.0  0.0  75
1160  0.0  0.0  75
1161  0.0  0.0  75
1162  0.0  0.0  75
1163  0.0  0.0  75
1164  0.0  0.0  75
1165  0.0  0.0  75
1166  0.0  0.0  75
1167  0.0  0.0  75
1168  0.0  0.0  75
1169  0.0  0.0  75
1170  0.0  0.0  75
1171  0.0  0.0  75
1172  0.0  0.0  75
1173  0.0  0.0  75
1174  0.0  0.0  75
1175  0.0  0.0  75
1176  0.0  0.0  75
1177  0.0  0.0  75
1178  0.0  0.0  75
1179  0.0  0.0  75
1180  0.0  0.0  75
1181  0.0  0.0  75
1182  0.0  0.0  75
1183  0.0  0.0  75
1184  0.0  0.0  75
1185  0.0  0.0  75
1186  0.0  0.0  75
1187  0.0  0.0  75
1188  0.0  0.0  75
1189  0.0  0.0  75
1190  0.0  0.0  75
1191  0.0  0.0  75
1192  0.0  0.0  75
1193  0.0  0.0  75
1194  0.0  0.0  75
1195  0.0  0.0  75
1196  0.0  0.0  75
1197  0.0  0.0  75
1198  0.0  0.0  75
1199  0.0  0.0  75
1200  0.0  0.0  75
1201  0.0  0.0  75
1202  0.0  0.0  75
1203  0.0  0.0  75
1204  0.0  0.0  75
1205  0.0  0.0  75
1206  0.0  0.0  75
1207  0.0  0.0  75
1208  0.0  0.0  75
1209  0.0  0.0  75
1210  0.0  0.0  75
1211  0.0  0.0  75
1212  0.0  0.0  75
1213  0.0  0.0  75
1214  0.0  0.0  75
1215  0.0  0.0  75
1216  0.0  0.0  75
1217  0.0  0.0  75
1218  0.0  0.0  75
1219  0.0  0.0  75
1220  0.0  0.0  75
1221  0.0  0.0  75
1222  8.0  -8.0  3
1223  0.0  0.0  75
1224  0.0  0.0  75
1225  0.0  0.0  75
1226  0.0  0.0  75
1227  0.0  0.0  75
1228  0.0  0.0  75
1229  0.0  0.0  75
1230  0.0  0.0  75
1231  0.0  0.0  75
1232  0.0  0.0  75
1233  0.0  0.0  75
1234  0.0  0.0  75
1235  0.0  0.0  75
1236  0.0  0.0  75
1237  0.0  0.0  75
1238  0.0  0.0  75
1239  0.0  0.0  75
1240  0.0  0.0  75
1241  0.0  0.0  75
1242  0.0  0.0  75
1243  0.0  0.0  75
1244  0.0  0.0  75
1245  0.0  0.0  75
1246  0.0  0.0  75
1247  0.0  0.0  75
1248  0.0  0.0  75
1249  0.0  0.0  75
1250  0.0  0.0  75
1251  0.0  0.0  75
1252  0.0  0.0  75
1253  0.0  0.0  75
1254  0.0  0.0  75
1255  0.0  0.0  75
1256  0.0  0.0  75
1257  0.0  0.0  75
1258  0.0  0.0  75
1259  0.0  0.0  75
1260  0.0  0.0  75
1261  0.0  0.0  75
1262  0.0  0.0  75
1263  0.0  0.0  75
1264  0.0  0.0  75
1265  0.0  0.0  75
1266  0.0  0.0  75
1267  0.0  0.0  75
1268  0.0  0.0  75
1269  0.0  0.0  75
1270  0.0  0.0  75
1271  0.0  0.0  75
1272  0.0  0.0  75
1273  0.0  0.0  75
1274  0.0  0.0  75
1275  0.0  0.0  75
1276  0.0  0.0  75
1277  0.0  0.0  75
1278  0.0  0.0  75
1279  0.0  0.0  75
1280  0.0  0.0  75
1281  0.0  0.0  75
1282  0.0  0.0  75
1283  0.0  0.0  75
1284  0.0  0.0  75
1285  0.0  0.0  75
1286  0.0  0.0  75
1287  0.0  0.0  75
1288  0.0  0.0  75
1289  0.0  0.0  75
1290  0.0  0.0  75
1291  0.0  0.0  75
1292  0.0  0.0  75
1293  0.0  0.0  75
1294  0.0  0.0  75
1295  0.0  0.0  75
1296  0.0  0.0  75
1297  0.0  0.0  75
1298  0.0  0.0  75
1299  0.0  0.0  75
1300  0.0  0.0  75
1301  0.0  0.0  75
1302  0.0  0.0  75
1303  0.0  0.0  75
1304  0.0  0.0  75
1305  0.0  0.0  75
1306  0.0  0.0  75
1307  0.0  0.0  75
1308  0.0  0.0  75
1309  0.0  0.0  75
1310  0.0  0.0  75
1311  0.0  0.0  75
1312  0.0  0.0  75
1313  0.0  0.0  75
1314  0.0  0.0  75
1315  0.0  0.0  75
1316  0.0  0.0  75
1317  0.0  0.0  75
1318  0.0  0.0  75
1319  0.0  0.0  75
1320  0.0  0.0  75
1321  0.0  0.0  75
1322  0.0  0.0  75
1323  0.0  0.0  75
1324  0.0  0.0  75
1325  0.0  0.0  75
1326  0.0  0.0  75
1327  0.0  0.0  75
1328  0.0  0.0  75
1329  0.0  0.0  75
1330  0.0  0.0  75
1331  0.0  0.0  75
1332  0.0  0.0  75
1333  0.0  0.0  75
1334  0.0  0.0  75
1335  0.0  0.0  75
1336  0.0  0.0  75
1337  0.0  0.0  75
1338  0.0  0.0  75
1339  0.0  0.0  75
1340  0.0  0.0  75
1341  0.0  0.0  75
1342  0.0  0.0  75
1343  0.0  0.0  75
1344  0.0  0.0  75
1345  0.0  0.0  75
1346  0.0  0.0  75
1347  0.0  0.0  75
1348  0.0  0.0  75
1349  0.0  0.0  75
1350  0.0  0.0  75
1351  0.0  0.0  75
1352  0.0  0.0  75
1353  0.0  0.0  75
1354  0.0  0.0  75
1355  0.0  0.0  75
1356  0.0  0.0  75
1357  0.0  0.0  75
1358  0.0  0.0  75
1359  0.0  0.0  75
1360  0.0  0.0  75
1361  0.0  0.0  75
1362  0.0  0.0  75
1363  0.0  0.0  75
1364  0.0  0.0  75
1365  0.0  0.0  75
1366  0.0  0.0  75
1367  0.0  0.0  75
1368  0.0  0.0  75
1369  0.0  0.0  75
1370  0.0  0.0  75
1371  0.0  0.0  75
1372  0.0  0.0  75
1373  0.0  0.0  75
1374  0.0  0.0  75
1375  0.0  0.0  75
1376  0.0  0.0  75
1377  0.0  0.0  75
1378  0.0  0.0  75
1379  0.0  0.0  75
1380  0.0  0.0  75
1381  0.0  0.0  75
1382  0.0  0.0  75
1383  0.0  0.0  75
1384  0.0  0.0  75
1385  0.0  0.0  75
1386  0.0  0.0  75
1387  0.0  0.0  75
1388  0.0  0.0  75
1389  0.0  0.0  75
1390  0.0  0.0  75
1391  0.0  0.0  75
1392  0.0  0.0  75
1393  0.0  0.0  75
1394  0.0  0.0  75
1395  0.0  0.0  75
1396  0.0  0.0  75
1397  0.0  0.0  75
1398  0.0  0.0  75
1399  0.0  0.0  75
1400  0.0  0.0  75
1401  0.0  0.0  75
1402  0.0  0.0  75
1403  0.0  0.0  75
1404  0.0  0.0  75
1405  0.0  0.0  75
1406  0.0  0.0  75
1407  0.0  0.0  75
1408  0.0  0.0  75
1409  0.0  0.0  75
1410  0.0  0.0  75
1411  0.0  0.0  75
1412  0.0  0.0  75
1413  0.0  0.0  75
1414  0.0  0.0  75
1415  0.0  0.0  75
1416  0.0  0.0  75
1417  0.0  0.0  75
1418  0.0  0.0  75
1419  0.0  0.0  75
1420  0.0  0.0  75
1421  0.0  0.0  75
1422  0.0  0.0  75
1423  0.0  0.0  75
1424  0.0  0.0  75
1425  0.0  0.0  75
1426  0.0  0.0  75
1427  0.0  0.0  75
1428  0.0  0.0  75
1429  0.0  0.0  75
1430  0.0  0.0  75
1431  0.0  0.0  75
1432  0.0  0.0  75
1433  0.0  0.0  75
1434  0.0  0.0  75
1435  0.0  0.0  75
1436  0.0  0.0  75
1437  0.0  0.0  75
1438  0.0  0.0  75
1439  0.0  0.0  75
1440  0.0  0.0  75
1441  0.0  0.0  75
1442  0.0  0.0  75
1443  0.0  0.0  75
1444  0.0  0.0  75
1445  0.0  0.0  75
1446  0.0  0.0  75
1447  0.0  0.0  75
1448  0.0  0.0  75
1449  0.0  0.0  75
1450  0.0  0.0  75
1451  0.0  0.0  75
1452  0.0  0.0  75
1453  0.0  0.0  75
1454  0.0  0.0  75
1455  0.0  0.0  75
1456  0.0  0.0  75
1457  0.0  0.0  75
1458  0.0  0.0  75
1459  0.0  0.0  75
1460  0.0  0.0  75
1461  0.0  0.0  75
1462  0.0  0.0  75
1463  0.0  0.0  75
1464  0.0  0.0  75
1465  0.0  0.0  75
1466  0.0  0.0  75
1467  0.0  0.0  75
1468  0.0  0.0  75
1469  0.0  0.0  75
1470  0.0  0.0  75
1471  0.0  0.0  75
1472  0.0  0.0  75
1473  0.0  0.0  75
1474  0.0  0.0  75
1475  0.0  0.0  75
1476  0.0  0.0  75
1477  0.0  0.0  75
1478  0.0  0.0  75
1479  0.0  0.0  75
1480  0.0  0.0  75
1481  0.0  0.0  75
1482  0.0  0.0  75
1483  0.0  0.0  75
1484  0.0  0.0  75
1485  0.0  0.0  75
1486  0.0  0.0  75
1487  0.0  0.0  75
1488  0.0  0.0  75
1489  0.0  0.0  75
1490  0.0  0.0  75
1491  0.0  0.0  75
1492  0.0  0.0  75
1493  0.0  0.0  75
1494  0.0  0.0  75
1495  0.0  0.0  75
1496  0.0  0.0  75
1497  0.0  0.0  75
1498  0.0  0.0  75
1499  0.0  0.0  75
1500  0.0  0.0  75
1501  0.0  0.0  75
1502  0.0  0.0  75
1503  0.0  0.0  75
1504  0.0  0.0  75
1505  0.0  0.0  75
1506  0.0  0.0  75
1507  0.0  0.0  75
1508  0.0  0.0  75
1509  0.0  0.0  75
1510  0.0  0.0  75
1511  0.0  0.0  75
1512  0.0  0.0  75
1513  0.0  0.0  75
1514  0.0  0.0  75
1515  0.0  0.0  75
1516  0.0  0.0  75
1517  0.0  0.0  75
1518  0.0  0.0  75
1519  0.0  0.0  75
1520  0.0  0.0  75
1521  0.0  0.0  75
1522  0.0  0.0  75
1523  0.0  0.0  75
1524  0.0  0.0  75
1525  0.0  0.0  75
1526  0.0  0.0  75
1527  0.0  0.0  75
1528  0.0  0.0  75
1529  0.0  0.0  75
1530  0.0  0.0  75
1531  0.0  0.0  75
1532  0.0  0.0  75
1533  0.0  0.0  75
1534  0.0  0.0  75
1535  0.0  0.0  75
1536  0.0  0.0  75
1537  0.0  0.0  75
1538  0.0  0.0  75
1539  0.0  0.0  75
1540  0.0  0.0  75
1541  0.0  0.0  75
1542  0.0  0.0  75
1543  0.0  0.0  75
1544  0.0  0.0  75
1545  0.0  0.0  75
1546  0.0  0.0  75
1547  0.0  0.0  75
1548  0.0  0.0  75
1549  0.0  0.0  75
1550  0.0  0.0  75
1551  0.0  0.0  75
1552  0.0  0.0  75
1553  0.0  0.0  75
1554  0.0  0.0  75
1555  0.0  0.0  75
1556  0.0  0.0  75
1557  0.0  0.0  75
1558  0.0  0.0  75
1559  0.0  0.0  75
1560  0.0  0.0  75
1561  0.0  0.0  75
1562  0.0  0.0  75
1563  0.0  0.0  75
1564  0.0  0.0  75
1565  0.0  0.0  75
1566  0.0  0.0  75
1567  0.0  0.0  75
1568  0.0  0.0  75
1569  0.0  0.0  75
1570  0.0  0.0  75
1571  0.0  0.0  75
1572  0.0  0.0  75
1573  0.0  0.0  75
1574  0.0  0.0  75
1575  0.0  0.0  75
1576  0.0  0.0  75
1577  0.0  0.0  75
1578  0.0  0.0  75
1579  0.0  0.0  75
1580  0.0  0.0  75
1581  0.0  0.0  75
1582  0.0  0.0  75
1583  0.0  0.0  75
1584  0.0  0.0  75
1585  0.0  0.0  75
1586  0.0  0.0  75
1587  0.0  0.0  75
1588  0.0  0.0  75
1589  0.0  0.0  75
1590  8.0  -8.0  3
1591  0.0  0.0  75
1592  0.0  0.0  75
1593  0.0  0.0  75
1594  0.0  0.0  75
1595  0.0  0.0  75
1596  0.0  0.0  75
1597  0.0  0.0  75
1598  0.0  0.0  75
1599  0.0  0.0  75
1600  0.0  0.0  75
1601  0.0  0.0  75
1602  0.0  0.0  75
1603  0.0  0.0  75
1604  0.0  0.0  75
1605  0.0  0.0  75
1606  0.0  0.0  75
1607  0.0  0.0  75
1608  0.0  0.0  75
1609  0.0  0.0  75
1610  0.0  0.0  75
1611  0.0  0.0  75
1612  0.0  0.0  75
1613  0.0  0.0  75
1614  0.0  0.0  75
1615  0.0  0.0  75
1616  0.0  0.0  75
1617  0.0  0.0  75
1618  0.0  0.0  75
1619  0.0  0.0  75
1620  0.0  0.0  75
1621  0.0  0.0  75
1622  0.0  0.0  75
1623  0.0  0.0  75
1624  0.0  0.0  75
1625  0.0  0.0  75
1626  0.0  0.0  75
1627  0.0  0.0  75
1628  0.0  0.0  75
1629  0.0  0.0  75
1630  0.0  0.0  75
1631  0.0  0.0  75
1632  0.0  0.0  75
1633  0.0  0.0  75
1634  0.0  0.0  75
1635  0.0  0.0  75
1636  0.0  0.0  75
1637  0.0  0.0  75
1638  0.0  0.0  75
1639  0.0  0.0  75
1640  0.0  0.0  75
1641  0.0  0.0  75
1642  0.0  0.0  75
1643  0.0  0.0  75
1644  0.0  0.0  75
1645  0.0  0.0  75
1646  0.0  0.0  75
1647  0.0  0.0  75
1648  0.0  0.0  75
1649  0.0  0.0  75
1650  0.0  0.0  75
1651  0.0  0.0  75
1652  0.0  0.0  75
1653  0.0  0.0  75
1654  0.0  0.0  75
1655  0.0  0.0  75
1656  0.0  0.0  75
1657  0.0  0.0  75
1658  0.0  0.0  75
1659  0.0  0.0  75
1660  0.0  0.0  75
1661  0.0  0.0  75
1662  0.0  0.0  75
1663  0.0  0.0  75
1664  0.0  0.0  75
1665  0.0  0.0  75
1666  0.0  0.0  75
1667  0.0  0.0  75
1668  0.0  0.0  75
1669  0.0  0.0  75
1670  0.0  0.0  75
1671  0.0  0.0  75
1672  0.0  0.0  75
1673  0.0  0.0  75
1674  0.0  0.0  75
1675  0.0  0.0  75
1676  0.0  0.0  75
1677  0.0  0.0  75
1678  0.0  0.0  75
1679  0.0  0.0  75
1680  0.0  0.0  75
1681  0.0  0.0  75
1682  0.0  0.0  75
1683  0.0  0.0  75
1684  0.0  0.0  75
1685  0.0  0.0  75
1686  0.0  0.0  75
1687  0.0  0.0  75
1688  0.0  0.0  75
1689  0.0  0.0  75
1690  0.0  0.0  75
1691  0.0  0.0  75
1692  0.0  0.0  75
1693  0.0  0.0  75
1694  0.0  0.0  75
1695  0.0  0.0  75
1696  0.0  0.0  75
1697  0.0  0.0  75
1698  0.0  0.0  75
1699  0.0  0.0  75
1700  0.0  0.0  75
1701  0.0  0.0  75
1702  0.0  0.0  75
1703  0.0  0.0  75
1704  0.0  0.0  75
1705  0.0  0.0  75
1706  0.0  0.0  75
1707  0.0  0.0  75
1708  0.0  0.0  75
1709  0.0  0.0  75
1710  0.0  0.0  75
1711  0.0  0.0  75
1712  0.0  0.0  75
1713  0.0  0.0  75
1714  0.0  0.0  75
1715  0.0  0.0  75
1716  0.0  0.0  75
1717  0.0  0.0  75
1718  0.0  0.0  75
1719  0.0  0.0  75
1720  0.0  0.0  75
1721  0.0  0.0  75
1722  0.0  0.0  75
1723  0.0  0.0  75
1724  0.0  0.0  75
1725  0.0  0.0  75
1726  0.0  0.0  75
1727  0.0  0.0  75
1728  0.0  0.0  75
1729  0.0  0.0  75
1730  0.0  0.0  75
1731  0.0  0.0  75
1732  0.0  0.0  75
1733  0.0  0.0  75
1734  0.0  0.0  75
1735  0.0  0.0  75
1736  0.0  0.0  75
1737  0.0  0.0  75
1738  0.0  0.0  75
1739  0.0  0.0  75
1740  0.0  0.0  75
1741  0.0  0.0  75
1742  0.0  0.0  75
1743  0.0  0.0  75
1744  0.0  0.0  75
1745  0.0  0.0  75
1746  0.0  0.0  75
1747  0.0  0.0  75
1748  0.0  0.0  75
1749  0.0  0.0  75
1750  0.0  0.0  75
1751  0.0  0.0  75
1752  0.0  0.0  75
1753  0.0  0.0  75
1754  0.0  0.0  75
1755  0.0  0.0  75
1756  0.0  0.0  75
1757  0.0  0.0  75
1758  0.0  0.0  75
1759  0.0  0.0  75
1760  0.0  0.0  75
1761  0.0  0.0  75
1762  0.0  0.0  75
1763  0.0  0.0  75
1764  0.0  0.0  75
1765  0.0  0.0  75
1766  0.0  0.0  75
1767  0.0  0.0  75
1768  0.0  0.0  75
1769  0.0  0.0  75
1770  0.0  0.0  75
1771  0.0  0.0  75
1772  0.0  0.0  75
1773  0.0  0.0  75
1774  0.0  0.0  75
1775  0.0  0.0  75
1776  0.0  0.0  75
1777  0.0  0.0  75
1778  0.0  0.0  75
1779  0.0  0.0  75
1780  0.0  0.0  75
1781  0.0  0.0  75
1782  0.0  0.0  75
1783  0.0  0.0  75
1784  0.0  0.0  75
1785  0.0  0.0  75
1786  0.0  0.0  75
1787  0.0  0.0  75
1788  0.0  0.0  75
1789  0.0  0.0  75
1790  0.0  0.0  75
1791  0.0  0.0  75
1792  0.0  0.0  75
1793  0.0  0.0  75
1794  0.0  0.0  75
1795  0.0  0.0  75
1796  0.0  0.0  75
1797  0.0  0.0  75
1798  0.0  0.0  75
1799  0.0  0.0  75
1800  0.0  0.0  75
1801  0.0  0.0  75
1802  0.0  0.0  75
1803  0.0  0.0  75
1804  0.0  0.0  75
1805  0.0  0.0  75
1806  0.0  0.0  75
1807  0.0  0.0  75
1808  0.0  0.0  75
1809  0.0  0.0  75
1810  0.0  0.0  75
1811  0.0  0.0  75
1812  0.0  0.0  75
1813  0.0  0.0  75
1814  0.0  0.0  75
1815  0.0  0.0  75
1816  0.0  0.0  75
1817  0.0  0.0  75
1818  0.0  0.0  75
1819  0.0  0.0  75
1820  0.0  0.0  75
1821  0.0  0.0  75
1822  0.0  0.0  75
1823  0.0  0.0  75
1824  0.0  0.0  75
1825  0.0  0.0  75
1826  0.0  0.0  75
1827  0.0  0.0  75
1828  0.0  0.0  75
1829  0.0  0.0  75
1830  0.0  0.0  75
1831  0.0  0.0  75
1832  0.0  0.0  75
1833  0.0  0.0  75
1834  0.0  0.0  75
1835  0.0  0.0  75
1836  0.0  0.0  75
1837  0.0  0.0  75
1838  0.0  0.0  75
1839  0.0  0.0  75
1840  0.0  0.0  75
1841  0.0  0.0  75
1842  0.0  0.0  75
1843  0.0  0.0  75
1844  0.0  0.0  75
1845  0.0  0.0  75
1846  0.0  0.0  75
1847  0.0  0.0  75
1848  0.0  0.0  75
1849  0.0  0.0  75
1850  0.0  0.0  75
1851  0.0  0.0  75
1852  0.0  0.0  75
1853  0.0  0.0  75
1854  0.0  0.0  75
1855  0.0  0.0  75
1856  0.0  0.0  75
1857  0.0  0.0  75
1858  0.0  0.0  75
1859  0.0  0.0  75
1860  0.0  0.0  75
1861  0.0  0.0  75
1862  0.0  0.0  75
1863  0.0  0.0  75
1864  0.0  0.0  75
1865  0.0  0.0  75
1866  0.0  0.0  75
1867  0.0  0.0  75
1868  0.0  0.0  75
1869  0.0  0.0  75
1870  0.0  0.0  75
1871  0.0  0.0  75
1872  0.0  0.0  75
1873  0.0  0.0  75
1874  0.0  0.0  75
1875  0.0  0.0  75
1876  0.0  0.0  75
1877  0.0  0.0  75
1878  0.0  0.0  75
1879  0.0  0.0  75
1880  0.0  0.0  75
1881  0.0  0.0  75
1882  0.0  0.0  75
1883  0.0  0.0  75
1884  0.0  0.0  75
1885  0.0  0.0  75
1886  0.0  0.0  75
1887  0.0  0.0  75
1888  0.0  0.0  75
1889  0.0  0.0  75
1890  0.0  0.0  75
1891  0.0  0.0  75
1892  0.0  0.0  75
1893  0.0  0.0  75
1894  0.0  0.0  75
1895  0.0  0.0  75
1896  0.0  0.0  75
1897  0.0  0.0  75
1898  0.0  0.0  75
1899  0.0  0.0  75
1900  0.0  0.0  75
1901  0.0  0.0  75
1902  0.0  0.0  75
1903  0.0  0.0  75
1904  0.0  0.0  75
1905  0.0  0.0  75
1906  0.0  0.0  75
1907  0.0  0.0  75
1908  0.0  0.0  75
1909  0.0  0.0  75
1910  0.0  0.0  75
1911  0.0  0.0  75
1912  0.0  0.0  75
1913  0.0  0.0  75
1914  0.0  0.0  75
1915  0.0  0.0  75
1916  0.0  0.0  75
1917  0.0  0.0  75
1918  0.0  0.0  75
1919  0.0  0.0  75
1920  0.0  0.0  75
1921  0.0  0.0  75
1922  0.0  0.0  75
1923  0.0  0.0  75
1924  0.0  0.0  75
1925  0.0  0.0  75
1926  0.0  0.0  75
1927  0.0  0.0  75
1928  0.0  0.0  75
1929  0.0  0.0  75
1930  0.0  0.0  75
1931  0.0  0.0  75
1932  0.0  0.0  75
1933  0.0  0.0  75
1934  0.0  0.0  75
1935  0.0  0.0  75
1936  0.0  0.0  75
1937  0.0  0.0  75
1938  0.0  0.0  75
1939  0.0  0.0  75
1940  0.0  0.0  75
1941  0.0  0.0  75
1942  0.0  0.0  75
1943  0.0  0.0  75
1944  0.0  0.0  75
1945  0.0  0.0  75
1946  0.0  0.0  75
1947  0.0  0.0  75
1948  0.0  0.0  75
1949  0.0  0.0  75
1950  0.0  0.0  75
1951  0.0  0.0  75
1952  0.0  0.0  75
1953  0.0  0.0  75
1954  0.0  0.0  75
1955  0.0  0.0  75
1956  0.0  0.0  75
1957  0.0  0.0  75
1958  0.0  0.0  75
1959  0.0  0.0  75
1960  0.0  0.0  75
1961  0.0  0.0  75
1962  0.0  0.0  75
1963  0.0  0.0  75
1964  0.0  0.0  75
1965  0.0  0.0  75
1966  0.0  0.0  75
1967  0.0  0.0  75
1968  0.0  0.0  75
1969  0.0  0.0  75
1970  0.0  0.0  75
1971  0.0  0.0  75
1972  0.0  0.0  75
1973  0.0  0.0  75
1974  0.0  0.0  75
1975  0.0  0.0  75
1976  0.0  0.0  75
1977  0.0  0.0  75
1978  0.0  0.0  75
1979  0.0  0.0  75
1980  0.0  0.0  75
1981  0.0  0.0  75
1982  0.0  0.0  75
1983  0.0  0.0  75
1984  0.0  0.0  75
1985  0.0  0.0  75
1986  0.0  0.0  75
1987  0.0  0.0  75
1988  0.0  0.0  75
1989  0.0  0.0  75
1990  0.0  0.0  75
1991  0.0  0.0  75
1992  0.0  0.0  75
1993  0.0  0.0  75
1994  0.0  0.0  75
1995  0.0  0.0  75
1996  0.0  0.0  75
1997  0.0  0.0  75
1998  0.0  0.0  75
1999  0.0  0.0  75
2000  0.0  0.0  75
2001  0.0  0.0  75
2002  0.0  0.0  75
2003  0.0  0.0  75
2004  0.0  0.0  75
2005  0.0  0.0  75
2006  0.0  0.0  75
2007  0.0  0.0  75
2008  0.0  0.0  75
2009  0.0  0.0  75
2010  0.0  0.0  75
2011  0.0  0.0  75
2012  0.0  0.0  75
2013  0.0  0.0  75
2014  0.0  0.0  75
2015  0.0  0.0  75
2016  0.0  0.0  75
2017  0.0  0.0  75
2018  0.0  0.0  75
2019  0.0  0.0  75
2020  0.0  0.0  75
2021  0.0  0.0  75
2022  0.0  0.0  75
2023  0.0  0.0  75
2024  0.0  0.0  75
2025  0.0  0.0  75
2026  0.0  0.0  75
2027  0.0  0.0  75
2028  0.0  0.0  75
2029  0.0  0.0  75
2030  0.0  0.0  75
2031  0.0  0.0  75
2032  0.0  0.0  75
2033  0.0  0.0  75
2034  0.0  0.0  75
2035  0.0  0.0  75
2036  0.0  0.0  75
2037  0.0  0.0  75
2038  0.0  0.0  75
2039  0.0  0.0  75
2040  0.0  0.0  75
2041  0.0  0.0  75
2042  0.0  0.0  75
2043  0.0  0.0  75
2044  0.0  0.0  75
2045  0.0  0.0  75
2046  0.0  0.0  75
2047  0.0  0.0  75
2048  0.0  0.0  75
2049  0.0  0.0  75
2050  0.0  0.0  75
2051  0.0  0.0  75
2052  0.0  0.0  75
2053  0.0  0.0  75
2054  0.0  0.0  75
2055  0.0  0.0  75
2056  0.0  0.0  75
2057  0.0  0.0  75
2058  0.0  0.0  75
2059  0.0  0.0  75
2060  0.0  0.0  75
2061  0.0  0.0  75
2062  0.0  0.0  75
2063  8.0  -8.0  3
2064  0.0  0.0  75
2065  0.0  0.0  75
2066  0.0  0.0  75
2067  0.0  0.0  75
2068  0.0  0.0  75
2069  0.0  0.0  75
2070  0.0  0.0  75
2071  0.0  0.0  75
2072  0.0  0.0  75
2073  0.0  0.0  75
2074  0.0  0.0  75
2075  0.0  0.0  75
2076  0.0  0.0  75
2077  0.0  0.0  75
2078  0.0  0.0  75
2079  0.0  0.0  75
2080  0.0  0.0  75
2081  0.0  0.0  75
2082  0.0  0.0  75
2083  0.0  0.0  75
2084  0.0  0.0  75
2085  0.0  0.0  75
2086  0.0  0.0  75
2087  0.0  0.0  75
2088  0.0  0.0  75
2089  0.0  0.0  75
2090  0.0  0.0  75
2091  0.0  0.0  75
2092  0.0  0.0  75
2093  0.0  0.0  75
2094  0.0  0.0  75
2095  0.0  0.0  75
2096  0.0  0.0  75
2097  0.0  0.0  75
2098  0.0  0.0  75
2099  0.0  0.0  75
2100  0.0  0.0  75
2101  0.0  0.0  75
2102  0.0  0.0  75
2103  0.0  0.0  75
2104  0.0  0.0  75
2105  0.0  0.0  75
2106  0.0  0.0  75
2107  0.0  0.0  75
2108  0.0  0.0  75
2109  0.0  0.0  75
2110  0.0  0.0  75
2111  0.0  0.0  75
2112  0.0  0.0  75
2113  0.0  0.0  75
2114  0.0  0.0  75
2115  0.0  0.0  75
2116  0.0  0.0  75
2117  0.0  0.0  75
2118  0.0  0.0  75
2119  0.0  0.0  75
2120  0.0  0.0  75
2121  0.0  0.0  75
2122  0.0  0.0  75
2123  0.0  0.0  75
2124  0.0  0.0  75
2125  0.0  0.0  75
2126  0.0  0.0  75
2127  0.0  0.0  75
2128  0.0  0.0  75
2129  0.0  0.0  75
2130  0.0  0.0  75
2131  0.0  0.0  75
2132  0.0  0.0  75
2133  0.0  0.0  75
2134  0.0  0.0  75
2135  0.0  0.0  75
2136  0.0  0.0  75
2137  0.0  0.0  75
2138  0.0  0.0  75
2139  0.0  0.0  75
2140  0.0  0.0  75
2141  0.0  0.0  75
2142  0.0  0.0  75
2143  0.0  0.0  75
2144  0.0  0.0  75
2145  0.0  0.0  75
2146  0.0  0.0  75
2147  0.0  0.0  75
2148  0.0  0.0  75
2149  0.0  0.0  75
2150  0.0  0.0  75
2151  0.0  0.0  75
2152  0.0  0.0  75
2153  0.0  0.0  75
2154  0.0  0.0  75
2155  0.0  0.0  75
2156  0.0  0.0  75
2157  0.0  0.0  75
2158  0.0  0.0  75
2159  0.0  0.0  75
2160  0.0  0.0  75
2161  0.0  0.0  75
2162  0.0  0.0  75
2163  0.0  0.0  75
2164  0.0  0.0  75
2165  0.0  0.0  75
2166  0.0  0.0  75
2167  0.0  0.0  75
2168  0.0  0.0  75
2169  0.0  0.0  75
2170  0.0  0.0  75
2171  0.0  0.0  75
2172  0.0  0.0  75
2173  0.0  0.0  75
2174  0.0  0.0  75
2175  0.0  0.0  75
2176  0.0  0.0  75
2177  0.0  0.0  75
2178  0.0  0.0  75
2179  0.0  0.0  75
2180  0.0  0.0  75
2181  0.0  0.0  75
2182  0.0  0.0  75
2183  0.0  0.0  75
2184  0.0  0.0  75
2185  0.0  0.0  75
2186  0.0  0.0  75
2187  0.0  0.0  75
2188  0.0  0.0  75
2189  0.0  0.0  75
2190  0.0  0.0  75
2191  0.0  0.0  75
2192  0.0  0.0  75
2193  0.0  0.0  75
2194  0.0  0.0  75
2195  0.0  0.0  75
2196  0.0  0.0  75
2197  0.0  0.0  75
2198  0.0  0.0  75
2199  0.0  0.0  75
2200  0.0  0.0  75
2201  0.0  0.0  75
2202  0.0  0.0  75
2203  0.0  0.0  75
2204  0.0  0.0  75
2205  0.0  0.0  75
2206  0.0  0.0  75
2207  0.0  0.0  75
2208  0.0  0.0  75
2209  0.0  0.0  75
2210  0.0  0.0  75
2211  0.0  0.0  75
2212  0.0  0.0  75
2213  0.0  0.0  75
2214  0.0  0.0  75
2215  0.0  0.0  75
2216  0.0  0.0  75
2217  0.0  0.0  75
2218  0.0  0.0  75
2219  0.0  0.0  75
2220  0.0  0.0  75
2221  0.0  0.0  75
2222  0.0  0.0  75
2223  0.0  0.0  75
2224  0.0  0.0  75
2225  0.0  0.0  75
2226  0.0  0.0  75
2227  0.0  0.0  75
2228  0.0  0.0  75
2229  0.0  0.0  75
2230  0.0  0.0  75
2231  0.0  0.0  75
2232  0.0  0.0  75
2233  0.0  0.0  75
2234  0.0  0.0  75
2235  0.0  0.0  75
2236  0.0  0.0  75
2237  0.0  0.0  75
2238  0.0  0.0  75
2239  0.0  0.0  75
2240  0.0  0.0  75
2241  0.0  0.0  75
2242  0.0  0.0  75
2243  0.0  0.0  75
2244  0.0  0.0  75
2245  0.0  0.0  75
2246  0.0  0.0  75
2247  0.0  0.0  75
2248  0.0  0.0  75
2249  0.0  0.0  75
2250  0.0  0.0  75
2251  0.0  0.0  75
2252  0.0  0.0  75
2253  0.0  0.0  75
2254  0.0  0.0  75
2255  0.0  0.0  75
2256  0.0  0.0  75
2257  0.0  0.0  75
2258  0.0  0.0  75
2259  0.0  0.0  75
2260  0.0  0.0  75
2261  0.0  0.0  75
2262  0.0  0.0  75
2263  0.0  0.0  75
2264  0.0  0.0  75
2265  0.0  0.0  75
2266  0.0  0.0  75
2267  0.0  0.0  75
2268  0.0  0.0  75
2269  0.0  0.0  75
2270  0.0  0.0  75
2271  0.0  0.0  75
2272  0.0  0.0  75
2273  0.0  0.0  75
2274  0.0  0.0  75
2275  0.0  0.0  75
2276  0.0  0.0  75
2277  0.0  0.0  75
2278  0.0  0.0  75
2279  0.0  0.0  75
2280  0.0  0.0  75
2281  0.0  0.0  75
2282  0.0  0.0  75
2283  0.0  0.0  75
2284  0.0  0.0  75
2285  0.0  0.0  75
2286  0.0  0.0  75
2287  0.0  0.0  75
2288  0.0  0.0  75
2289  0.0  0.0  75
2290  0.0  0.0  75
2291  0.0  0.0  75
2292  0.0  0.0  75
2293  0.0  0.0  75
2294  0.0  0.0  75
2295  0.0  0.0  75
2296  0.0  0.0  75
2297  0.0  0.0  75
2298  0.0  0.0  75
2299  0.0  0.0  75
2300  0.0  0.0  75
2301  0.0  0.0  75
2302  0.0  0.0  75
2303  0.0  0.0  75
2304  0.0  0.0  75
2305  0.0  0.0  75
2306  0.0  0.0  75
2307  0.0  0.0  75
2308  0.0  0.0  75
2309  0.0  0.0  75
2310  0.0  0.0  75
2311  0.0  0.0  75
2312  0.0  0.0  75
2313  0.0  0.0  75
2314  0.0  0.0  75
2315  0.0  0.0  75
2316  0.0  0.0  75
2317  0.0  0.0  75
2318  0.0  0.0  75
2319  0.0  0.0  75
2320  0.0  0.0  75
2321  0.0  0.0  75
2322  0.0  0.0  75
2323  0.0  0.0  75
2324  0.0  0.0  75
2325  0.0  0.0  75
2326  0.0  0.0  75
2327  0.0  0.0  75
2328  0.0  0.0  75
2329  0.0  0.0  75
2330  0.0  0.0  75
2331  0.0  0.0  75
2332  0.0  0.0  75
2333  0.0  0.0  75
2334  0.0  0.0  75
2335  0.0  0.0  75
2336  0.0  0.0  75
2337  0.0  0.0  75
2338  0.0  0.0  75
2339  0.0  0.0  75
2340  0.0  0.0  75
2341  0.0  0.0  75
2342  0.0  0.0  75
2343  0.0  0.0  75
2344  0.0  0.0  75
2345  0.0  0.0  75
2346  0.0  0.0  75
2347  0.0  0.0  75
2348  0.0  0.0  75
2349  0.0  0.0  75
2350  0.0  0.0  75
2351  0.0  0.0  75
2352  0.0  0.0  75
2353  0.0  0.0  75
2354  0.0  0.0  75
2355  0.0  0.0  75
2356  0.0  0.0  75
2357  0.0  0.0  75
2358  0.0  0.0  75
2359  0.0  0.0  75
2360  0.0  0.0  75
2361  0.0  0.0  75
2362  0.0  0.0  75
2363  0.0  0.0  75
2364  0.0  0.0  75
2365  0.0  0.0  75
2366  0.0  0.0  75
2367  0.0  0.0  75
2368  0.0  0.0  75
2369  0.0  0.0  75
2370  0.0  0.0  75
2371  0.0  0.0  75
2372  0.0  0.0  75
2373  0.0  0.0  75
2374  0.0  0.0  75
2375  0.0  0.0  75
2376  0.0  0.0  75
2377  0.0  0.0  75
2378  0.0  0.0  75
2379  0.0  0.0  75
2380  0.0  0.0  75
2381  0.0  0.0  75
2382  0.0  0.0  75
2383  0.0  0.0  75
2384  0.0  0.0  75
2385  0.0  0.0  75
2386  0.0  0.0  75
2387  0.0  0.0  75
2388  0.0  0.0  75
2389  0.0  0.0  75
2390  0.0  0.0  75
2391  0.0  0.0  75
2392  0.0  0.0  75
2393  0.0  0.0  75
2394  0.0  0.0  75
2395  0.0  0.0  75
2396  0.0  0.0  75
2397  0.0  0.0  75
2398  0.0  0.0  75
2399  0.0  0.0  75
2400  0.0  0.0  75
2401  0.0  0.0  75
2402  0.0  0.0  75
2403  0.0  0.0  75
2404  0.0  0.0  75
2405  0.0  0.0  75
2406  0.0  0.0  75
2407  0.0  0.0  75
2408  0.0  0.0  75
2409  0.0  0.0  75
2410  0.0  0.0  75
2411  0.0  0.0  75
2412  0.0  0.0  75
2413  0.0  0.0  75
2414  0.0  0.0  75
2415  0.0  0.0  75
2416  0.0  0.0  75
2417  0.0  0.0  75
2418  0.0  0.0  75
2419  0.0  0.0  75
2420  0.0  0.0  75
2421  0.0  0.0  75
2422  0.0  0.0  75
2423  0.0  0.0  75
2424  0.0  0.0  75
2425  0.0  0.0  75
2426  0.0  0.0  75
2427  0.0  0.0  75
2428  0.0  0.0  75
2429  0.0  0.0  75
2430  0.0  0.0  75
2431  0.0  0.0  75
2432  0.0  0.0  75
2433  0.0  0.0  75
2434  0.0  0.0  75
2435  0.0  0.0  75
2436  0.0  0.0  75
2437  0.0  0.0  75
2438  0.0  0.0  75
2439  0.0  0.0  75
2440  0.0  0.0  75
2441  0.0  0.0  75
2442  0.0  0.0  75
2443  0.0  0.0  75
2444  0.0  0.0  75
2445  0.0  0.0  75
2446  0.0  0.0  75
2447  0.0  0.0  75
2448  0.0  0.0  75
2449  0.0  0.0  75
2450  0.0  0.0  75
2451  0.0  0.0  75
2452  0.0  0.0  75
2453  0.0  0.0  75
2454  0.0  0.0  75
2455  0.0  0.0  75
2456  0.0  0.0  75
2457  0.0  0.0  75
2458  0.0  0.0  75
2459  0.0  0.0  75
2460  0.0  0.0  75
2461  0.0  0.0  75
2462  0.0  0.0  75
2463  0.0  0.0  75
2464  0.0  0.0  75
2465  0.0  0.0  75
2466  0.0  0.0  75
2467  0.0  0.0  75
2468  0.0  0.0  75
2469  0.0  0.0  75
2470  0.0  0.0  75
2471  0.0  0.0  75
2472  0.0  0.0  75
2473  0.0  0.0  75
2474  0.0  0.0  75
2475  0.0  0.0  75
2476  0.0  0.0  75
2477  0.0  0.0  75
2478  0.0  0.0  75
2479  0.0  0.0  75
2480  0.0  0.0  75
2481  0.0  0.0  75
2482  0.0  0.0  75
2483  0.0  0.0  75
2484  0.0  0.0  75
2485  0.0  0.0  75
2486  0.0  0.0  75
2487  0.0  0.0  75
2488  0.0  0.0  75
2489  0.0  0.0  75
2490  0.0  0.0  75
2491  0.0  0.0  75
2492  0.0  0.0  75
2493  0.0  0.0  75
2494  0.0  0.0  75
2495  0.0  0.0  75
2496  0.0  0.0  75
2497  0.0  0.0  75
2498  0.0  0.0  75
2499  0.0  0.0  75
2500  0.0  0.0  75
2501  0.0  0.0  75
2502  0.0  0.0  75
2503  0.0  0.0  75
2504  0.0  0.0  75
2505  0.0  0.0  75
2506  0.0  0.0  75
2507  0.0  0.0  75
2508  0.0  0.0  75
2509  0.0  0.0  75
2510  0.0  0.0  75
2511  0.0  0.0  75
2512  0.0  0.0  75
2513  0.0  0.0  75
2514  0.0  0.0  75
2515  0.0  0.0  75
2516  0.0  0.0  75
2517  0.0  0.0  75
2518  0.0  0.0  75
2519  0.0  0.0  75
2520  0.0  0.0  75
2521  0.0  0.0  75
2522  0.0  0.0  75
2523  0.0  0.0  75
2524  0.0  0.0  75
2525  0.0  0.0  75
2526  0.0  0.0  75
2527  0.0  0.0  75
2528  0.0  0.0  75
2529  0.0  0.0  75
2530  0.0  0.0  75
2531  0.0  0.0  75
2532  0.0  0.0  75
2533  0.0  0.0  75
2534  0.0  0.0  75
2535  0.0  0.0  75
2536  0.0  0.0  75
2537  0.0  0.0  75
2538  0.0  0.0  75
2539  0.0  0.0  75
2540  0.0  0.0  75
2541  0.0  0.0  75
2542  0.0  0.0  75
2543  0.0  0.0  75
2544  0.0  0.0  75
2545  0.0  0.0  75
2546  0.0  0.0  75
2547  0.0  0.0  75
2548  0.0  0.0  75
2549  0.0  0.0  75
2550  0.0  0.0  75
2551  0.0  0.0  75
2552  0.0  0.0  75
2553  0.0  0.0  75
2554  0.0  0.0  75
2555  0.0  0.0  75
2556  0.0  0.0  75
2557  0.0  0.0  75
2558  0.0  0.0  75
2559  0.0  0.0  75
2560  0.0  0.0  75
2561  0.0  0.0  75
2562  0.0  0.0  75
2563  0.0  0.0  75
2564  0.0  0.0  75
2565  0.0  0.0  75
2566  0.0  0.0  75
2567  0.0  0.0  75
2568  0.0  0.0  75
2569  0.0  0.0  75
2570  0.0  0.0  75
2571  0.0  0.0  75
2572  0.0  0.0  75
2573  0.0  0.0  75
2574  0.0  0.0  75
2575  0.0  0.0  75
2576  0.0  0.0  75
2577  0.0  0.0  75
2578  0.0  0.0  75
2579  0.0  0.0  75
2580  0.0  0.0  75
2581  0.0  0.0  75
2582  0.0  0.0  75
2583  0.0  0.0  75
2584  0.0  0.0  75
2585  0.0  0.0  75
2586  0.0  0.0  75
2587  0.0  0.0  75
2588  0.0  0.0  75
2589  0.0  0.0  75
2590  0.0  0.0  75
2591  0.0  0.0  75
2592  0.0  0.0  75
2593  0.0  0.0  75
2594  0.0  0.0  75
2595  0.0  0.0  75
2596  0.0  0.0  75
2597  0.0  0.0  75
2598  0.0  0.0  75
2599  0.0  0.0  75
2600  0.0  0.0  75
2601  0.0  0.0  75
2602  0.0  0.0  75
2603  0.0  0.0  75
2604  0.0  0.0  75
2605  0.0  0.0  75
2606  0.0  0.0  75
2607  0.0  0.0  75
2608  0.0  0.0  75
2609  0.0  0.0  75
2610  0.0  0.0  75
2611  0.0  0.0  75
2612  0.0  0.0  75
2613  0.0  0.0  75
2614  0.0  0.0  75
2615  0.0  0.0  75
2616  0.0  0.0  75
2617  0.0  0.0  75
2618  0.0  0.0  75
2619  0.0  0.0  75
2620  0.0  0.0  75
2621  0.0  0.0  75
2622  0.0  0.0  75
2623  0.0  0.0  75
2624  0.0  0.0  75
2625  0.0  0.0  75
2626  0.0  0.0  75
2627  0.0  0.0  75
2628  0.0  0.0  75
2629  0.0  0.0  75
2630  0.0  0.0  75
2631  0.0  0.0  75
2632  0.0  0.0  75
2633  0.0  0.0  75
2634  0.0  0.0  75
2635  0.0  0.0  75
2636  0.0  0.0  75
2637  0.0  0.0  75
2638  0.0  0.0  75
2639  0.0  0.0  75
2640  0.0  0.0  75
2641  0.0  0.0  75
2642  0.0  0.0  75
2643  0.0  0.0  75
2644  0.0  0.0  75
2645  0.0  0.0  75
2646  0.0  0.0  75
2647  0.0  0.0  75
2648  0.0  0.0  75
2649  0.0  0.0  75
2650  0.0  0.0  75
2651  0.0  0.0  75
2652  0.0  0.0  75
2653  0.0  0.0  75
2654  0.0  0.0  75
2655  0.0  0.0  75
2656  0.0  0.0  75
2657  0.0  0.0  75
2658  0.0  0.0  75
2659  0.0  0.0  75
2660  0.0  0.0  75
2661  0.0  0.0  75
2662  0.0  0.0  75
2663  0.0  0.0  75
2664  0.0  0.0  75
2665  0.0  0.0  75
2666  0.0  0.0  75
2667  0.0  0.0  75
2668  0.0  0.0  75
2669  0.0  0.0  75
2670  0.0  0.0  75
2671  0.0  0.0  75
2672  0.0  0.0  75
2673  0.0  0.0  75
2674  0.0  0.0  75
2675  0.0  0.0  75
2676  0.0  0.0  75
2677  0.0  0.0  75
2678  0.0  0.0  75
2679  0.0  0.0  75
2680  0.0  0.0  75
2681  0.0  0.0  75
2682  0.0  0.0  75
2683  0.0  0.0  75
2684  0.0  0.0  75
2685  0.0  0.0  75
2686  0.0  0.0  75
2687  0.0  0.0  75
2688  0.0  0.0  75
2689  0.0  0.0  75
2690  0.0  0.0  75
2691  0.0  0.0  75
2692  0.0  0.0  75
2693  0.0  0.0  75
2694  0.0  0.0  75
2695  0.0  0.0  75
2696  0.0  0.0  75
2697  0.0  0.0  75
2698  0.0  0.0  75
2699  0.0  0.0  75
2700  0.0  0.0  75
2701  0.0  0.0  75
2702  0.0  0.0  75
2703  0.0  0.0  75
2704  0.0  0.0  75
2705  0.0  0.0  75
2706  0.0  0.0  75
2707  0.0  0.0  75
2708  0.0  0.0  75
2709  0.0  0.0  75
2710  0.0  0.0  75
2711  0.0  0.0  75
2712  0.0  0.0  75
2713  0.0  0.0  75
2714  0.0  0.0  75
2715  0.0  0.0  75
2716  0.0  0.0  75
2717  0.0  0.0  75
2718  0.0  0.0  75
2719  0.0  0.0  75
2720  0.0  0.0  75
2721  0.0  0.0  75
2722  0.0  0.0  75
2723  0.0  0.0  75
2724  0.0  0.0  75
2725  0.0  0.0  75
2726  0.0  0.0  75
2727  0.0  0.0  75
2728  0.0  0.0  75
2729  0.0  0.0  75
2730  0.0  0.0  75
2731  0.0  0.0  75
2732  0.0  0.0  75
2733  0.0  0.0  75
2734  0.0  0.0  75
2735  0.0  0.0  75
2736  0.0  0.0  75
2737  0.0  0.0  75
2738  0.0  0.0  75
2739  0.0  0.0  75
2740  0.0  0.0  75
2741  0.0  0.0  75
2742  0.0  0.0  75
2743  0.0  0.0  75
2744  0.0  0.0  75
2745  0.0  0.0  75
2746  0.0  0.0  75
2747  0.0  0.0  75
2748  0.0  0.0  75
2749  0.0  0.0  75
2750  0.0  0.0  75
2751  0.0  0.0  75
2752  0.0  0.0  75
2753  0.0  0.0  75
2754  0.0  0.0  75
2755  0.0  0.0  75
2756  0.0  0.0  75
2757  0.0  0.0  75
2758  0.0  0.0  75
2759  0.0  0.0  75
2760  0.0  0.0  75
2761  0.0  0.0  75
2762  0.0  0.0  75
2763  0.0  0.0  75
2764  0.0  0.0  75
2765  0.0  0.0  75
2766  0.0  0.0  75
2767  0.0  0.0  75
2768  0.0  0.0  75
2769  0.0  0.0  75
2770  0.0  0.0  75
2771  0.0  0.0  75
2772  0.0  0.0  75
2773  0.0  0.0  75
2774  0.0  0.0  75
2775  0.0  0.0  75
2776  0.0  0.0  75
2777  0.0  0.0  75
2778  0.0  0.0  75
2779  0.0  0.0  75
2780  0.0  0.0  75
2781  0.0  0.0  75
2782  0.0  0.0  75
2783  0.0  0.0  75
2784  0.0  0.0  75
2785  0.0  0.0  75
2786  0.0  0.0  75
2787  0.0  0.0  75
2788  0.0  0.0  75
2789  0.0  0.0  75
2790  0.0  0.0  75
2791  0.0  0.0  75
2792  0.0  0.0  75
2793  0.0  0.0  75
2794  0.0  0.0  75
2795  0.0  0.0  75
2796  0.0  0.0  75
2797  0.0  0.0  75
2798  0.0  0.0  75
2799  0.0  0.0  75
2800  0.0  0.0  75
2801  0.0  0.0  75
2802  0.0  0.0  75
2803  0.0  0.0  75
2804  0.0  0.0  75
2805  0.0  0.0  75
2806  0.0  0.0  75
2807  0.0  0.0  75
2808  0.0  0.0  75
2809  0.0  0.0  75
2810  0.0  0.0  75
2811  0.0  0.0  75
2812  0.0  0.0  75
2813  0.0  0.0  75
2814  0.0  0.0  75
2815  0.0  0.0  75
2816  0.0  0.0  75
2817  0.0  0.0  75
2818  0.0  0.0  75
2819  0.0  0.0  75
2820  0.0  0.0  75
2821  0.0  0.0  75
2822  0.0  0.0  75
2823  0.0  0.0  75
2824  0.0  0.0  75
2825  0.0  0.0  75
2826  0.0  0.0  75
2827  0.0  0.0  75
2828  0.0  0.0  75
2829  0.0  0.0  75
2830  0.0  0.0  75
2831  0.0  0.0  75
2832  0.0  0.0  75
2833  0.0  0.0  75
2834  0.0  0.0  75
2835  0.0  0.0  75
2836  0.0  0.0  75
2837  0.0  0.0  75
2838  0.0  0.0  75
2839  0.0  0.0  75
2840  0.0  0.0  75
2841  0.0  0.0  75
2842  0.0  0.0  75
2843  0.0  0.0  75
2844  0.0  0.0  75
2845  0.0  0.0  75
2846  0.0  0.0  75
2847  0.0  0.0  75
2848  0.0  0.0  75
2849  0.0  0.0  75
2850  0.0  0.0  75
2851  0.0  0.0  75
2852  0.0  0.0  75
2853  0.0  0.0  75
2854  0.0  0.0  75
2855  0.0  0.0  75
2856  0.0  0.0  75
2857  0.0  0.0  75
2858  0.0  0.0  75
2859  0.0  0.0  75
2860  0.0  0.0  75
2861  0.0  0.0  75
2862  0.0  0.0  75
2863  0.0  0.0  75
2864  0.0  0.0  75
2865  0.0  0.0  75
2866  0.0  0.0  75
2867  0.0  0.0  75
2868  0.0  0.0  75
2869  0.0  0.0  75
2870  0.0  0.0  75
2871  0.0  0.0  75
2872  0.0  0.0  75
2873  0.0  0.0  75
2874  0.0  0.0  75
2875  0.0  0.0  75
2876  0.0  0.0  75
2877  0.0  0.0  75
2878  0.0  0.0  75
2879  0.0  0.0  75
2880  0.0  0.0  75
2881  0.0  0.0  75
2882  0.0  0.0  75
2883  0.0  0.0  75
2884  0.0  0.0  75
2885  0.0  0.0  75
2886  0.0  0.0  75
2887  0.0  0.0  75
2888  0.0  0.0  75
2889  0.0  0.0  75
2890  0.0  0.0  75
2891  0.0  0.0  75
2892  0.0  0.0  75
2893  0.0  0.0  75
2894  0.0  0.0  75
2895  0.0  0.0  75
2896  0.0  0.0  75
2897  0.0  0.0  75
2898  0.0  0.0  75
2899  0.0  0.0  75
2900  0.0  0.0  75
2901  0.0  0.0  75
2902  0.0  0.0  75
2903  0.0  0.0  75
2904  0.0  0.0  75
2905  0.0  0.0  75
2906  0.0  0.0  75
2907  0.0  0.0  75
2908  0.0  0.0  75
2909  0.0  0.0  75
2910  0.0  0.0  75
2911  0.0  0.0  75
2912  0.0  0.0  75
2913  0.0  0.0  75
2914  0.0  0.0  75
2915  0.0  0.0  75
2916  0.0  0.0  75
2917  0.0  0.0  75
2918  0.0  0.0  75
2919  0.0  0.0  75
2920  0.0  0.0  75
2921  0.0  0.0  75
2922  0.0  0.0  75
2923  0.0  0.0  75
2924  0.0  0.0  75
2925  0.0  0.0  75
2926  0.0  0.0  75
2927  0.0  0.0  75
2928  0.0  0.0  75
2929  0.0  0.0  75
2930  0.0  0.0  75
2931  0.0  0.0  75
2932  0.0  0.0  75
2933  0.0  0.0  75
2934  0.0  0.0  75
2935  0.0  0.0  75
2936  0.0  0.0  75
2937  0.0  0.0  75
2938  0.0  0.0  75
2939  0.0  0.0  75
2940  0.0  0.0  75
2941  0.0  0.0  75
2942  0.0  0.0  75
2943  0.0  0.0  75
2944  0.0  0.0  75
2945  0.0  0.0  75
2946  0.0  0.0  75
2947  0.0  0.0  75
2948  0.0  0.0  75
2949  0.0  0.0  75
2950  0.0  0.0  75
2951  0.0  0.0  75
2952  0.0  0.0  75
2953  0.0  0.0  75
2954  0.0  0.0  75
2955  0.0  0.0  75
2956  0.0  0.0  75
2957  0.0  0.0  75
2958  0.0  0.0  75
2959  0.0  0.0  75
2960  0.0  0.0  75
2961  0.0  0.0  75
2962  0.0  0.0  75
2963  0.0  0.0  75
2964  0.0  0.0  75
2965  0.0  0.0  75
2966  0.0  0.0  75
2967  0.0  0.0  75
2968  0.0  0.0  75
2969  0.0  0.0  75
2970  0.0  0.0  75
2971  0.0  0.0  75
2972  0.0  0.0  75
2973  0.0  0.0  75
2974  0.0  0.0  75
2975  0.0  0.0  75
2976  0.0  0.0  75
2977  0.0  0.0  75
2978  0.0  0.0  75
2979  0.0  0.0  75
2980  0.0  0.0  75
2981  0.0  0.0  75
2982  0.0  0.0  75
2983  0.0  0.0  75
2984  0.0  0.0  75
2985  0.0  0.0  75
2986  0.0  0.0  75
2987  0.0  0.0  75
2988  0.0  0.0  75
2989  0.0  0.0  75
2990  0.0  0.0  75
2991  0.0  0.0  75
2992  0.0  0.0  75
2993  0.0  0.0  75
2994  0.0  0.0  75
2995  0.0  0.0  75
2996  0.0  0.0  75
2997  0.0  0.0  75
2998  0.0  0.0  75
2999  0.0  0.0  75
3000  0.0  0.0  75
3001  0.0  0.0  75
3002  0.0  0.0  75
3003  0.0  0.0  75
3004  0.0  0.0  75
3005  0.0  0.0  75
3006  0.0  0.0  75
3007  0.0  0.0  75
3008  0.0  0.0  75
3009  0.0  0.0  75
3010  0.0  0.0  75
3011  0.0  0.0  75
3012  0.0  0.0  75
3013  0.0  0.0  75
3014  0.0  0.0  75
3015  0.0  0.0  75
3016  0.0  0.0  75
3017  0.0  0.0  75
3018  0.0  0.0  75
3019  0.0  0.0  75
3020  0.0  0.0  75
3021  0.0  0.0  75
3022  0.0  0.0  75
3023  0.0  0.0  75
3024  0.0  0.0  75
3025  0.0  0.0  75
3026  0.0  0.0  75
3027  0.0  0.0  75
3028  0.0  0.0  75
3029  0.0  0.0  75
3030  0.0  0.0  75
3031  0.0  0.0  75
3032  0.0  0.0  75
3033  0.0  0.0  75
3034  0.0  0.0  75
3035  0.0  0.0  75
3036  0.0  0.0  75
3037  0.0  0.0  75
3038  0.0  0.0  75
3039  0.0  0.0  75
3040  0.0  0.0  75
3041  0.0  0.0  75
3042  0.0  0.0  75
3043  0.0  0.0  75
3044  0.0  0.0  75
3045  0.0  0.0  75
3046  0.0  0.0  75
3047  0.0  0.0  75
3048  0.0  0.0  75
3049  0.0  0.0  75
3050  0.0  0.0  75
3051  0.0  0.0  75
3052  0.0  0.0  75
3053  0.0  0.0  75
3054  0.0  0.0  75
3055  0.0  0.0  75
3056  0.0  0.0  75
3057  0.0  0.0  75
3058  0.0  0.0  75
3059  0.0  0.0  75
3060  0.0  0.0  75
3061  0.0  0.0  75
3062  0.0  0.0  75
3063  0.0  0.0  75
3064  0.0  0.0  75
3065  0.0  0.0  75
3066  0.0  0.0  75
3067  0.0  0.0  75
3068  0.0  0.0  75
3069  0.0  0.0  75
3070  0.0  0.0  75
3071  0.0  0.0  75
3072  0.0  0.0  75
3073  0.0  0.0  75
3074  0.0  0.0  75
3075  0.0  0.0  75
3076  0.0  0.0  75
3077  0.0  0.0  75
3078  0.0  0.0  75
3079  0.0  0.0  75
3080  0.0  0.0  75
3081  0.0  0.0  75
3082  0.0  0.0  75
3083  0.0  0.0  75
3084  0.0  0.0  75
3085  0.0  0.0  75
3086  0.0  0.0  75
3087  0.0  0.0  75
3088  0.0  0.0  75
3089  0.0  0.0  75
3090  0.0  0.0  75
3091  0.0  0.0  75
3092  0.0  0.0  75
3093  0.0  0.0  75
3094  0.0  0.0  75
3095  0.0  0.0  75
3096  0.0  0.0  75
3097  0.0  0.0  75
3098  0.0  0.0  75
3099  0.0  0.0  75
3100  0.0  0.0  75
3101  0.0  0.0  75
3102  0.0  0.0  75
3103  0.0  0.0  75
3104  0.0  0.0  75
3105  0.0  0.0  75
3106  0.0  0.0  75
3107  0.0  0.0  75
3108  0.0  0.0  75
3109  0.0  0.0  75
3110  0.0  0.0  75
3111  0.0  0.0  75
3112  0.0  0.0  75
3113  0.0  0.0  75
3114  0.0  0.0  75
3115  0.0  0.0  75
3116  0.0  0.0  75
3117  0.0  0.0  75
3118  0.0  0.0  75
3119  0.0  0.0  75
3120  0.0  0.0  75
3121  0.0  0.0  75
3122  0.0  0.0  75
3123  0.0  0.0  75
3124  0.0  0.0  75
3125  0.0  0.0  75
3126  0.0  0.0  75
3127  0.0  0.0  75
3128  0.0  0.0  75
3129  0.0  0.0  75
3130  0.0  0.0  75
3131  0.0  0.0  75
3132  0.0  0.0  75
3133  0.0  0.0  75
3134  0.0  0.0  75
3135  0.0  0.0  75
3136  0.0  0.0  75
3137  0.0  0.0  75
3138  0.0  0.0  75
3139  0.0  0.0  75
3140  0.0  0.0  75
3141  0.0  0.0  75
3142  0.0  0.0  75
3143  0.0  0.0  75
3144  0.0  0.0  75
3145  0.0  0.0  75
3146  0.0  0.0  75
3147  0.0  0.0  75
3148  0.0  0.0  75
3149  0.0  0.0  75
3150  0.0  0.0  75
3151  0.0  0.0  75
3152  0.0  0.0  75
3153  0.0  0.0  75
3154  0.0  0.0  75
3155  0.0  0.0  75
3156  0.0  0.0  75
3157  0.0  0.0  75
3158  0.0  0.0  75
3159  0.0  0.0  75
3160  0.0  0.0  75
3161  0.0  0.0  75
3162  0.0  0.0  75
3163  0.0  0.0  75
3164  0.0  0.0  75
3165  0.0  0.0  75
3166  0.0  0.0  75
3167  0.0  0.0  75
3168  0.0  0.0  75
3169  0.0  0.0  75
3170  0.0  0.0  75
3171  0.0  0.0  75
3172  0.0  0.0  75
3173  0.0  0.0  75
3174  0.0  0.0  75
3175  0.0  0.0  75
3176  0.0  0.0  75
3177  0.0  0.0  75
3178  0.0  0.0  75
3179  0.0  0.0  75
3180  0.0  0.0  75
3181  0.0  0.0  75
3182  0.0  0.0  75
3183  0.0  0.0  75
3184  0.0  0.0  75
3185  0.0  0.0  75
3186  0.0  0.0  75
3187  0.0  0.0  75
3188  0.0  0.0  75
3189  0.0  0.0  75
3190  0.0  0.0  75
3191  0.0  0.0  75
3192  0.0  0.0  75
3193  0.0  0.0  75
3194  0.0  0.0  75
3195  0.0  0.0  75
3196  0.0  0.0  75
3197  0.0  0.0  75
3198  0.0  0.0  75
3199  0.0  0.0  75
3200  0.0  0.0  75
3201  0.0  0.0  75
3202  0.0  0.0  75
3203  0.0  0.0  75
3204  0.0  0.0  75
3205  0.0  0.0  75
3206  0.0  0.0  75
3207  0.0  0.0  75
3208  0.0  0.0  75
3209  0.0  0.0  75
3210  0.0  0.0  75
3211  0.0  0.0  75
3212  0.0  0.0  75
3213  0.0  0.0  75
3214  0.0  0.0  75
3215  0.0  0.0  75
3216  0.0  0.0  75
3217  0.0  0.0  75
3218  0.0  0.0  75
3219  0.0  0.0  75
3220  0.0  0.0  75
3221  0.0  0.0  75
3222  0.0  0.0  75
3223  0.0  0.0  75
3224  0.0  0.0  75
3225  0.0  0.0  75
3226  0.0  0.0  75
3227  0.0  0.0  75
3228  0.0  0.0  75
3229  0.0  0.0  75
3230  0.0  0.0  75
3231  0.0  0.0  75
3232  0.0  0.0  75
3233  0.0  0.0  75
3234  0.0  0.0  75
3235  0.0  0.0  75
3236  0.0  0.0  75
3237  0.0  0.0  75
3238  0.0  0.0  75
3239  0.0  0.0  75
3240  0.0  0.0  75
3241  0.0  0.0  75
3242  0.0  0.0  75
3243  0.0  0.0  75
3244  0.0  0.0  75
3245  0.0  0.0  75
3246  0.0  0.0  75
3247  0.0  0.0  75
3248  0.0  0.0  75
3249  0.0  0.0  75
3250  0.0  0.0  75
3251  0.0  0.0  75
3252  0.0  0.0  75
3253  0.0  0.0  75
3254  0.0  0.0  75
3255  0.0  0.0  75
3256  0.0  0.0  75
3257  0.0  0.0  75
3258  0.0  0.0  75
3259  0.0  0.0  75
3260  0.0  0.0  75
3261  0.0  0.0  75
3262  0.0  0.0  75
3263  0.0  0.0  75
3264  0.0  0.0  75
3265  0.0  0.0  75
3266  0.0  0.0  75
3267  0.0  0.0  75
3268  0.0  0.0  75
3269  0.0  0.0  75
3270  0.0  0.0  75
3271  0.0  0.0  75
3272  0.0  0.0  75
3273  0.0  0.0  75
3274  0.0  0.0  75
3275  0.0  0.0  75
3276  0.0  0.0  75
3277  8.0  -8.0  3
3278  0.0  0.0  75
3279  0.0  0.0  75
3280  0.0  0.0  75
3281  0.0  0.0  75
3282  0.0  0.0  75
3283  0.0  0.0  75
3284  0.0  0.0  75
3285  0.0  0.0  75
3286  0.0  0.0  75
3287  0.0  0.0  75
3288  0.0  0.0  75
3289  0.0  0.0  75
3290  0.0  0.0  75
3291  0.0  0.0  75
3292  0.0  0.0  75
3293  0.0  0.0  75
3294  0.0  0.0  75
3295  0.0  0.0  75
3296  0.0  0.0  75
3297  0.0  0.0  75
3298  0.0  0.0  75
3299  0.0  0.0  75
3300  0.0  0.0  75
3301  0.0  0.0  75
3302  0.0  0.0  75
3303  0.0  0.0  75
3304  0.0  0.0  75
3305  0.0  0.0  75
3306  0.0  0.0  75
3307  0.0  0.0  75
3308  0.0  0.0  75
3309  0.0  0.0  75
3310  0.0  0.0  75
3311  0.0  0.0  75
3312  0.0  0.0  75
3313  0.0  0.0  75
3314  0.0  0.0  75
3315  0.0  0.0  75
3316  0.0  0.0  75
3317  0.0  0.0  75
3318  0.0  0.0  75
3319  0.0  0.0  75
3320  0.0  0.0  75
3321  0.0  0.0  75
3322  0.0  0.0  75
3323  0.0  0.0  75
3324  0.0  0.0  75
3325  0.0  0.0  75
3326  0.0  0.0  75
3327  0.0  0.0  75
3328  0.0  0.0  75
3329  0.0  0.0  75
3330  0.0  0.0  75
3331  0.0  0.0  75
3332  0.0  0.0  75
3333  0.0  0.0  75
3334  0.0  0.0  75
3335  0.0  0.0  75
3336  0.0  0.0  75
3337  0.0  0.0  75
3338  0.0  0.0  75
3339  0.0  0.0  75
3340  0.0  0.0  75
3341  0.0  0.0  75
3342  0.0  0.0  75
3343  0.0  0.0  75
3344  0.0  0.0  75
3345  0.0  0.0  75
3346  0.0  0.0  75
3347  0.0  0.0  75
3348  0.0  0.0  75
3349  0.0  0.0  75
3350  0.0  0.0  75
3351  0.0  0.0  75
3352  0.0  0.0  75
3353  0.0  0.0  75
3354  0.0  0.0  75
3355  0.0  0.0  75
3356  0.0  0.0  75
3357  0.0  0.0  75
3358  0.0  0.0  75
3359  0.0  0.0  75
3360  0.0  0.0  75
3361  0.0  0.0  75
3362  0.0  0.0  75
3363  0.0  0.0  75
3364  0.0  0.0  75
3365  0.0  0.0  75
3366  0.0  0.0  75
3367  0.0  0.0  75
3368  0.0  0.0  75
3369  0.0  0.0  75
3370  0.0  0.0  75
3371  0.0  0.0  75
3372  0.0  0.0  75
3373  0.0  0.0  75
3374  0.0  0.0  75
3375  0.0  0.0  75
3376  0.0  0.0  75
3377  0.0  0.0  75
3378  0.0  0.0  75
3379  0.0  0.0  75
3380  0.0  0.0  75
3381  0.0  0.0  75
3382  0.0  0.0  75
3383  0.0  0.0  75
3384  0.0  0.0  75
3385  0.0  0.0  75
3386  0.0  0.0  75
3387  0.0  0.0  75
3388  0.0  0.0  75
3389  0.0  0.0  75
3390  0.0  0.0  75
3391  0.0  0.0  75
3392  0.0  0.0  75
3393  0.0  0.0  75
3394  0.0  0.0  75
3395  0.0  0.0  75
3396  0.0  0.0  75
3397  0.0  0.0  75
3398  0.0  0.0  75
3399  0.0  0.0  75
3400  0.0  0.0  75
3401  0.0  0.0  75
3402  0.0  0.0  75
3403  0.0  0.0  75
3404  0.0  0.0  75
3405  0.0  0.0  75
3406  0.0  0.0  75
3407  0.0  0.0  75
3408  0.0  0.0  75
3409  0.0  0.0  75
3410  0.0  0.0  75
3411  0.0  0.0  75
3412  0.0  0.0  75
3413  0.0  0.0  75
3414  0.0  0.0  75
3415  0.0  0.0  75
3416  0.0  0.0  75
3417  0.0  0.0  75
3418  0.0  0.0  75
3419  0.0  0.0  75
3420  0.0  0.0  75
3421  0.0  0.0  75
3422  0.0  0.0  75
3423  0.0  0.0  75
3424  0.0  0.0  75
3425  0.0  0.0  75
3426  0.0  0.0  75
3427  0.0  0.0  75
3428  0.0  0.0  75
3429  0.0  0.0  75
3430  0.0  0.0  75
3431  0.0  0.0  75
3432  0.0  0.0  75
3433  0.0  0.0  75
3434  0.0  0.0  75
3435  0.0  0.0  75
3436  0.0  0.0  75
3437  0.0  0.0  75
3438  0.0  0.0  75
3439  0.0  0.0  75
3440  0.0  0.0  75
3441  0.0  0.0  75
3442  0.0  0.0  75
3443  0.0  0.0  75
3444  0.0  0.0  75
3445  0.0  0.0  75
3446  0.0  0.0  75
3447  0.0  0.0  75
3448  0.0  0.0  75
3449  0.0  0.0  75
3450  0.0  0.0  75
3451  0.0  0.0  75
3452  0.0  0.0  75
3453  0.0  0.0  75
3454  0.0  0.0  75
3455  0.0  0.0  75
3456  0.0  0.0  75
3457  0.0  0.0  75
3458  0.0  0.0  75
3459  0.0  0.0  75
3460  0.0  0.0  75
3461  0.0  0.0  75
3462  0.0  0.0  75
3463  0.0  0.0  75
3464  0.0  0.0  75
3465  0.0  0.0  75
3466  0.0  0.0  75
3467  0.0  0.0  75
3468  0.0  0.0  75
3469  0.0  0.0  75
3470  0.0  0.0  75
3471  0.0  0.0  75
3472  0.0  0.0  75
3473  0.0  0.0  75
3474  0.0  0.0  75
3475  0.0  0.0  75
3476  0.0  0.0  75
3477  0.0  0.0  75
3478  0.0  0.0  75
3479  0.0  0.0  75
3480  0.0  0.0  75
3481  0.0  0.0  75
3482  0.0  0.0  75
3483  0.0  0.0  75
3484  0.0  0.0  75
3485  0.0  0.0  75
3486  0.0  0.0  75
3487  0.0  0.0  75
3488  0.0  0.0  75
3489  0.0  0.0  75
3490  0.0  0.0  75
3491  0.0  0.0  75
3492  0.0  0.0  75
3493  0.0  0.0  75
3494  0.0  0.0  75
3495  0.0  0.0  75
3496  0.0  0.0  75
3497  0.0  0.0  75
3498  0.0  0.0  75
3499  0.0  0.0  75
3500  0.0  0.0  75
3501  0.0  0.0  75
3502  0.0  0.0  75
3503  0.0  0.0  75
3504  0.0  0.0  75
3505  0.0  0.0  75
3506  0.0  0.0  75
3507  0.0  0.0  75
3508  0.0  0.0  75
3509  0.0  0.0  75
3510  0.0  0.0  75
3511  0.0  0.0  75
3512  0.0  0.0  75
3513  0.0  0.0  75
3514  0.0  0.0  75
3515  0.0  0.0  75
3516  0.0  0.0  75
3517  0.0  0.0  75
3518  0.0  0.0  75
3519  0.0  0.0  75
3520  0.0  0.0  75
3521  0.0  0.0  75
3522  0.0  0.0  75
3523  0.0  0.0  75
3524  0.0  0.0  75
3525  0.0  0.0  75
3526  0.0  0.0  75
3527  0.0  0.0  75
3528  0.0  0.0  75
3529  0.0  0.0  75
3530  0.0  0.0  75
3531  0.0  0.0  75
3532  0.0  0.0  75
3533  0.0  0.0  75
3534  0.0  0.0  75
3535  0.0  0.0  75
3536  0.0  0.0  75
3537  0.0  0.0  75
3538  0.0  0.0  75
3539  0.0  0.0  75
3540  0.0  0.0  75
3541  0.0  0.0  75
3542  0.0  0.0  75
3543  0.0  0.0  75
3544  0.0  0.0  75
3545  0.0  0.0  75
3546  0.0  0.0  75
3547  0.0  0.0  75
3548  0.0  0.0  75
3549  0.0  0.0  75
3550  0.0  0.0  75
3551  0.0  0.0  75
3552  0.0  0.0  75
3553  0.0  0.0  75
3554  0.0  0.0  75
3555  0.0  0.0  75
3556  0.0  0.0  75
3557  0.0  0.0  75
3558  0.0  0.0  75
3559  0.0  0.0  75
3560  0.0  0.0  75
3561  0.0  0.0  75
3562  0.0  0.0  75
3563  0.0  0.0  75
3564  0.0  0.0  75
3565  0.0  0.0  75
3566  0.0  0.0  75
3567  0.0  0.0  75
3568  0.0  0.0  75
3569  0.0  0.0  75
3570  0.0  0.0  75
3571  0.0  0.0  75
3572  0.0  0.0  75
3573  0.0  0.0  75
3574  0.0  0.0  75
3575  0.0  0.0  75
3576  0.0  0.0  75
3577  0.0  0.0  75
3578  0.0  0.0  75
3579  0.0  0.0  75
3580  0.0  0.0  75
3581  0.0  0.0  75
3582  0.0  0.0  75
3583  0.0  0.0  75
3584  0.0  0.0  75
3585  0.0  0.0  75
3586  0.0  0.0  75
3587  0.0  0.0  75
3588  0.0  0.0  75
3589  0.0  0.0  75
3590  0.0  0.0  75
3591  0.0  0.0  75
3592  0.0  0.0  75
3593  0.0  0.0  75
3594  0.0  0.0  75
3595  0.0  0.0  75
3596  0.0  0.0  75
3597  0.0  0.0  75
3598  0.0  0.0  75
3599  0.0  0.0  75
3600  0.0  0.0  75
3601  0.0  0.0  75
3602  0.0  0.0  75
3603  0.0  0.0  75
3604  0.0  0.0  75
3605  0.0  0.0  75
3606  0.0  0.0  75
3607  0.0  0.0  75
3608  0.0  0.0  75
3609  0.0  0.0  75
3610  0.0  0.0  75
3611  0.0  0.0  75
3612  0.0  0.0  75
3613  0.0  0.0  75
3614  0.0  0.0  75
3615  0.0  0.0  75
3616  0.0  0.0  75
3617  0.0  0.0  75
3618  0.0  0.0  75
3619  0.0  0.0  75
3620  0.0  0.0  75
3621  0.0  0.0  75
3622  0.0  0.0  75
3623  0.0  0.0  75
3624  0.0  0.0  75
3625  0.0  0.0  75
3626  0.0  0.0  75
3627  0.0  0.0  75
3628  0.0  0.0  75
3629  0.0  0.0  75
3630  0.0  0.0  75
3631  0.0  0.0  75
3632  0.0  0.0  75
3633  0.0  0.0  75
3634  0.0  0.0  75
3635  0.0  0.0  75
3636  0.0  0.0  75
3637  0.0  0.0  75
3638  0.0  0.0  75
3639  0.0  0.0  75
3640  0.0  0.0  75
3641  0.0  0.0  75
3642  0.0  0.0  75
3643  0.0  0.0  75
3644  0.0  0.0  75
3645  0.0  0.0  75
3646  0.0  0.0  75
3647  0.0  0.0  75
3648  0.0  0.0  75
3649  0.0  0.0  75
3650  0.0  0.0  75
3651  0.0  0.0  75
3652  0.0  0.0  75
3653  0.0  0.0  75
3654  0.0  0.0  75
3655  0.0  0.0  75
3656  0.0  0.0  75
3657  0.0  0.0  75
3658  0.0  0.0  75
3659  0.0  0.0  75
3660  0.0  0.0  75
3661  0.0  0.0  75
3662  0.0  0.0  75
3663  0.0  0.0  75
3664  0.0  0.0  75
3665  0.0  0.0  75
3666  0.0  0.0  75
3667  0.0  0.0  75
3668  0.0  0.0  75
3669  0.0  0.0  75
3670  0.0  0.0  75
3671  0.0  0.0  75
3672  0.0  0.0  75
3673  0.0  0.0  75
3674  0.0  0.0  75
3675  0.0  0.0  75
3676  0.0  0.0  75
3677  0.0  0.0  75
3678  0.0  0.0  75
3679  0.0  0.0  75
3680  0.0  0.0  75
3681  0.0  0.0  75
3682  0.0  0.0  75
3683  0.0  0.0  75
3684  0.0  0.0  75
3685  0.0  0.0  75
3686  0.0  0.0  75
3687  0.0  0.0  75
3688  0.0  0.0  75
3689  0.0  0.0  75
3690  0.0  0.0  75
3691  0.0  0.0  75
3692  0.0  0.0  75
3693  0.0  0.0  75
3694  0.0  0.0  75
3695  0.0  0.0  75
3696  0.0  0.0  75
3697  0.0  0.0  75
3698  0.0  0.0  75
3699  0.0  0.0  75
3700  0.0  0.0  75
3701  0.0  0.0  75
3702  0.0  0.0  75
3703  0.0  0.0  75
3704  0.0  0.0  75
3705  0.0  0.0  75
3706  0.0  0.0  75
3707  0.0  0.0  75
3708  0.0  0.0  75
3709  0.0  0.0  75
3710  0.0  0.0  75
3711  0.0  0.0  75
3712  0.0  0.0  75
3713  0.0  0.0  75
3714  0.0  0.0  75
3715  0.0  0.0  75
3716  0.0  0.0  75
3717  0.0  0.0  75
3718  0.0  0.0  75
3719  0.0  0.0  75
3720  0.0  0.0  75
3721  0.0  0.0  75
3722  0.0  0.0  75
3723  0.0  0.0  75
3724  0.0  0.0  75
3725  0.0  0.0  75
3726  0.0  0.0  75
3727  0.0  0.0  75
3728  0.0  0.0  75
3729  0.0  0.0  75
3730  0.0  0.0  75
3731  0.0  0.0  75
3732  0.0  0.0  75
3733  0.0  0.0  75
3734  0.0  0.0  75
3735  0.0  0.0  75
3736  0.0  0.0  75
3737  0.0  0.0  75
3738  0.0  0.0  75
3739  0.0  0.0  75
3740  0.0  0.0  75
3741  0.0  0.0  75
3742  0.0  0.0  75
3743  0.0  0.0  75
3744  0.0  0.0  75
3745  0.0  0.0  75
3746  0.0  0.0  75
3747  0.0  0.0  75
3748  0.0  0.0  75
3749  0.0  0.0  75
3750  0.0  0.0  75
3751  0.0  0.0  75
3752  0.0  0.0  75
3753  0.0  0.0  75
3754  0.0  0.0  75
3755  0.0  0.0  75
3756  0.0  0.0  75
3757  0.0  0.0  75
3758  0.0  0.0  75
3759  0.0  0.0  75
3760  0.0  0.0  75
3761  0.0  0.0  75
3762  0.0  0.0  75
3763  0.0  0.0  75
3764  0.0  0.0  75
3765  0.0  0.0  75
3766  0.0  0.0  75
3767  0.0  0.0  75
3768  0.0  0.0  75
3769  0.0  0.0  75
3770  0.0  0.0  75
3771  0.0  0.0  75
3772  0.0  0.0  75
3773  0.0  0.0  75
3774  0.0  0.0  75
3775  0.0  0.0  75
3776  0.0  0.0  75
3777  0.0  0.0  75
3778  0.0  0.0  75
3779  0.0  0.0  75
3780  0.0  0.0  75
3781  0.0  0.0  75
3782  0.0  0.0  75
3783  0.0  0.0  75
3784  0.0  0.0  75
3785  0.0  0.0  75
3786  0.0  0.0  75
3787  0.0  0.0  75
3788  0.0  0.0  75
3789  0.0  0.0  75
3790  0.0  0.0  75
3791  0.0  0.0  75
3792  0.0  0.0  75
3793  0.0  0.0  75
3794  0.0  0.0  75
3795  0.0  0.0  75
3796  0.0  0.0  75
3797  0.0  0.0  75
3798  0.0  0.0  75
3799  0.0  0.0  75
3800  0.0  0.0  75
3801  0.0  0.0  75
3802  0.0  0.0  75
3803  0.0  0.0  75
3804  0.0  0.0  75
3805  0.0  0.0  75
3806  0.0  0.0  75
3807  0.0  0.0  75
3808  0.0  0.0  75
3809  0.0  0.0  75
3810  0.0  0.0  75
3811  0.0  0.0  75
3812  0.0  0.0  75
3813  0.0  0.0  75
3814  0.0  0.0  75
3815  0.0  0.0  75
3816  0.0  0.0  75
3817  0.0  0.0  75
3818  0.0  0.0  75
3819  0.0  0.0  75
3820  0.0  0.0  75
3821  0.0  0.0  75
3822  0.0  0.0  75
3823  0.0  0.0  75
3824  0.0  0.0  75
3825  0.0  0.0  75
3826  0.0  0.0  75
3827  0.0  0.0  75
3828  0.0  0.0  75
3829  0.0  0.0  75
3830  0.0  0.0  75
3831  0.0  0.0  75
3832  0.0  0.0  75
3833  0.0  0.0  75
3834  0.0  0.0  75
3835  0.0  0.0  75
3836  0.0  0.0  75
3837  0.0  0.0  75
3838  0.0  0.0  75
3839  0.0  0.0  75
3840  0.0  0.0  75
3841  0.0  0.0  75
3842  0.0  0.0  75
3843  0.0  0.0  75
3844  0.0  0.0  75
3845  0.0  0.0  75
3846  0.0  0.0  75
3847  0.0  0.0  75
3848  0.0  0.0  75
3849  0.0  0.0  75
3850  0.0  0.0  75
3851  0.0  0.0  75
3852  0.0  0.0  75
3853  0.0  0.0  75
3854  0.0  0.0  75
3855  0.0  0.0  75
3856  0.0  0.0  75
3857  0.0  0.0  75
3858  0.0  0.0  75
3859  0.0  0.0  75
3860  0.0  0.0  75
3861  0.0  0.0  75
3862  0.0  0.0  75
3863  0.0  0.0  75
3864  0.0  0.0  75
3865  0.0  0.0  75
3866  0.0  0.0  75
3867  0.0  0.0  75
3868  0.0  0.0  75
3869  0.0  0.0  75
3870  0.0  0.0  75
3871  0.0  0.0  75
3872  0.0  0.0  75
3873  0.0  0.0  75
3874  0.0  0.0  75
3875  0.0  0.0  75
3876  0.0  0.0  75
3877  0.0  0.0  75
3878  0.0  0.0  75
3879  0.0  0.0  75
3880  0.0  0.0  75
3881  0.0  0.0  75
3882  0.0  0.0  75
3883  0.0  0.0  75
3884  0.0  0.0  75
3885  0.0  0.0  75
3886  0.0  0.0  75
3887  0.0  0.0  75
3888  0.0  0.0  75
3889  0.0  0.0  75
3890  0.0  0.0  75
3891  0.0  0.0  75
3892  0.0  0.0  75
3893  0.0  0.0  75
3894  0.0  0.0  75
3895  0.0  0.0  75
3896  0.0  0.0  75
3897  0.0  0.0  75
3898  0.0  0.0  75
3899  0.0  0.0  75
3900  0.0  0.0  75
3901  0.0  0.0  75
3902  0.0  0.0  75
3903  0.0  0.0  75
3904  0.0  0.0  75
3905  0.0  0.0  75
3906  0.0  0.0  75
3907  0.0  0.0  75
3908  0.0  0.0  75
3909  0.0  0.0  75
3910  0.0  0.0  75
3911  0.0  0.0  75
3912  0.0  0.0  75
3913  0.0  0.0  75
3914  0.0  0.0  75
3915  0.0  0.0  75
3916  0.0  0.0  75
3917  0.0  0.0  75
3918  0.0  0.0  75
3919  0.0  0.0  75
3920  0.0  0.0  75
3921  0.0  0.0  75
3922  0.0  0.0  75
3923  0.0  0.0  75
3924  0.0  0.0  75
3925  0.0  0.0  75
3926  0.0  0.0  75
3927  0.0  0.0  75
3928  0.0  0.0  75
3929  0.0  0.0  75
3930  0.0  0.0  75
3931  0.0  0.0  75
3932  0.0  0.0  75
3933  0.0  0.0  75
3934  0.0  0.0  75
3935  0.0  0.0  75
3936  0.0  0.0  75
3937  0.0  0.0  75
3938  0.0  0.0  75
3939  0.0  0.0  75
3940  0.0  0.0  75
3941  0.0  0.0  75
3942  0.0  0.0  75
3943  0.0  0.0  75
3944  0.0  0.0  75
3945  0.0  0.0  75
3946  0.0  0.0  75
3947  0.0  0.0  75
3948  0.0  0.0  75
3949  0.0  0.0  75
3950  0.0  0.0  75
3951  0.0  0.0  75
3952  0.0  0.0  75
3953  0.0  0.0  75
3954  0.0  0.0  75
3955  0.0  0.0  75
3956  0.0  0.0  75
3957  0.0  0.0  75
3958  0.0  0.0  75
3959  0.0  0.0  75
3960  0.0  0.0  75
3961  0.0  0.0  75
3962  0.0  0.0  75
3963  0.0  0.0  75
3964  0.0  0.0  75
3965  0.0  0.0  75
3966  0.0  0.0  75
3967  0.0  0.0  75
3968  0.0  0.0  75
3969  0.0  0.0  75
3970  0.0  0.0  75
3971  0.0  0.0  75
3972  0.0  0.0  75
3973  0.0  0.0  75
3974  0.0  0.0  75
3975  0.0  0.0  75
3976  0.0  0.0  75
3977  0.0  0.0  75
3978  0.0  0.0  75
3979  0.0  0.0  75
3980  0.0  0.0  75
3981  0.0  0.0  75
3982  0.0  0.0  75
3983  0.0  0.0  75
3984  0.0  0.0  75
3985  0.0  0.0  75
3986  0.0  0.0  75
3987  0.0  0.0  75
3988  0.0  0.0  75
3989  0.0  0.0  75
3990  0.0  0.0  75
3991  0.0  0.0  75
3992  0.0  0.0  75
3993  0.0  0.0  75
3994  0.0  0.0  75
3995  0.0  0.0  75
3996  0.0  0.0  75
3997  0.0  0.0  75
3998  0.0  0.0  75
3999  0.0  0.0  75
4000  0.0  0.0  75
4001  0.0  0.0  75
4002  0.0  0.0  75
4003  0.0  0.0  75
4004  0.0  0.0  75
4005  0.0  0.0  75
4006  0.0  0.0  75
4007  0.0  0.0  75
4008  0.0  0.0  75
4009  0.0  0.0  75
4010  0.0  0.0  75
4011  0.0  0.0  75
4012  0.0  0.0  75
4013  0.0  0.0  75
4014  0.0  0.0  75
4015  0.0  0.0  75
4016  0.0  0.0  75
4017  0.0  0.0  75
4018  0.0  0.0  75
4019  0.0  0.0  75
4020  0.0  0.0  75
4021  0.0  0.0  75
4022  0.0  0.0  75
4023  0.0  0.0  75
4024  0.0  0.0  75
4025  0.0  0.0  75
4026  0.0  0.0  75
4027  0.0  0.0  75
4028  0.0  0.0  75
4029  0.0  0.0  75
4030  0.0  0.0  75
4031  0.0  0.0  75
4032  0.0  0.0  75
4033  0.0  0.0  75
4034  0.0  0.0  75
4035  0.0  0.0  75
4036  0.0  0.0  75
4037  0.0  0.0  75
4038  0.0  0.0  75
4039  0.0  0.0  75
4040  0.0  0.0  75
4041  0.0  0.0  75
4042  0.0  0.0  75
4043  0.0  0.0  75
4044  0.0  0.0  75
4045  0.0  0.0  75
4046  0.0  0.0  75
4047  0.0  0.0  75
4048  0.0  0.0  75
4049  0.0  0.0  75
4050  0.0  0.0  75
4051  0.0  0.0  75
4052  0.0  0.0  75
4053  0.0  0.0  75
4054  0.0  0.0  75
4055  0.0  0.0  75
4056  0.0  0.0  75
4057  0.0  0.0  75
4058  0.0  0.0  75
4059  0.0  0.0  75
4060  0.0  0.0  75
4061  0.0  0.0  75
4062  0.0  0.0  75
4063  0.0  0.0  75
4064  0.0  0.0  75
4065  0.0  0.0  75
4066  0.0  0.0  75
4067  0.0  0.0  75
4068  0.0  0.0  75
4069  0.0  0.0  75
4070  0.0  0.0  75
4071  0.0  0.0  75
4072  0.0  0.0  75
4073  0.0  0.0  75
4074  0.0  0.0  75
4075  0.0  0.0  75
4076  0.0  0.0  75
4077  0.0  0.0  75
4078  0.0  0.0  75
4079  0.0  0.0  75
4080  0.0  0.0  75
4081  0.0  0.0  75
4082  0.0  0.0  75
4083  0.0  0.0  75
4084  0.0  0.0  75
4085  0.0  0.0  75
4086  0.0  0.0  75
4087  0.0  0.0  75
4088  0.0  0.0  75
4089  0.0  0.0  75
4090  0.0  0.0  75
4091  0.0  0.0  75
4092  0.0  0.0  75
4093  0.0  0.0  75
4094  0.0  0.0  75
4095  0.0  0.0  75
4096  0.0  0.0  75
4097  0.0  0.0  75
4098  0.0  0.0  75
4099  0.0  0.0  75
4100  0.0  0.0  75
4101  0.0  0.0  75
4102  0.0  0.0  75
4103  0.0  0.0  75
4104  0.0  0.0  75
4105  0.0  0.0  75
4106  0.0  0.0  75
4107  0.0  0.0  75
4108  0.0  0.0  75
4109  0.0  0.0  75
4110  0.0  0.0  75
4111  0.0  0.0  75
4112  0.0  0.0  75
4113  0.0  0.0  75
4114  0.0  0.0  75
4115  0.0  0.0  75
4116  0.0  0.0  75
4117  0.0  0.0  75
4118  0.0  0.0  75
4119  0.0  0.0  75
4120  0.0  0.0  75
4121  0.0  0.0  75
4122  0.0  0.0  75
4123  0.0  0.0  75
4124  0.0  0.0  75
4125  0.0  0.0  75
4126  0.0  0.0  75
4127  0.0  0.0  75
4128  0.0  0.0  75
4129  0.0  0.0  75
4130  0.0  0.0  75
4131  0.0  0.0  75
4132  0.0  0.0  75
4133  0.0  0.0  75
4134  0.0  0.0  75
4135  0.0  0.0  75
4136  0.0  0.0  75
4137  0.0  0.0  75
4138  0.0  0.0  75
4139  0.0  0.0  75
4140  0.0  0.0  75
4141  0.0  0.0  75
4142  0.0  0.0  75
4143  0.0  0.0  75
4144  0.0  0.0  75
4145  0.0  0.0  75
4146  0.0  0.0  75
4147  0.0  0.0  75
4148  0.0  0.0  75
4149  0.0  0.0  75
4150  0.0  0.0  75
4151  0.0  0.0  75
4152  0.0  0.0  75
4153  0.0  0.0  75
4154  0.0  0.0  75
4155  0.0  0.0  75
4156  0.0  0.0  75
4157  0.0  0.0  75
4158  0.0  0.0  75
4159  0.0  0.0  75
4160  0.0  0.0  75
4161  0.0  0.0  75
4162  0.0  0.0  75
4163  0.0  0.0  75
4164  0.0  0.0  75
4165  0.0  0.0  75
4166  0.0  0.0  75
4167  0.0  0.0  75
4168  0.0  0.0  75
4169  0.0  0.0  75
4170  0.0  0.0  75
4171  0.0  0.0  75
4172  0.0  0.0  75
4173  0.0  0.0  75
4174  0.0  0.0  75
4175  0.0  0.0  75
4176  0.0  0.0  75
4177  0.0  0.0  75
4178  0.0  0.0  75
4179  0.0  0.0  75
4180  0.0  0.0  75
4181  0.0  0.0  75
4182  0.0  0.0  75
4183  0.0  0.0  75
4184  0.0  0.0  75
4185  0.0  0.0  75
4186  0.0  0.0  75
4187  0.0  0.0  75
4188  0.0  0.0  75
4189  0.0  0.0  75
4190  0.0  0.0  75
4191  0.0  0.0  75
4192  0.0  0.0  75
4193  0.0  0.0  75
4194  0.0  0.0  75
4195  0.0  0.0  75
4196  0.0  0.0  75
4197  0.0  0.0  75
4198  0.0  0.0  75
4199  0.0  0.0  75
4200  0.0  0.0  75
4201  0.0  0.0  75
4202  0.0  0.0  75
4203  0.0  0.0  75
4204  0.0  0.0  75
4205  0.0  0.0  75
4206  0.0  0.0  75
4207  0.0  0.0  75
4208  0.0  0.0  75
4209  0.0  0.0  75
4210  0.0  0.0  75
4211  0.0  0.0  75
4212  0.0  0.0  75
4213  0.0  0.0  75
4214  0.0  0.0  75
4215  0.0  0.0  75
4216  0.0  0.0  75
4217  0.0  0.0  75
4218  0.0  0.0  75
4219  0.0  0.0  75
4220  0.0  0.0  75
4221  0.0  0.0  75
4222  0.0  0.0  75
4223  0.0  0.0  75
4224  0.0  0.0  75
4225  0.0  0.0  75
4226  0.0  0.0  75
4227  0.0  0.0  75
4228  0.0  0.0  75
4229  0.0  0.0  75
4230  0.0  0.0  75
4231  0.0  0.0  75
4232  0.0  0.0  75
4233  0.0  0.0  75
4234  0.0  0.0  75
4235  0.0  0.0  75
4236  0.0  0.0  75
4237  0.0  0.0  75
4238  0.0  0.0  75
4239  0.0  0.0  75
4240  0.0  0.0  75
4241  0.0  0.0  75
4242  0.0  0.0  75
4243  0.0  0.0  75
4244  0.0  0.0  75
4245  0.0  0.0  75
4246  0.0  0.0  75
4247  0.0  0.0  75
4248  0.0  0.0  75
4249  0.0  0.0  75
4250  0.0  0.0  75
4251  0.0  0.0  75
4252  0.0  0.0  75
4253  0.0  0.0  75
4254  0.0  0.0  75
4255  0.0  0.0  75
4256  0.0  0.0  75
4257  0.0  0.0  75
4258  0.0  0.0  75
4259  0.0  0.0  75
4260  0.0  0.0  75
4261  0.0  0.0  75
4262  0.0  0.0  75
4263  0.0  0.0  75
4264  0.0  0.0  75
4265  0.0  0.0  75
4266  0.0  0.0  75
4267  0.0  0.0  75
4268  0.0  0.0  75
4269  0.0  0.0  75
4270  0.0  0.0  75
4271  0.0  0.0  75
4272  0.0  0.0  75
4273  0.0  0.0  75
4274  0.0  0.0  75
4275  0.0  0.0  75
4276  0.0  0.0  75
4277  0.0  0.0  75
4278  0.0  0.0  75
4279  0.0  0.0  75
4280  0.0  0.0  75
4281  0.0  0.0  75
4282  0.0  0.0  75
4283  0.0  0.0  75
4284  0.0  0.0  75
4285  0.0  0.0  75
4286  0.0  0.0  75
4287  0.0  0.0  75
4288  0.0  0.0  75
4289  0.0  0.0  75
4290  0.0  0.0  75
4291  0.0  0.0  75
4292  0.0  0.0  75
4293  0.0  0.0  75
4294  0.0  0.0  75
4295  0.0  0.0  75
4296  0.0  0.0  75
4297  0.0  0.0  75
4298  0.0  0.0  75
4299  0.0  0.0  75
4300  0.0  0.0  75
4301  0.0  0.0  75
4302  0.0  0.0  75
4303  0.0  0.0  75
4304  0.0  0.0  75
4305  0.0  0.0  75
4306  0.0  0.0  75
4307  0.0  0.0  75
4308  0.0  0.0  75
4309  0.0  0.0  75
4310  0.0  0.0  75
4311  0.0  0.0  75
4312  0.0  0.0  75
4313  0.0  0.0  75
4314  0.0  0.0  75
4315  0.0  0.0  75
4316  0.0  0.0  75
4317  0.0  0.0  75
4318  0.0  0.0  75
4319  0.0  0.0  75
4320  0.0  0.0  75
4321  0.0  0.0  75
4322  0.0  0.0  75
4323  0.0  0.0  75
4324  0.0  0.0  75
4325  0.0  0.0  75
4326  0.0  0.0  75
4327  0.0  0.0  75
4328  0.0  0.0  75
4329  0.0  0.0  75
4330  0.0  0.0  75
4331  0.0  0.0  75
4332  0.0  0.0  75
4333  0.0  0.0  75
4334  0.0  0.0  75
4335  0.0  0.0  75
4336  0.0  0.0  75
4337  0.0  0.0  75
4338  0.0  0.0  75
4339  8.0  -8.0  3
4340  0.0  0.0  75
4341  0.0  0.0  75
4342  0.0  0.0  75
4343  0.0  0.0  75
4344  0.0  0.0  75
4345  0.0  0.0  75
4346  0.0  0.0  75
4347  0.0  0.0  75
4348  0.0  0.0  75
4349  0.0  0.0  75
4350  0.0  0.0  75
4351  0.0  0.0  75
4352  0.0  0.0  75
4353  0.0  0.0  75
4354  0.0  0.0  75
4355  0.0  0.0  75
4356  0.0  0.0  75
4357  0.0  0.0  75
4358  0.0  0.0  75
4359  0.0  0.0  75
4360  0.0  0.0  75
4361  0.0  0.0  75
4362  0.0  0.0  75
4363  0.0  0.0  75
4364  0.0  0.0  75
4365  0.0  0.0  75
4366  0.0  0.0  75
4367  0.0  0.0  75
4368  0.0  0.0  75
4369  0.0  0.0  75
4370  0.0  0.0  75
4371  0.0  0.0  75
4372  0.0  0.0  75
4373  0.0  0.0  75
4374  0.0  0.0  75
4375  0.0  0.0  75
4376  0.0  0.0  75
4377  0.0  0.0  75
4378  0.0  0.0  75
4379  0.0  0.0  75
4380  0.0  0.0  75
4381  0.0  0.0  75
4382  0.0  0.0  75
4383  0.0  0.0  75
4384  0.0  0.0  75
4385  0.0  0.0  75
4386  0.0  0.0  75
4387  0.0  0.0  75
4388  0.0  0.0  75
4389  0.0  0.0  75
4390  0.0  0.0  75
4391  0.0  0.0  75
4392  0.0  0.0  75
4393  0.0  0.0  75
4394  0.0  0.0  75
4395  0.0  0.0  75
4396  0.0  0.0  75
4397  0.0  0.0  75
4398  0.0  0.0  75
4399  0.0  0.0  75
4400  0.0  0.0  75
4401  0.0  0.0  75
4402  0.0  0.0  75
4403  0.0  0.0  75
4404  0.0  0.0  75
4405  0.0  0.0  75
4406  0.0  0.0  75
4407  0.0  0.0  75
4408  0.0  0.0  75
4409  0.0  0.0  75
4410  0.0  0.0  75
4411  0.0  0.0  75
4412  0.0  0.0  75
4413  0.0  0.0  75
4414  0.0  0.0  75
4415  0.0  0.0  75
4416  0.0  0.0  75
4417  0.0  0.0  75
4418  0.0  0.0  75
4419  0.0  0.0  75
4420  0.0  0.0  75
4421  0.0  0.0  75
4422  0.0  0.0  75
4423  0.0  0.0  75
4424  0.0  0.0  75
4425  0.0  0.0  75
4426  0.0  0.0  75
4427  0.0  0.0  75
4428  0.0  0.0  75
4429  0.0  0.0  75
4430  0.0  0.0  75
4431  0.0  0.0  75
4432  0.0  0.0  75
4433  0.0  0.0  75
4434  0.0  0.0  75
4435  0.0  0.0  75
4436  0.0  0.0  75
4437  0.0  0.0  75
4438  0.0  0.0  75
4439  0.0  0.0  75
4440  0.0  0.0  75
4441  0.0  0.0  75
4442  0.0  0.0  75
4443  0.0  0.0  75
4444  0.0  0.0  75
4445  0.0  0.0  75
4446  0.0  0.0  75
4447  0.0  0.0  75
4448  0.0  0.0  75
4449  0.0  0.0  75
4450  0.0  0.0  75
4451  0.0  0.0  75
4452  0.0  0.0  75
4453  0.0  0.0  75
4454  0.0  0.0  75
4455  0.0  0.0  75
4456  0.0  0.0  75
4457  0.0  0.0  75
4458  0.0  0.0  75
4459  0.0  0.0  75
4460  0.0  0.0  75
4461  0.0  0.0  75
4462  0.0  0.0  75
4463  0.0  0.0  75
4464  0.0  0.0  75
4465  0.0  0.0  75
4466  0.0  0.0  75
4467  0.0  0.0  75
4468  0.0  0.0  75
4469  0.0  0.0  75
4470  0.0  0.0  75
4471  0.0  0.0  75
4472  0.0  0.0  75
4473  0.0  0.0  75
4474  0.0  0.0  75
4475  0.0  0.0  75
4476  0.0  0.0  75
4477  0.0  0.0  75
4478  0.0  0.0  75
4479  0.0  0.0  75
4480  0.0  0.0  75
4481  0.0  0.0  75
4482  0.0  0.0  75
4483  0.0  0.0  75
4484  0.0  0.0  75
4485  0.0  0.0  75
4486  0.0  0.0  75
4487  0.0  0.0  75
4488  0.0  0.0  75
4489  0.0  0.0  75
4490  0.0  0.0  75
4491  0.0  0.0  75
4492  0.0  0.0  75
4493  0.0  0.0  75
4494  0.0  0.0  75
4495  0.0  0.0  75
4496  0.0  0.0  75
4497  0.0  0.0  75
4498  0.0  0.0  75
4499  0.0  0.0  75
4500  0.0  0.0  75
4501  0.0  0.0  75
4502  0.0  0.0  75
4503  0.0  0.0  75
4504  0.0  0.0  75
4505  0.0  0.0  75
4506  0.0  0.0  75
4507  0.0  0.0  75
4508  0.0  0.0  75
4509  0.0  0.0  75
4510  0.0  0.0  75
4511  0.0  0.0  75
4512  0.0  0.0  75
4513  0.0  0.0  75
4514  0.0  0.0  75
4515  0.0  0.0  75
4516  0.0  0.0  75
4517  0.0  0.0  75
4518  0.0  0.0  75
4519  0.0  0.0  75
4520  0.0  0.0  75
4521  0.0  0.0  75
4522  0.0  0.0  75
4523  0.0  0.0  75
4524  0.0  0.0  75
4525  0.0  0.0  75
4526  0.0  0.0  75
4527  0.0  0.0  75
4528  0.0  0.0  75
4529  0.0  0.0  75
4530  0.0  0.0  75
4531  0.0  0.0  75
4532  0.0  0.0  75
4533  0.0  0.0  75
4534  0.0  0.0  75
4535  0.0  0.0  75
4536  0.0  0.0  75
4537  0.0  0.0  75
4538  0.0  0.0  75
4539  0.0  0.0  75
4540  0.0  0.0  75
4541  0.0  0.0  75
4542  0.0  0.0  75
4543  0.0  0.0  75
4544  0.0  0.0  75
4545  0.0  0.0  75
4546  0.0  0.0  75
4547  0.0  0.0  75
4548  0.0  0.0  75
4549  0.0  0.0  75
4550  0.0  0.0  75
4551  0.0  0.0  75
4552  0.0  0.0  75
4553  0.0  0.0  75
4554  0.0  0.0  75
4555  0.0  0.0  75
4556  0.0  0.0  75
4557  0.0  0.0  75
4558  0.0  0.0  75
4559  0.0  0.0  75
4560  0.0  0.0  75
4561  0.0  0.0  75
4562  0.0  0.0  75
4563  0.0  0.0  75
4564  0.0  0.0  75
4565  0.0  0.0  75
4566  0.0  0.0  75
4567  0.0  0.0  75
4568  0.0  0.0  75
4569  0.0  0.0  75
4570  0.0  0.0  75
4571  0.0  0.0  75
4572  0.0  0.0  75
4573  0.0  0.0  75
4574  0.0  0.0  75
4575  0.0  0.0  75
4576  0.0  0.0  75
4577  0.0  0.0  75
4578  0.0  0.0  75
4579  0.0  0.0  75
4580  0.0  0.0  75
4581  0.0  0.0  75
4582  0.0  0.0  75
4583  0.0  0.0  75
4584  0.0  0.0  75
4585  0.0  0.0  75
4586  0.0  0.0  75
4587  0.0  0.0  75
4588  0.0  0.0  75
4589  0.0  0.0  75
4590  0.0  0.0  75
4591  0.0  0.0  75
4592  0.0  0.0  75
4593  0.0  0.0  75
4594  0.0  0.0  75
4595  0.0  0.0  75
4596  0.0  0.0  75
4597  0.0  0.0  75
4598  0.0  0.0  75
4599  0.0  0.0  75
4600  0.0  0.0  75
4601  0.0  0.0  75
4602  0.0  0.0  75
4603  0.0  0.0  75
4604  0.0  0.0  75
4605  0.0  0.0  75
4606  0.0  0.0  75
4607  0.0  0.0  75
4608  0.0  0.0  75
4609  0.0  0.0  75
4610  0.0  0.0  75
4611  0.0  0.0  75
4612  0.0  0.0  75
4613  0.0  0.0  75
4614  0.0  0.0  75
4615  0.0  0.0  75
4616  0.0  0.0  75
4617  0.0  0.0  75
4618  0.0  0.0  75
4619  0.0  0.0  75
4620  0.0  0.0  75
4621  0.0  0.0  75
4622  0.0  0.0  75
4623  0.0  0.0  75
4624  0.0  0.0  75
4625  0.0  0.0  75
4626  0.0  0.0  75
4627  0.0  0.0  75
4628  0.0  0.0  75
4629  0.0  0.0  75
4630  0.0  0.0  75
4631  0.0  0.0  75
4632  0.0  0.0  75
4633  0.0  0.0  75
4634  0.0  0.0  75
4635  0.0  0.0  75
4636  0.0  0.0  75
4637  0.0  0.0  75
4638  0.0  0.0  75
4639  0.0  0.0  75
4640  0.0  0.0  75
4641  0.0  0.0  75
4642  0.0  0.0  75
4643  0.0  0.0  75
4644  0.0  0.0  75
4645  0.0  0.0  75
4646  0.0  0.0  75
4647  0.0  0.0  75
4648  0.0  0.0  75
4649  0.0  0.0  75
4650  0.0  0.0  75
4651  0.0  0.0  75
4652  0.0  0.0  75
4653  0.0  0.0  75
4654  0.0  0.0  75
4655  0.0  0.0  75
4656  0.0  0.0  75
4657  0.0  0.0  75
4658  0.0  0.0  75
4659  0.0  0.0  75
4660  0.0  0.0  75
4661  0.0  0.0  75
4662  0.0  0.0  75
4663  0.0  0.0  75
4664  0.0  0.0  75
4665  0.0  0.0  75
4666  0.0  0.0  75
4667  0.0  0.0  75
4668  0.0  0.0  75
4669  0.0  0.0  75
4670  0.0  0.0  75
4671  0.0  0.0  75
4672  0.0  0.0  75
4673  0.0  0.0  75
4674  0.0  0.0  75
4675  0.0  0.0  75
4676  0.0  0.0  75
4677  0.0  0.0  75
4678  0.0  0.0  75
4679  0.0  0.0  75
4680  0.0  0.0  75
4681  0.0  0.0  75
4682  0.0  0.0  75
4683  0.0  0.0  75
4684  0.0  0.0  75
4685  0.0  0.0  75
4686  0.0  0.0  75
4687  0.0  0.0  75
4688  0.0  0.0  75
4689  0.0  0.0  75
4690  0.0  0.0  75
4691  0.0  0.0  75
4692  0.0  0.0  75
4693  0.0  0.0  75
4694  0.0  0.0  75
4695  0.0  0.0  75
4696  0.0  0.0  75
4697  0.0  0.0  75
4698  0.0  0.0  75
4699  0.0  0.0  75
4700  0.0  0.0  75
4701  0.0  0.0  75
4702  0.0  0.0  75
4703  0.0  0.0  75
4704  0.0  0.0  75
4705  0.0  0.0  75
4706  0.0  0.0  75
4707  0.0  0.0  75
4708  0.0  0.0  75
4709  0.0  0.0  75
4710  0.0  0.0  75
4711  0.0  0.0  75
4712  0.0  0.0  75
4713  0.0  0.0  75
4714  0.0  0.0  75
4715  0.0  0.0  75
4716  0.0  0.0  75
4717  0.0  0.0  75
4718  0.0  0.0  75
4719  0.0  0.0  75
4720  0.0  0.0  75
4721  0.0  0.0  75
4722  0.0  0.0  75
4723  0.0  0.0  75
4724  0.0  0.0  75
4725  0.0  0.0  75
4726  0.0  0.0  75
4727  0.0  0.0  75
4728  0.0  0.0  75
4729  0.0  0.0  75
4730  0.0  0.0  75
4731  0.0  0.0  75
4732  0.0  0.0  75
4733  0.0  0.0  75
4734  0.0  0.0  75
4735  0.0  0.0  75
4736  0.0  0.0  75
4737  0.0  0.0  75
4738  0.0  0.0  75
4739  0.0  0.0  75
4740  0.0  0.0  75
4741  0.0  0.0  75
4742  0.0  0.0  75
4743  0.0  0.0  75
4744  0.0  0.0  75
4745  0.0  0.0  75
4746  0.0  0.0  75
4747  0.0  0.0  75
4748  0.0  0.0  75
4749  0.0  0.0  75
4750  0.0  0.0  75
4751  0.0  0.0  75
4752  0.0  0.0  75
4753  0.0  0.0  75
4754  0.0  0.0  75
4755  0.0  0.0  75
4756  0.0  0.0  75
4757  0.0  0.0  75
4758  0.0  0.0  75
4759  0.0  0.0  75
4760  0.0  0.0  75
4761  0.0  0.0  75
4762  0.0  0.0  75
4763  0.0  0.0  75
4764  0.0  0.0  75
4765  0.0  0.0  75
4766  0.0  0.0  75
4767  0.0  0.0  75
4768  0.0  0.0  75
4769  0.0  0.0  75
4770  0.0  0.0  75
4771  0.0  0.0  75
4772  0.0  0.0  75
4773  0.0  0.0  75
4774  0.0  0.0  75
4775  0.0  0.0  75
4776  0.0  0.0  75
4777  0.0  0.0  75
4778  0.0  0.0  75
4779  0.0  0.0  75
4780  0.0  0.0  75
4781  0.0  0.0  75
4782  0.0  0.0  75
4783  0.0  0.0  75
4784  0.0  0.0  75
4785  0.0  0.0  75
4786  0.0  0.0  75
4787  0.0  0.0  75
4788  0.0  0.0  75
4789  0.0  0.0  75
4790  0.0  0.0  75
4791  0.0  0.0  75
4792  0.0  0.0  75
4793  0.0  0.0  75
4794  0.0  0.0  75
4795  0.0  0.0  75
4796  0.0  0.0  75
4797  0.0  0.0  75
4798  0.0  0.0  75
4799  0.0  0.0  75
4800  0.0  0.0  75
4801  0.0  0.0  75
4802  0.0  0.0  75
4803  0.0  0.0  75
4804  0.0  0.0  75
4805  0.0  0.0  75
4806  0.0  0.0  75
4807  0.0  0.0  75
4808  0.0  0.0  75
4809  0.0  0.0  75
4810  0.0  0.0  75
4811  0.0  0.0  75
4812  0.0  0.0  75
4813  0.0  0.0  75
4814  0.0  0.0  75
4815  0.0  0.0  75
4816  0.0  0.0  75
4817  0.0  0.0  75
4818  0.0  0.0  75
4819  0.0  0.0  75
4820  0.0  0.0  75
4821  0.0  0.0  75
4822  0.0  0.0  75
4823  0.0  0.0  75
4824  0.0  0.0  75
4825  0.0  0.0  75
4826  0.0  0.0  75
4827  0.0  0.0  75
4828  0.0  0.0  75
4829  0.0  0.0  75
4830  0.0  0.0  75
4831  0.0  0.0  75
4832  0.0  0.0  75
4833  0.0  0.0  75
4834  0.0  0.0  75
4835  0.0  0.0  75
4836  0.0  0.0  75
4837  0.0  0.0  75
4838  0.0  0.0  75
4839  0.0  0.0  75
4840  0.0  0.0  75
4841  0.0  0.0  75
4842  0.0  0.0  75
4843  0.0  0.0  75
4844  0.0  0.0  75
4845  0.0  0.0  75
4846  0.0  0.0  75
4847  0.0  0.0  75
4848  0.0  0.0  75
4849  0.0  0.0  75
4850  0.0  0.0  75
4851  0.0  0.0  75
4852  0.0  0.0  75
4853  0.0  0.0  75
4854  0.0  0.0  75
4855  0.0  0.0  75
4856  0.0  0.0  75
4857  0.0  0.0  75
4858  0.0  0.0  75
4859  0.0  0.0  75
4860  0.0  0.0  75
4861  0.0  0.0  75
4862  0.0  0.0  75
4863  0.0  0.0  75
4864  0.0  0.0  75
4865  0.0  0.0  75
4866  0.0  0.0  75
4867  0.0  0.0  75
4868  0.0  0.0  75
4869  0.0  0.0  75
4870  0.0  0.0  75
4871  0.0  0.0  75
4872  0.0  0.0  75
4873  0.0  0.0  75
4874  0.0  0.0  75
4875  0.0  0.0  75
4876  0.0  0.0  75
4877  0.0  0.0  75
4878  0.0  0.0  75
4879  0.0  0.0  75
4880  0.0  0.0  75
4881  0.0  0.0  75
4882  0.0  0.0  75
4883  0.0  0.0  75
4884  0.0  0.0  75
4885  0.0  0.0  75
4886  0.0  0.0  75
4887  0.0  0.0  75
4888  0.0  0.0  75
4889  0.0  0.0  75
4890  0.0  0.0  75
4891  0.0  0.0  75
4892  0.0  0.0  75
4893  0.0  0.0  75
4894  0.0  0.0  75
4895  0.0  0.0  75
4896  0.0  0.0  75
4897  0.0  0.0  75
4898  0.0  0.0  75
4899  0.0  0.0  75
4900  0.0  0.0  75
4901  0.0  0.0  75
4902  0.0  0.0  75
4903  0.0  0.0  75
4904  0.0  0.0  75
4905  0.0  0.0  75
4906  0.0  0.0  75
4907  0.0  0.0  75
4908  0.0  0.0  75
4909  0.0  0.0  75
4910  0.0  0.0  75
4911  0.0  0.0  75
4912  0.0  0.0  75
4913  0.0  0.0  75
4914  0.0  0.0  75
4915  0.0  0.0  75
4916  0.0  0.0  75
4917  0.0  0.0  75
4918  0.0  0.0  75
4919  0.0  0.0  75
4920  0.0  0.0  75
4921  0.0  0.0  75
4922  0.0  0.0  75
4923  0.0  0.0  75
4924  0.0  0.0  75
4925  0.0  0.0  75
4926  0.0  0.0  75
4927  0.0  0.0  75
4928  0.0  0.0  75
4929  0.0  0.0  75
4930  0.0  0.0  75
4931  0.0  0.0  75
4932  0.0  0.0  75
4933  0.0  0.0  75
4934  0.0  0.0  75
4935  0.0  0.0  75
4936  0.0  0.0  75
4937  0.0  0.0  75
4938  0.0  0.0  75
4939  0.0  0.0  75
4940  0.0  0.0  75
4941  0.0  0.0  75
4942  0.0  0.0  75
4943  0.0  0.0  75
4944  0.0  0.0  75
4945  0.0  0.0  75
4946  0.0  0.0  75
4947  0.0  0.0  75
4948  0.0  0.0  75
4949  0.0  0.0  75
4950  0.0  0.0  75
4951  0.0  0.0  75
4952  0.0  0.0  75
4953  0.0  0.0  75
4954  0.0  0.0  75
4955  0.0  0.0  75
4956  0.0  0.0  75
4957  0.0  0.0  75
4958  0.0  0.0  75
4959  0.0  0.0  75
4960  0.0  0.0  75
4961  0.0  0.0  75
4962  0.0  0.0  75
4963  0.0  0.0  75
4964  0.0  0.0  75
4965  0.0  0.0  75
4966  0.0  0.0  75
4967  0.0  0.0  75
4968  0.0  0.0  75
4969  0.0  0.0  75
4970  0.0  0.0  75
4971  0.0  0.0  75
4972  0.0  0.0  75
4973  0.0  0.0  75
4974  0.0  0.0  75
4975  0.0  0.0  75
4976  0.0  0.0  75
4977  0.0  0.0  75
4978  0.0  0.0  75
4979  0.0  0.0  75
4980  0.0  0.0  75
4981  0.0  0.0  75
4982  0.0  0.0  75
4983  0.0  0.0  75
4984  0.0  0.0  75
4985  0.0  0.0  75
4986  0.0  0.0  75
4987  0.0  0.0  75
4988  0.0  0.0  75
4989  0.0  0.0  75
4990  0.0  0.0  75
4991  0.0  0.0  75
4992  0.0  0.0  75
4993  0.0  0.0  75
4994  0.0  0.0  75
4995  0.0  0.0  75
4996  0.0  0.0  75
4997  0.0  0.0  75
4998  0.0  0.0  75
4999  0.0  0.0  75
