0  12.0  -12.0  6
1  12.0  -12.0  4
2  12.0  -12.0  6
3  8.0  -8.0  6
4  8.0  -8.0  6
5  12.0  -12.0  6
6  8.0  -8.0  6
7  12.0  -12.0  4
8  12.0  -12.0  4
9  12.0  -12.0  6
10  12.0  -12.0  4
11  8.0  -8.0  6
12  8.0  -8.0  6
13  12.0  -12.0  7
14  12.0  -12.0  4
15  12.0  -12.0  4
16  12.0  -12.0  6
17  12.0  -12.0  4
18  8.0  -8.0  6
19  12.0  -12.0  6
20  12.0  -12.0  6
21  12.0  -12.0  6
22  12.0  -12.0  6
23  12.0  -12.0  4
24  8.0  -8.0  6
25  12.0  -12.0  6
26  12.0  -12.0  6
27  12.0  -12.0  6
28  12.0  -12.0  4
29  8.0  -8.0  6
30  12.0  -12.0  4
31  0.0  0.0  100
32  8.0  -8.0  6
33  12.0  -12.0  6
34  12.0  -12.0  6
35  8.0  -8.0  6
36  8.0  -8.0  6
37  8.0  -8.0  6
38  12.0  -12.0  4
39  0.0  0.0  100
40  12.0  -12.0  6
41  12.0  -12.0  6
42  12.0  -12.0  6
43  8.0  -8.0  6
44  8.0  -8.0  6
45  8.0  -8.0  6
46  8.0  -8.0  6
47  8.0  -8.0  6
48  8.0  -8.0  6
49  12.0  -12.0  6
50  8.0  -8.0  6
51  12.0  -12.0  6
52  12.0  -12.0  6
53  12.0  -12.0  6
54  8.0  -8.0  6
55  12.0  -12.0  4
56  12.0  -12.0  6
57  12.0  -12.0  4
58  8.0  -8.0  7
59  12.0  -12.0  4
60  12.0  -12.0  6
61  8.0  -8.0  6
62  8.0  -8.0  6
63  12.0  -12.0  4
64  8.0  -8.0  6
65  8.0  -8.0  6
66  8.0  -8.0  6
67  12.0  -12.0  6
68  8.0  -8.0  6
69  12.0  -12.0  4
70  12.0  -12.0  6
71  8.0  -8.0  6
72  8.0  -8.0  6
73  12.0  -12.0  4
74  8.0  -8.0  6
75  12.0  -12.0  6
76  12.0  -12.0  6
77  0.0  0.0  100
78  12.0  -12.0  4
79  8.0  -8.0  6
80  12.0  -12.0  6
81  12.0  -12.0  6
82  12.0  -12.0  6
83  8.0  -8.0  6
84  8.0  -8.0  6
85  12.0  -12.0  6
86  12.0  -12.0  4
87  12.0  -12.0  6
88  8.0  -8.0  6
89  8.0  -8.0  6
90  8.0  -8.0  6
91  12.0  -12.0  6
92  8.0  -8.0  6
93  8.0  -8.0  6
94  8.0  -8.0  6
95  8.0  -8.0  6
96  8.0  -8.0  6
97  0.0  0.0  100
98  8.0  -8.0  6
99  8.0  -8.0  6
100  8.0  -8.0  6
101  14.0  -14.0  5
102  12.0  -12.0  7
103  12.0  -12.0  6
104  12.0  -12.0  4
105  12.0  -12.0  6
106  8.0  -8.0  6
107  12.0  -12.0  6
108  12.0  -12.0  6
109  8.0  -8.0  6
110  8.0  -8.0  6
111  8.0  -8.0  6
112  12.0  -12.0  4
113  12.0  -12.0  4
114  0.0  0.0  100
115  8.0  -8.0  6
116  8.0  -8.0  6
117  12.0  -12.0  6
118  8.0  -8.0  6
119  8.0  -8.0  6
120  8.0  -8.0  6
121  8.0  -8.0  6
122  12.0  -12.0  6
123  12.0  -12.0  6
124  14.0  -14.0  5
125  0.0  0.0  100
126  8.0  -8.0  7
127  12.0  -12.0  6
128  12.0  -12.0  6
129  12.0  -12.0  6
130  8.0  -8.0  6
131  12.0  -12.0  6
132  12.0  -12.0  4
133  8.0  -8.0  6
134  12.0  -12.0  6
135  8.0  -8.0  6
136  12.0  -12.0  6
137  12.0  -12.0  4
138  8.0  -8.0  6
139  12.0  -12.0  4
140  8.0  -8.0  6
141  8.0  -8.0  6
142  8.0  -8.0  6
143  12.0  -12.0  7
144  12.0  -12.0  4
145  12.0  -12.0  6
146  12.0  -12.0  6
147  8.0  -8.0  6
148  8.0  -8.0  6
149  8.0  -8.0  6
150  12.0  -12.0  4
151  12.0  -12.0  4
152  12.0  -12.0  4
153  8.0  -8.0  6
154  8.0  -8.0  6
155  12.0  -12.0  4
156  8.0  -8.0  6
157  8.0  -8.0  6
158  12.0  -12.0  4
159  8.0  -8.0  6
160  8.0  -8.0  6
161  12.0  -12.0  6
162  8.0  -8.0  6
163  8.0  -8.0  6
164  8.0  -8.0  6
165  8.0  -8.0  6
166  8.0  -8.0  6
167  12.0  -12.0  6
168  8.0  -8.0  6
169  8.0  -8.0  6
170  12.0  -12.0  6
171  8.0  -8.0  6
172  8.0  -8.0  6
173  8.0  -8.0  6
174  8.0  -8.0  6
175  12.0  -12.0  4
176  12.0  -12.0  6
177  12.0  -12.0  7
178  8.0  -8.0  6
179  12.0  -12.0  6
180  8.0  -8.0  6
181  12.0  -12.0  6
182  12.0  -12.0  6
183  14.0  -14.0  5
184  12.0  -12.0  6
185  8.0  -8.0  6
186  0.0  0.0  100
187  8.0  -8.0  6
188  8.0  -8.0  6
189  12.0  -12.0  4
190  8.0  -8.0  6
191  8.0  -8.0  6
192  8.0  -8.0  6
193  8.0  -8.0  6
194  12.0  -12.0  6
195  12.0  -12.0  4
196  8.0  -8.0  6
197  8.0  -8.0  6
198  8.0  -8.0  6
199  8.0  -8.0  6
200  8.0  -8.0  6
201  8.0  -8.0  6
202  12.0  -12.0  6
203  8.0  -8.0  6
204  8.0  -8.0  6
205  8.0  -8.0  6
206  8.0  -8.0  6
207  8.0  -8.0  7
208  12.0  -12.0  4
209  8.0  -8.0  6
210  12.0  -12.0  6
211  8.0  -8.0  6
212  12.0  -12.0  6
213  8.0  -8.0  6
214  8.0  -8.0  7
215  12.0  -12.0  4
216  8.0  -8.0  6
217  12.0  -12.0  4
218  12.0  -12.0  6
219  8.0  -8.0  6
220  8.0  -8.0  6
221  12.0  -12.0  7
222  12.0  -12.0  4
223  12.0  -12.0  4
224  12.0  -12.0  6
225  8.0  -8.0  6
226  12.0  -12.0  4
227  8.0  -8.0  6
228  12.0  -12.0  6
229  12.0  -12.0  6
230  14.0  -14.0  7
231  8.0  -8.0  6
232  12.0  -12.0  6
233  12.0  -12.0  6
234  12.0  -12.0  6
235  12.0  -12.0  6
236  8.0  -8.0  6
237  12.0  -12.0  6
238  8.0  -8.0  6
239  8.0  -8.0  6
240  8.0  -8.0  6
241  12.0  -12.0  6
242  12.0  -12.0  4
243  8.0  -8.0  6
244  8.0  -8.0  6
245  12.0  -12.0  4
246  12.0  -12.0  7
247  12.0  -12.0  4
248  8.0  -8.0  4
249  8.0  -8.0  6
250  8.0  -8.0  6
251  12.0  -12.0  6
252  12.0  -12.0  6
253  12.0  -12.0  6
254  8.0  -8.0  6
255  12.0  -12.0  6
256  8.0  -8.0  6
257  8.0  -8.0  6
258  8.0  -8.0  6
259  8.0  -8.0  6
260  12.0  -12.0  7
261  8.0  -8.0  6
262  12.0  -12.0  4
263  8.0  -8.0  6
264  8.0  -8.0  6
265  8.0  -8.0  6
266  12.0  -12.0  6
267  12.0  -12.0  4
268  12.0  -12.0  4
269  8.0  -8.0  6
270  8.0  -8.0  6
271  12.0  -12.0  6
272  8.0  -8.0  7
273  8.0  -8.0  6
274  12.0  -12.0  6
275  8.0  -8.0  6
276  8.0  -8.0  6
277  8.0  -8.0  6
278  0.0  0.0  100
279  8.0  -8.0  6
280  12.0  -12.0  6
281  8.0  -8.0  6
282  12.0  -12.0  6
283  8.0  -8.0  6
284  8.0  -8.0  6
285  8.0  -8.0  6
286  8.0  -8.0  6
287  8.0  -8.0  6
288  12.0  -12.0  7
289  12.0  -12.0  4
290  8.0  -8.0  6
291  8.0  -8.0  6
292  12.0  -12.0  4
293  12.0  -12.0  4
294  12.0  -12.0  4
295  8.0  -8.0  6
296  12.0  -12.0  4
297  12.0  -12.0  6
298  8.0  -8.0  7
299  8.0  -8.0  6
300  8.0  -8.0  6
301  12.0  -12.0  6
302  12.0  -12.0  4
303  8.0  -8.0  6
304  12.0  -12.0  6
305  12.0  -12.0  4
306  12.0  -12.0  6
307  8.0  -8.0  6
308  8.0  -8.0  6
309  12.0  -12.0  6
310  12.0  -12.0  4
311  12.0  -12.0  6
312  8.0  -8.0  6
313  8.0  -8.0  6
314  8.0  -8.0  6
315  8.0  -8.0  6
316  12.0  -12.0  6
317  8.0  -8.0  6
318  12.0  -12.0  4
319  8.0  -8.0  6
320  8.0  -8.0  6
321  12.0  -12.0  4
322  8.0  -8.0  6
323  8.0  -8.0  6
324  12.0  -12.0  4
325  8.0  -8.0  6
326  8.0  -8.0  6
327  12.0  -12.0  4
328  12.0  -12.0  6
329  12.0  -12.0  6
330  12.0  -12.0  4
331  12.0  -12.0  6
332  12.0  -12.0  7
333  12.0  -12.0  4
334  8.0  -8.0  6
335  8.0  -8.0  6
336  8.0  -8.0  7
337  12.0  -12.0  7
338  12.0  -12.0  6
339  12.0  -12.0  4
340  12.0  -12.0  4
341  8.0  -8.0  6
342  8.0  -8.0  6
343  8.0  -8.0  6
344  8.0  -8.0  6
345  8.0  -8.0  6
346  8.0  -8.0  6
347  8.0  -8.0  6
348  12.0  -12.0  6
349  8.0  -8.0  6
350  12.0  -12.0  6
351  12.0  -12.0  6
352  12.0  -12.0  6
353  8.0  -8.0  6
354  8.0  -8.0  6
355  12.0  -12.0  6
356  8.0  -8.0  6
357  8.0  -8.0  6
358  12.0  -12.0  4
359  12.0  -12.0  6
360  12.0  -12.0  6
361  12.0  -12.0  4
362  12.0  -12.0  4
363  8.0  -8.0  6
364  12.0  -12.0  6
365  12.0  -12.0  6
366  12.0  -12.0  6
367  8.0  -8.0  6
368  8.0  -8.0  6
369  12.0  -12.0  6
370  8.0  -8.0  6
371  8.0  -8.0  6
372  8.0  -8.0  7
373  8.0  -8.0  6
374  8.0  -8.0  6
375  8.0  -8.0  6
376  8.0  -8.0  6
377  12.0  -12.0  6
378  12.0  -12.0  6
379  12.0  -12.0  6
380  12.0  -12.0  4
381  12.0  -12.0  6
382  12.0  -12.0  6
383  8.0  -8.0  6
384  8.0  -8.0  7
385  8.0  -8.0  6
386  12.0  -12.0  6
387  12.0  -12.0  6
388  8.0  -8.0  6
389  12.0  -12.0  4
390  12.0  -12.0  4
391  12.0  -12.0  4
392  8.0  -8.0  6
393  12.0  -12.0  4
394  8.0  -8.0  6
395  8.0  -8.0  6
396  8.0  -8.0  6
397  8.0  -8.0  6
398  8.0  -8.0  8
399  12.0  -12.0  4
400  12.0  -12.0  6
401  12.0  -12.0  4
402  12.0  -12.0  6
403  8.0  -8.0  6
404  12.0  -12.0  4
405  12.0  -12.0  6
406  12.0  -12.0  6
407  12.0  -12.0  6
408  8.0  -8.0  6
409  12.0  -12.0  4
410  12.0  -12.0  6
411  12.0  -12.0  6
412  12.0  -12.0  4
413  8.0  -8.0  6
414  12.0  -12.0  4
415  12.0  -12.0  4
416  8.0  -8.0  6
417  12.0  -12.0  7
418  12.0  -12.0  6
419  8.0  -8.0  6
420  8.0  -8.0  6
421  12.0  -12.0  6
422  8.0  -8.0  6
423  8.0  -8.0  6
424  8.0  -8.0  7
425  12.0  -12.0  4
426  12.0  -12.0  6
427  12.0  -12.0  6
428  8.0  -8.0  6
429  8.0  -8.0  6
430  12.0  -12.0  6
431  8.0  -8.0  7
432  12.0  -12.0  4
433  12.0  -12.0  4
434  8.0  -8.0  6
435  8.0  -8.0  6
436  12.0  -12.0  4
437  12.0  -12.0  4
438  12.0  -12.0  6
439  8.0  -8.0  6
440  12.0  -12.0  7
441  12.0  -12.0  6
442  12.0  -12.0  6
443  8.0  -8.0  6
444  8.0  -8.0  6
445  8.0  -8.0  6
446  8.0  -8.0  6
447  8.0  -8.0  6
448  8.0  -8.0  6
449  8.0  -8.0  6
450  12.0  -12.0  6
451  12.0  -12.0  6
452  8.0  -8.0  6
453  8.0  -8.0  6
454  12.0  -12.0  6
455  12.0  -12.0  6
456  8.0  -8.0  7
457  12.0  -12.0  4
458  8.0  -8.0  6
459  12.0  -12.0  6
460  8.0  -8.0  6
461  12.0  -12.0  4
462  8.0  -8.0  6
463  12.0  -12.0  4
464  12.0  -12.0  6
465  12.0  -12.0  6
466  8.0  -8.0  6
467  8.0  -8.0  6
468  8.0  -8.0  6
469  12.0  -12.0  4
470  8.0  -8.0  6
471  8.0  -8.0  6
472  12.0  -12.0  6
473  12.0  -12.0  7
474  8.0  -8.0  7
475  8.0  -8.0  6
476  8.0  -8.0  6
477  8.0  -8.0  6
478  8.0  -8.0  6
479  8.0  -8.0  6
480  12.0  -12.0  4
481  8.0  -8.0  6
482  8.0  -8.0  6
483  12.0  -12.0  4
484  0.0  0.0  100
485  8.0  -8.0  6
486  8.0  -8.0  6
487  12.0  -12.0  6
488  12.0  -12.0  7
489  12.0  -12.0  6
490  8.0  -8.0  6
491  12.0  -12.0  4
492  8.0  -8.0  6
493  12.0  -12.0  6
494  12.0  -12.0  4
495  8.0  -8.0  6
496  12.0  -12.0  6
497  12.0  -12.0  4
498  12.0  -12.0  6
499  12.0  -12.0  6
500  12.0  -12.0  6
501  12.0  -12.0  4
502  12.0  -12.0  4
503  8.0  -8.0  7
504  8.0  -8.0  6
505  8.0  -8.0  6
506  14.0  -14.0  5
507  8.0  -8.0  6
508  8.0  -8.0  6
509  12.0  -12.0  6
510  12.0  -12.0  4
511  8.0  -8.0  6
512  12.0  -12.0  4
513  8.0  -8.0  6
514  12.0  -12.0  4
515  8.0  -8.0  6
516  8.0  -8.0  6
517  22.0  -22.0  39
518  8.0  -8.0  6
519  8.0  -8.0  6
520  14.0  -14.0  7
521  8.0  -8.0  6
522  12.0  -12.0  4
523  8.0  -8.0  6
524  8.0  -8.0  6
525  12.0  -12.0  6
526  8.0  -8.0  6
527  8.0  -8.0  6
528  8.0  -8.0  6
529  8.0  -8.0  6
530  8.0  -8.0  6
531  8.0  -8.0  7
532  8.0  -8.0  6
533  12.0  -12.0  6
534  8.0  -8.0  8
535  12.0  -12.0  4
536  12.0  -12.0  4
537  12.0  -12.0  6
538  12.0  -12.0  6
539  12.0  -12.0  6
540  12.0  -12.0  6
541  8.0  -8.0  8
542  12.0  -12.0  6
543  12.0  -12.0  4
544  8.0  -8.0  6
545  12.0  -12.0  4
546  8.0  -8.0  6
547  8.0  -8.0  7
548  12.0  -12.0  6
549  12.0  -12.0  6
550  8.0  -8.0  6
551  12.0  -12.0  4
552  8.0  -8.0  6
553  8.0  -8.0  6
554  12.0  -12.0  4
555  8.0  -8.0  6
556  8.0  -8.0  7
557  0.0  0.0  100
558  8.0  -8.0  6
559  12.0  -12.0  6
560  8.0  -8.0  6
561  8.0  -8.0  6
562  12.0  -12.0  6
563  12.0  -12.0  6
564  8.0  -8.0  6
565  8.0  -8.0  6
566  12.0  -12.0  6
567  8.0  -8.0  6
568  12.0  -12.0  4
569  12.0  -12.0  6
570  12.0  -12.0  6
571  8.0  -8.0  6
572  12.0  -12.0  4
573  12.0  -12.0  4
574  12.0  -12.0  6
575  8.0  -8.0  6
576  8.0  -8.0  6
577  0.0  0.0  100
578  8.0  -8.0  6
579  12.0  -12.0  6
580  8.0  -8.0  6
581  12.0  -12.0  4
582  8.0  -8.0  6
583  8.0  -8.0  6
584  12.0  -12.0  6
585  0.0  0.0  100
586  8.0  -8.0  6
587  8.0  -8.0  6
588  8.0  -8.0  6
589  12.0  -12.0  6
590  8.0  -8.0  6
591  8.0  -8.0  6
592  8.0  -8.0  6
593  12.0  -12.0  7
594  8.0  -8.0  6
595  12.0  -12.0  6
596  12.0  -12.0  6
597  12.0  -12.0  4
598  8.0  -8.0  6
599  8.0  -8.0  6
600  12.0  -12.0  6
601  12.0  -12.0  6
602  8.0  -8.0  7
603  12.0  -12.0  4
604  12.0  -12.0  6
605  8.0  -8.0  6
606  8.0  -8.0  6
607  8.0  -8.0  6
608  8.0  -8.0  6
609  12.0  -12.0  6
610  8.0  -8.0  6
611  8.0  -8.0  6
612  8.0  -8.0  6
613  8.0  -8.0  6
614  8.0  -8.0  6
615  12.0  -12.0  6
616  8.0  -8.0  6
617  8.0  -8.0  6
618  12.0  -12.0  4
619  14.0  -14.0  5
620  0.0  0.0  100
621  12.0  -12.0  4
622  12.0  -12.0  4
623  12.0  -12.0  6
624  8.0  -8.0  6
625  8.0  -8.0  6
626  8.0  -8.0  6
627  12.0  -12.0  4
628  8.0  -8.0  6
629  12.0  -12.0  4
630  12.0  -12.0  6
631  12.0  -12.0  4
632  12.0  -12.0  6
633  12.0  -12.0  4
634  12.0  -12.0  6
635  12.0  -12.0  4
636  12.0  -12.0  4
637  12.0  -12.0  4
638  12.0  -12.0  4
639  12.0  -12.0  6
640  8.0  -8.0  6
641  12.0  -12.0  6
642  12.0  -12.0  6
643  8.0  -8.0  6
644  12.0  -12.0  6
645  12.0  -12.0  4
646  8.0  -8.0  6
647  8.0  -8.0  6
648  12.0  -12.0  4
649  12.0  -12.0  4
650  12.0  -12.0  4
651  8.0  -8.0  6
652  8.0  -8.0  6
653  0.0  0.0  100
654  12.0  -12.0  6
655  8.0  -8.0  6
656  12.0  -12.0  6
657  8.0  -8.0  6
658  12.0  -12.0  6
659  12.0  -12.0  4
660  8.0  -8.0  6
661  12.0  -12.0  4
662  8.0  -8.0  10
663  12.0  -12.0  4
664  12.0  -12.0  6
665  12.0  -12.0  6
666  8.0  -8.0  6
667  8.0  -8.0  6
668  12.0  -12.0  6
669  8.0  -8.0  6
670  12.0  -12.0  6
671  12.0  -12.0  4
672  12.0  -12.0  6
673  8.0  -8.0  6
674  12.0  -12.0  6
675  12.0  -12.0  4
676  12.0  -12.0  6
677  8.0  -8.0  7
678  8.0  -8.0  6
679  8.0  -8.0  6
680  12.0  -12.0  6
681  12.0  -12.0  6
682  12.0  -12.0  6
683  8.0  -8.0  6
684  12.0  -12.0  6
685  8.0  -8.0  6
686  12.0  -12.0  7
687  12.0  -12.0  7
688  12.0  -12.0  6
689  8.0  -8.0  6
690  12.0  -12.0  6
691  12.0  -12.0  6
692  8.0  -8.0  6
693  8.0  -8.0  6
694  12.0  -12.0  6
695  12.0  -12.0  4
696  12.0  -12.0  4
697  8.0  -8.0  7
698  12.0  -12.0  6
699  8.0  -8.0  6
700  12.0  -12.0  6
701  12.0  -12.0  4
702  12.0  -12.0  4
703  8.0  -8.0  6
704  12.0  -12.0  6
705  8.0  -8.0  6
706  8.0  -8.0  6
707  12.0  -12.0  4
708  8.0  -8.0  6
709  12.0  -12.0  6
710  12.0  -12.0  4
711  8.0  -8.0  6
712  12.0  -12.0  6
713  8.0  -8.0  6
714  8.0  -8.0  6
715  12.0  -12.0  6
716  12.0  -12.0  6
717  12.0  -12.0  6
718  12.0  -12.0  7
719  12.0  -12.0  4
720  8.0  -8.0  6
721  8.0  -8.0  6
722  12.0  -12.0  6
723  8.0  -8.0  6
724  12.0  -12.0  4
725  12.0  -12.0  6
726  12.0  -12.0  4
727  12.0  -12.0  6
728  8.0  -8.0  6
729  8.0  -8.0  6
730  8.0  -8.0  6
731  12.0  -12.0  6
732  12.0  -12.0  7
733  8.0  -8.0  6
734  8.0  -8.0  6
735  8.0  -8.0  6
736  8.0  -8.0  6
737  12.0  -12.0  6
738  12.0  -12.0  6
739  12.0  -12.0  6
740  12.0  -12.0  6
741  12.0  -12.0  6
742  8.0  -8.0  6
743  8.0  -8.0  6
744  8.0  -8.0  6
745  12.0  -12.0  4
746  12.0  -12.0  4
747  8.0  -8.0  6
748  12.0  -12.0  4
749  12.0  -12.0  6
750  12.0  -12.0  4
751  8.0  -8.0  7
752  12.0  -12.0  6
753  8.0  -8.0  6
754  14.0  -14.0  7
755  8.0  -8.0  6
756  12.0  -12.0  4
757  8.0  -8.0  6
758  12.0  -12.0  6
759  8.0  -8.0  6
760  12.0  -12.0  6
761  8.0  -8.0  6
762  8.0  -8.0  6
763  12.0  -12.0  6
764  8.0  -8.0  6
765  8.0  -8.0  6
766  12.0  -12.0  4
767  12.0  -12.0  6
768  12.0  -12.0  4
769  12.0  -12.0  4
770  8.0  -8.0  6
771  12.0  -12.0  4
772  12.0  -12.0  6
773  12.0  -12.0  6
774  8.0  -8.0  6
775  0.0  0.0  100
776  12.0  -12.0  6
777  8.0  -8.0  6
778  8.0  -8.0  6
779  8.0  -8.0  6
780  12.0  -12.0  6
781  12.0  -12.0  4
782  8.0  -8.0  6
783  8.0  -8.0  6
784  12.0  -12.0  4
785  12.0  -12.0  4
786  8.0  -8.0  7
787  8.0  -8.0  6
788  8.0  -8.0  6
789  8.0  -8.0  8
790  8.0  -8.0  6
791  8.0  -8.0  6
792  8.0  -8.0  6
793  12.0  -12.0  4
794  12.0  -12.0  4
795  12.0  -12.0  6
796  8.0  -8.0  6
797  8.0  -8.0  6
798  8.0  -8.0  6
799  0.0  0.0  100
800  12.0  -12.0  6
801  8.0  -8.0  6
802  12.0  -12.0  4
803  12.0  -12.0  4
804  12.0  -12.0  6
805  8.0  -8.0  6
806  8.0  -8.0  6
807  12.0  -12.0  6
808  8.0  -8.0  6
809  12.0  -12.0  4
810  8.0  -8.0  6
811  8.0  -8.0  6
812  8.0  -8.0  6
813  8.0  -8.0  6
814  12.0  -12.0  4
815  8.0  -8.0  6
816  8.0  -8.0  7
817  8.0  -8.0  6
818  8.0  -8.0  6
819  8.0  -8.0  6
820  8.0  -8.0  6
821  12.0  -12.0  4
822  12.0  -12.0  6
823  8.0  -8.0  6
824  12.0  -12.0  4
825  12.0  -12.0  6
826  12.0  -12.0  4
827  8.0  -8.0  6
828  12.0  -12.0  7
829  12.0  -12.0  4
830  8.0  -8.0  6
831  8.0  -8.0  6
832  8.0  -8.0  6
833  12.0  -12.0  6
834  8.0  -8.0  6
835  12.0  -12.0  6
836  12.0  -12.0  4
837  8.0  -8.0  6
838  12.0  -12.0  6
839  8.0  -8.0  6
840  12.0  -12.0  6
841  12.0  -12.0  6
842  8.0  -8.0  6
843  8.0  -8.0  6
844  12.0  -12.0  4
845  12.0  -12.0  6
846  12.0  -12.0  4
847  8.0  -8.0  6
848  8.0  -8.0  6
849  12.0  -12.0  4
850  12.0  -12.0  4
851  12.0  -12.0  4
852  12.0  -12.0  6
853  14.0  -14.0  5
854  12.0  -12.0  4
855  8.0  -8.0  6
856  12.0  -12.0  6
857  8.0  -8.0  6
858  12.0  -12.0  4
859  12.0  -12.0  4
860  8.0  -8.0  6
861  12.0  -12.0  4
862  12.0  -12.0  6
863  8.0  -8.0  6
864  8.0  -8.0  6
865  12.0  -12.0  6
866  12.0  -12.0  6
867  12.0  -12.0  4
868  12.0  -12.0  4
869  12.0  -12.0  6
870  8.0  -8.0  6
871  12.0  -12.0  6
872  8.0  -8.0  6
873  12.0  -12.0  6
874  8.0  -8.0  6
875  12.0  -12.0  6
876  12.0  -12.0  6
877  8.0  -8.0  6
878  12.0  -12.0  6
879  8.0  -8.0  7
880  12.0  -12.0  4
881  12.0  -12.0  6
882  8.0  -8.0  6
883  8.0  -8.0  6
884  8.0  -8.0  6
885  8.0  -8.0  6
886  12.0  -12.0  6
887  12.0  -12.0  6
888  8.0  -8.0  6
889  8.0  -8.0  6
890  12.0  -12.0  6
891  8.0  -8.0  6
892  8.0  -8.0  6
893  8.0  -8.0  6
894  8.0  -8.0  6
895  12.0  -12.0  6
896  12.0  -12.0  4
897  12.0  -12.0  6
898  8.0  -8.0  6
899  12.0  -12.0  6
900  8.0  -8.0  6
901  8.0  -8.0  6
902  12.0  -12.0  6
903  8.0  -8.0  6
904  8.0  -8.0  6
905  12.0  -12.0  6
906  8.0  -8.0  6
907  14.0  -14.0  5
908  12.0  -12.0  7
909  8.0  -8.0  6
910  8.0  -8.0  6
911  8.0  -8.0  6
912  8.0  -8.0  6
913  12.0  -12.0  6
914  8.0  -8.0  6
915  8.0  -8.0  6
916  12.0  -12.0  4
917  12.0  -12.0  6
918  12.0  -12.0  6
919  8.0  -8.0  6
920  8.0  -8.0  6
921  12.0  -12.0  6
922  8.0  -8.0  6
923  8.0  -8.0  6
924  12.0  -12.0  6
925  12.0  -12.0  4
926  8.0  -8.0  6
927  8.0  -8.0  6
928  12.0  -12.0  6
929  12.0  -12.0  4
930  12.0  -12.0  6
931  8.0  -8.0  6
932  12.0  -12.0  6
933  8.0  -8.0  7
934  12.0  -12.0  4
935  8.0  -8.0  6
936  12.0  -12.0  4
937  12.0  -12.0  6
938  8.0  -8.0  6
939  14.0  -14.0  5
940  8.0  -8.0  6
941  12.0  -12.0  6
942  8.0  -8.0  6
943  8.0  -8.0  6
944  12.0  -12.0  6
945  8.0  -8.0  6
946  12.0  -12.0  4
947  8.0  -8.0  6
948  8.0  -8.0  6
949  12.0  -12.0  6
950  12.0  -12.0  4
951  12.0  -12.0  6
952  12.0  -12.0  4
953  8.0  -8.0  6
954  12.0  -12.0  4
955  12.0  -12.0  6
956  12.0  -12.0  6
957  8.0  -8.0  6
958  12.0  -12.0  4
959  8.0  -8.0  6
960  12.0  -12.0  4
961  14.0  -14.0  7
962  12.0  -12.0  6
963  8.0  -8.0  6
964  12.0  -12.0  4
965  12.0  -12.0  6
966  8.0  -8.0  6
967  8.0  -8.0  6
968  8.0  -8.0  6
969  8.0  -8.0  10
970  12.0  -12.0  6
971  8.0  -8.0  6
972  8.0  -8.0  6
973  12.0  -12.0  4
974  12.0  -12.0  4
975  12.0  -12.0  4
976  8.0  -8.0  6
977  8.0  -8.0  7
978  12.0  -12.0  4
979  12.0  -12.0  6
980  12.0  -12.0  6
981  0.0  0.0  100
982  8.0  -8.0  6
983  8.0  -8.0  6
984  12.0  -12.0  6
985  12.0  -12.0  4
986  8.0  -8.0  6
987  8.0  -8.0  6
988  8.0  -8.0  6
989  12.0  -12.0  4
990  12.0  -12.0  6
991  12.0  -12.0  6
992  8.0  -8.0  6
993  8.0  -8.0  7
994  8.0  -8.0  6
995  12.0  -12.0  4
996  8.0  -8.0  7
997  8.0  -8.0  6
998  12.0  -12.0  6
999  14.0  -14.0  7
1000  8.0  -8.0  6
1001  8.0  -8.0  6
1002  12.0  -12.0  4
1003  8.0  -8.0  6
1004  12.0  -12.0  4
1005  8.0  -8.0  8
1006  8.0  -8.0  8
1007  12.0  -12.0  6
1008  8.0  -8.0  6
1009  12.0  -12.0  4
1010  8.0  -8.0  6
1011  12.0  -12.0  6
1012  12.0  -12.0  4
1013  8.0  -8.0  6
1014  12.0  -12.0  4
1015  8.0  -8.0  6
1016  12.0  -12.0  6
1017  12.0  -12.0  6
1018  12.0  -12.0  4
1019  14.0  -14.0  5
1020  8.0  -8.0  6
1021  8.0  -8.0  6
1022  12.0  -12.0  6
1023  8.0  -8.0  6
1024  8.0  -8.0  6
1025  8.0  -8.0  6
1026  8.0  -8.0  6
1027  12.0  -12.0  6
1028  8.0  -8.0  6
1029  8.0  -8.0  6
1030  12.0  -12.0  4
1031  8.0  -8.0  6
1032  12.0  -12.0  4
1033  8.0  -8.0  6
1034  8.0  -8.0  6
1035  8.0  -8.0  8
1036  12.0  -12.0  4
1037  8.0  -8.0  6
1038  8.0  -8.0  6
1039  12.0  -12.0  4
1040  8.0  -8.0  6
1041  8.0  -8.0  6
1042  12.0  -12.0  4
1043  12.0  -12.0  6
1044  12.0  -12.0  4
1045  12.0  -12.0  6
1046  12.0  -12.0  4
1047  8.0  -8.0  7
1048  12.0  -12.0  4
1049  8.0  -8.0  6
1050  12.0  -12.0  4
1051  12.0  -12.0  4
1052  8.0  -8.0  6
1053  12.0  -12.0  6
1054  8.0  -8.0  6
1055  12.0  -12.0  6
1056  12.0  -12.0  6
1057  12.0  -12.0  4
1058  12.0  -12.0  4
1059  12.0  -12.0  4
1060  12.0  -12.0  6
1061  12.0  -12.0  4
1062  8.0  -8.0  6
1063  8.0  -8.0  6
1064  8.0  -8.0  6
1065  12.0  -12.0  6
1066  8.0  -8.0  6
1067  0.0  0.0  100
1068  12.0  -12.0  4
1069  8.0  -8.0  7
1070  0.0  0.0  100
1071  8.0  -8.0  6
1072  8.0  -8.0  6
1073  12.0  -12.0  4
1074  12.0  -12.0  7
1075  12.0  -12.0  4
1076  8.0  -8.0  6
1077  12.0  -12.0  6
1078  8.0  -8.0  6
1079  8.0  -8.0  6
1080  12.0  -12.0  4
1081  8.0  -8.0  6
1082  8.0  -8.0  6
1083  12.0  -12.0  6
1084  12.0  -12.0  4
1085  8.0  -8.0  6
1086  8.0  -8.0  6
1087  8.0  -8.0  6
1088  8.0  -8.0  6
1089  8.0  -8.0  6
1090  12.0  -12.0  4
1091  12.0  -12.0  6
1092  8.0  -8.0  6
1093  8.0  -8.0  6
1094  12.0  -12.0  4
1095  12.0  -12.0  4
1096  8.0  -8.0  6
1097  8.0  -8.0  6
1098  12.0  -12.0  4
1099  12.0  -12.0  4
1100  12.0  -12.0  4
1101  0.0  0.0  100
1102  0.0  0.0  100
1103  8.0  -8.0  6
1104  8.0  -8.0  9
1105  8.0  -8.0  6
1106  12.0  -12.0  6
1107  8.0  -8.0  6
1108  8.0  -8.0  6
1109  12.0  -12.0  4
1110  8.0  -8.0  6
1111  12.0  -12.0  4
1112  12.0  -12.0  6
1113  12.0  -12.0  4
1114  8.0  -8.0  6
1115  8.0  -8.0  6
1116  12.0  -12.0  6
1117  12.0  -12.0  4
1118  8.0  -8.0  6
1119  8.0  -8.0  6
1120  12.0  -12.0  6
1121  8.0  -8.0  6
1122  12.0  -12.0  6
1123  8.0  -8.0  6
1124  8.0  -8.0  6
1125  8.0  -8.0  6
1126  12.0  -12.0  4
1127  8.0  -8.0  6
1128  12.0  -12.0  6
1129  12.0  -12.0  4
1130  8.0  -8.0  6
1131  12.0  -12.0  7
1132  8.0  -8.0  6
1133  12.0  -12.0  6
1134  8.0  -8.0  6
1135  12.0  -12.0  4
1136  8.0  -8.0  6
1137  8.0  -8.0  6
1138  12.0  -12.0  6
1139  8.0  -8.0  6
1140  12.0  -12.0  4
1141  8.0  -8.0  6
1142  12.0  -12.0  4
1143  12.0  -12.0  4
1144  12.0  -12.0  4
1145  12.0  -12.0  4
1146  8.0  -8.0  6
1147  8.0  -8.0  6
1148  8.0  -8.0  6
1149  8.0  -8.0  6
1150  8.0  -8.0  6
1151  12.0  -12.0  4
1152  12.0  -12.0  4
1153  8.0  -8.0  6
1154  8.0  -8.0  6
1155  12.0  -12.0  4
1156  8.0  -8.0  6
1157  12.0  -12.0  6
1158  8.0  -8.0  6
1159  8.0  -8.0  6
1160  12.0  -12.0  6
1161  8.0  -8.0  8
1162  8.0  -8.0  7
1163  12.0  -12.0  4
1164  12.0  -12.0  6
1165  14.0  -14.0  7
1166  8.0  -8.0  6
1167  12.0  -12.0  6
1168  12.0  -12.0  4
1169  12.0  -12.0  6
1170  12.0  -12.0  6
1171  12.0  -12.0  4
1172  12.0  -12.0  6
1173  12.0  -12.0  6
1174  12.0  -12.0  4
1175  8.0  -8.0  6
1176  12.0  -12.0  4
1177  12.0  -12.0  4
1178  8.0  -8.0  6
1179  12.0  -12.0  4
1180  12.0  -12.0  4
1181  12.0  -12.0  6
1182  8.0  -8.0  6
1183  0.0  0.0  100
1184  8.0  -8.0  7
1185  12.0  -12.0  6
1186  8.0  -8.0  6
1187  8.0  -8.0  6
1188  12.0  -12.0  6
1189  12.0  -12.0  6
1190  12.0  -12.0  4
1191  12.0  -12.0  6
1192  8.0  -8.0  6
1193  12.0  -12.0  4
1194  8.0  -8.0  6
1195  12.0  -12.0  6
1196  12.0  -12.0  4
1197  8.0  -8.0  6
1198  12.0  -12.0  4
1199  12.0  -12.0  6
1200  8.0  -8.0  6
1201  8.0  -8.0  6
1202  12.0  -12.0  6
1203  12.0  -12.0  6
1204  8.0  -8.0  6
1205  8.0  -8.0  6
1206  8.0  -8.0  6
1207  8.0  -8.0  6
1208  8.0  -8.0  6
1209  12.0  -12.0  6
1210  12.0  -12.0  4
1211  0.0  0.0  100
1212  12.0  -12.0  6
1213  8.0  -8.0  6
1214  12.0  -12.0  6
1215  12.0  -12.0  4
1216  8.0  -8.0  6
1217  12.0  -12.0  4
1218  12.0  -12.0  4
1219  12.0  -12.0  6
1220  12.0  -12.0  6
1221  12.0  -12.0  6
1222  12.0  -12.0  4
1223  12.0  -12.0  6
1224  12.0  -12.0  6
1225  8.0  -8.0  6
1226  8.0  -8.0  6
1227  8.0  -8.0  6
1228  8.0  -8.0  6
1229  12.0  -12.0  4
1230  12.0  -12.0  4
1231  8.0  -8.0  6
1232  8.0  -8.0  7
1233  12.0  -12.0  6
1234  8.0  -8.0  6
1235  8.0  -8.0  6
1236  8.0  -8.0  6
1237  8.0  -8.0  6
1238  8.0  -8.0  6
1239  8.0  -8.0  6
1240  12.0  -12.0  4
1241  12.0  -12.0  4
1242  12.0  -12.0  4
1243  12.0  -12.0  6
1244  8.0  -8.0  6
1245  12.0  -12.0  4
1246  8.0  -8.0  6
1247  8.0  -8.0  6
1248  8.0  -8.0  6
1249  12.0  -12.0  4
1250  12.0  -12.0  4
1251  12.0  -12.0  4
1252  12.0  -12.0  6
1253  8.0  -8.0  6
1254  8.0  -8.0  6
1255  12.0  -12.0  6
1256  8.0  -8.0  6
1257  8.0  -8.0  6
1258  8.0  -8.0  6
1259  12.0  -12.0  4
1260  12.0  -12.0  4
1261  12.0  -12.0  6
1262  8.0  -8.0  6
1263  8.0  -8.0  6
1264  12.0  -12.0  4
1265  12.0  -12.0  4
1266  12.0  -12.0  6
1267  14.0  -14.0  5
1268  8.0  -8.0  6
1269  8.0  -8.0  7
1270  12.0  -12.0  4
1271  8.0  -8.0  6
1272  12.0  -12.0  6
1273  8.0  -8.0  6
1274  14.0  -14.0  5
1275  12.0  -12.0  6
1276  8.0  -8.0  6
1277  12.0  -12.0  4
1278  12.0  -12.0  4
1279  8.0  -8.0  6
1280  8.0  -8.0  6
1281  12.0  -12.0  6
1282  12.0  -12.0  6
1283  8.0  -8.0  6
1284  8.0  -8.0  6
1285  12.0  -12.0  6
1286  8.0  -8.0  6
1287  12.0  -12.0  7
1288  12.0  -12.0  6
1289  12.0  -12.0  4
1290  8.0  -8.0  6
1291  8.0  -8.0  6
1292  12.0  -12.0  4
1293  8.0  -8.0  6
1294  12.0  -12.0  4
1295  8.0  -8.0  6
1296  8.0  -8.0  6
1297  0.0  0.0  100
1298  8.0  -8.0  6
1299  8.0  -8.0  6
1300  8.0  -8.0  7
1301  8.0  -8.0  6
1302  12.0  -12.0  6
1303  8.0  -8.0  7
1304  8.0  -8.0  8
1305  8.0  -8.0  7
1306  12.0  -12.0  6
1307  12.0  -12.0  7
1308  12.0  -12.0  4
1309  12.0  -12.0  6
1310  12.0  -12.0  4
1311  8.0  -8.0  8
1312  12.0  -12.0  6
1313  8.0  -8.0  6
1314  12.0  -12.0  6
1315  12.0  -12.0  4
1316  12.0  -12.0  4
1317  8.0  -8.0  7
1318  12.0  -12.0  6
1319  12.0  -12.0  4
1320  8.0  -8.0  7
1321  12.0  -12.0  6
1322  12.0  -12.0  4
1323  8.0  -8.0  6
1324  8.0  -8.0  6
1325  12.0  -12.0  4
1326  12.0  -12.0  4
1327  12.0  -12.0  6
1328  12.0  -12.0  6
1329  8.0  -8.0  6
1330  8.0  -8.0  7
1331  12.0  -12.0  7
1332  8.0  -8.0  6
1333  12.0  -12.0  4
1334  12.0  -12.0  6
1335  12.0  -12.0  4
1336  8.0  -8.0  6
1337  12.0  -12.0  6
1338  8.0  -8.0  6
1339  12.0  -12.0  4
1340  12.0  -12.0  4
1341  8.0  -8.0  6
1342  12.0  -12.0  6
1343  8.0  -8.0  6
1344  12.0  -12.0  6
1345  8.0  -8.0  6
1346  8.0  -8.0  6
1347  8.0  -8.0  6
1348  12.0  -12.0  4
1349  12.0  -12.0  4
1350  8.0  -8.0  6
1351  12.0  -12.0  4
1352  12.0  -12.0  4
1353  8.0  -8.0  6
1354  8.0  -8.0  6
1355  8.0  -8.0  6
1356  8.0  -8.0  6
1357  12.0  -12.0  6
1358  8.0  -8.0  6
1359  8.0  -8.0  6
1360  8.0  -8.0  6
1361  8.0  -8.0  6
1362  8.0  -8.0  6
1363  12.0  -12.0  4
1364  12.0  -12.0  4
1365  8.0  -8.0  6
1366  12.0  -12.0  6
1367  8.0  -8.0  6
1368  8.0  -8.0  6
1369  12.0  -12.0  4
1370  8.0  -8.0  6
1371  8.0  -8.0  6
1372  12.0  -12.0  4
1373  8.0  -8.0  6
1374  12.0  -12.0  4
1375  8.0  -8.0  6
1376  8.0  -8.0  6
1377  12.0  -12.0  4
1378  8.0  -8.0  6
1379  8.0  -8.0  6
1380  12.0  -12.0  4
1381  14.0  -14.0  5
1382  8.0  -8.0  6
1383  12.0  -12.0  6
1384  12.0  -12.0  6
1385  12.0  -12.0  4
1386  8.0  -8.0  6
1387  12.0  -12.0  4
1388  12.0  -12.0  4
1389  12.0  -12.0  6
1390  12.0  -12.0  6
1391  12.0  -12.0  4
1392  12.0  -12.0  4
1393  8.0  -8.0  6
1394  12.0  -12.0  4
1395  8.0  -8.0  6
1396  8.0  -8.0  6
1397  8.0  -8.0  6
1398  8.0  -8.0  6
1399  8.0  -8.0  6
1400  12.0  -12.0  6
1401  12.0  -12.0  6
1402  8.0  -8.0  6
1403  12.0  -12.0  4
1404  8.0  -8.0  6
1405  8.0  -8.0  6
1406  8.0  -8.0  6
1407  12.0  -12.0  6
1408  12.0  -12.0  4
1409  12.0  -12.0  6
1410  8.0  -8.0  6
1411  12.0  -12.0  6
1412  8.0  -8.0  6
1413  12.0  -12.0  4
1414  8.0  -8.0  6
1415  12.0  -12.0  6
1416  12.0  -12.0  6
1417  12.0  -12.0  4
1418  8.0  -8.0  6
1419  12.0  -12.0  6
1420  12.0  -12.0  6
1421  8.0  -8.0  6
1422  8.0  -8.0  6
1423  12.0  -12.0  4
1424  12.0  -12.0  6
1425  12.0  -12.0  6
1426  12.0  -12.0  6
1427  8.0  -8.0  6
1428  12.0  -12.0  6
1429  12.0  -12.0  6
1430  12.0  -12.0  4
1431  8.0  -8.0  6
1432  8.0  -8.0  6
1433  12.0  -12.0  4
1434  8.0  -8.0  6
1435  8.0  -8.0  6
1436  8.0  -8.0  6
1437  8.0  -8.0  6
1438  8.0  -8.0  6
1439  12.0  -12.0  6
1440  12.0  -12.0  6
1441  12.0  -12.0  4
1442  8.0  -8.0  6
1443  8.0  -8.0  6
1444  8.0  -8.0  6
1445  8.0  -8.0  6
1446  8.0  -8.0  7
1447  8.0  -8.0  6
1448  8.0  -8.0  7
1449  8.0  -8.0  6
1450  8.0  -8.0  6
1451  8.0  -8.0  6
1452  8.0  -8.0  6
1453  12.0  -12.0  7
1454  8.0  -8.0  6
1455  8.0  -8.0  6
1456  12.0  -12.0  4
1457  12.0  -12.0  4
1458  12.0  -12.0  6
1459  8.0  -8.0  6
1460  12.0  -12.0  6
1461  8.0  -8.0  6
1462  12.0  -12.0  6
1463  8.0  -8.0  6
1464  12.0  -12.0  6
1465  12.0  -12.0  4
1466  8.0  -8.0  6
1467  8.0  -8.0  6
1468  12.0  -12.0  6
1469  12.0  -12.0  4
1470  12.0  -12.0  4
1471  12.0  -12.0  6
1472  12.0  -12.0  6
1473  8.0  -8.0  6
1474  8.0  -8.0  6
1475  8.0  -8.0  6
1476  12.0  -12.0  6
1477  12.0  -12.0  4
1478  8.0  -8.0  6
1479  12.0  -12.0  7
1480  8.0  -8.0  6
1481  8.0  -8.0  7
1482  12.0  -12.0  4
1483  12.0  -12.0  4
1484  8.0  -8.0  6
1485  12.0  -12.0  4
1486  12.0  -12.0  6
1487  8.0  -8.0  6
1488  12.0  -12.0  4
1489  12.0  -12.0  6
1490  12.0  -12.0  4
1491  12.0  -12.0  4
1492  12.0  -12.0  4
1493  12.0  -12.0  6
1494  8.0  -8.0  6
1495  8.0  -8.0  6
1496  8.0  -8.0  6
1497  8.0  -8.0  6
1498  8.0  -8.0  6
1499  8.0  -8.0  6
1500  12.0  -12.0  4
1501  12.0  -12.0  6
1502  8.0  -8.0  6
1503  8.0  -8.0  6
1504  12.0  -12.0  4
1505  8.0  -8.0  6
1506  12.0  -12.0  6
1507  12.0  -12.0  4
1508  8.0  -8.0  6
1509  12.0  -12.0  6
1510  8.0  -8.0  6
1511  8.0  -8.0  6
1512  8.0  -8.0  6
1513  8.0  -8.0  6
1514  12.0  -12.0  6
1515  12.0  -12.0  6
1516  12.0  -12.0  7
1517  12.0  -12.0  4
1518  8.0  -8.0  7
1519  8.0  -8.0  6
1520  8.0  -8.0  6
1521  8.0  -8.0  6
1522  8.0  -8.0  6
1523  12.0  -12.0  6
1524  8.0  -8.0  6
1525  12.0  -12.0  4
1526  12.0  -12.0  6
1527  8.0  -8.0  6
1528  8.0  -8.0  6
1529  12.0  -12.0  4
1530  8.0  -8.0  6
1531  8.0  -8.0  6
1532  12.0  -12.0  6
1533  0.0  0.0  100
1534  12.0  -12.0  6
1535  12.0  -12.0  6
1536  12.0  -12.0  6
1537  12.0  -12.0  4
1538  8.0  -8.0  6
1539  8.0  -8.0  6
1540  12.0  -12.0  6
1541  8.0  -8.0  6
1542  8.0  -8.0  6
1543  12.0  -12.0  4
1544  12.0  -12.0  4
1545  12.0  -12.0  4
1546  12.0  -12.0  6
1547  8.0  -8.0  6
1548  8.0  -8.0  6
1549  8.0  -8.0  6
1550  12.0  -12.0  6
1551  12.0  -12.0  4
1552  8.0  -8.0  6
1553  12.0  -12.0  4
1554  12.0  -12.0  4
1555  8.0  -8.0  6
1556  8.0  -8.0  6
1557  12.0  -12.0  4
1558  8.0  -8.0  6
1559  8.0  -8.0  6
1560  8.0  -8.0  6
1561  8.0  -8.0  6
1562  12.0  -12.0  4
1563  8.0  -8.0  6
1564  12.0  -12.0  4
1565  12.0  -12.0  4
1566  8.0  -8.0  6
1567  12.0  -12.0  6
1568  8.0  -8.0  6
1569  12.0  -12.0  4
1570  12.0  -12.0  6
1571  12.0  -12.0  4
1572  14.0  -14.0  5
1573  12.0  -12.0  4
1574  8.0  -8.0  6
1575  8.0  -8.0  6
1576  12.0  -12.0  6
1577  8.0  -8.0  6
1578  8.0  -8.0  6
1579  12.0  -12.0  4
1580  12.0  -12.0  6
1581  8.0  -8.0  6
1582  8.0  -8.0  6
1583  8.0  -8.0  8
1584  12.0  -12.0  6
1585  8.0  -8.0  6
1586  12.0  -12.0  6
1587  12.0  -12.0  6
1588  12.0  -12.0  4
1589  12.0  -12.0  4
1590  0.0  0.0  100
1591  12.0  -12.0  6
1592  12.0  -12.0  4
1593  8.0  -8.0  6
1594  12.0  -12.0  6
1595  12.0  -12.0  4
1596  8.0  -8.0  6
1597  12.0  -12.0  6
1598  8.0  -8.0  6
1599  8.0  -8.0  6
1600  8.0  -8.0  6
1601  8.0  -8.0  7
1602  12.0  -12.0  7
1603  8.0  -8.0  6
1604  12.0  -12.0  4
1605  12.0  -12.0  4
1606  8.0  -8.0  6
1607  12.0  -12.0  6
1608  12.0  -12.0  4
1609  12.0  -12.0  4
1610  12.0  -12.0  6
1611  8.0  -8.0  6
1612  8.0  -8.0  6
1613  12.0  -12.0  4
1614  8.0  -8.0  6
1615  12.0  -12.0  6
1616  12.0  -12.0  4
1617  12.0  -12.0  4
1618  8.0  -8.0  6
1619  8.0  -8.0  6
1620  8.0  -8.0  6
1621  12.0  -12.0  4
1622  12.0  -12.0  4
1623  8.0  -8.0  6
1624  8.0  -8.0  6
1625  12.0  -12.0  4
1626  0.0  0.0  100
1627  12.0  -12.0  6
1628  8.0  -8.0  6
1629  12.0  -12.0  4
1630  12.0  -12.0  4
1631  8.0  -8.0  6
1632  8.0  -8.0  8
1633  8.0  -8.0  6
1634  12.0  -12.0  4
1635  12.0  -12.0  6
1636  8.0  -8.0  6
1637  12.0  -12.0  6
1638  8.0  -8.0  6
1639  8.0  -8.0  6
1640  12.0  -12.0  4
1641  8.0  -8.0  6
1642  12.0  -12.0  4
1643  12.0  -12.0  6
1644  12.0  -12.0  6
1645  12.0  -12.0  6
1646  12.0  -12.0  7
1647  12.0  -12.0  6
1648  12.0  -12.0  4
1649  12.0  -12.0  4
1650  12.0  -12.0  4
1651  12.0  -12.0  6
1652  12.0  -12.0  4
1653  8.0  -8.0  6
1654  8.0  -8.0  6
1655  8.0  -8.0  6
1656  12.0  -12.0  4
1657  12.0  -12.0  6
1658  12.0  -12.0  7
1659  12.0  -12.0  6
1660  8.0  -8.0  6
1661  12.0  -12.0  4
1662  8.0  -8.0  6
1663  8.0  -8.0  6
1664  12.0  -12.0  6
1665  8.0  -8.0  6
1666  8.0  -8.0  6
1667  8.0  -8.0  6
1668  12.0  -12.0  6
1669  12.0  -12.0  4
1670  8.0  -8.0  6
1671  12.0  -12.0  6
1672  12.0  -12.0  6
1673  8.0  -8.0  6
1674  12.0  -12.0  7
1675  12.0  -12.0  4
1676  8.0  -8.0  6
1677  12.0  -12.0  6
1678  12.0  -12.0  6
1679  8.0  -8.0  6
1680  8.0  -8.0  6
1681  12.0  -12.0  6
1682  12.0  -12.0  6
1683  12.0  -12.0  6
1684  12.0  -12.0  6
1685  12.0  -12.0  4
1686  8.0  -8.0  6
1687  12.0  -12.0  6
1688  12.0  -12.0  4
1689  14.0  -14.0  7
1690  8.0  -8.0  6
1691  12.0  -12.0  4
1692  8.0  -8.0  6
1693  8.0  -8.0  6
1694  8.0  -8.0  6
1695  8.0  -8.0  6
1696  8.0  -8.0  6
1697  12.0  -12.0  6
1698  8.0  -8.0  6
1699  12.0  -12.0  4
1700  12.0  -12.0  4
1701  12.0  -12.0  6
1702  12.0  -12.0  6
1703  0.0  0.0  100
1704  12.0  -12.0  6
1705  14.0  -14.0  5
1706  12.0  -12.0  4
1707  8.0  -8.0  6
1708  8.0  -8.0  6
1709  8.0  -8.0  6
1710  12.0  -12.0  6
1711  12.0  -12.0  6
1712  8.0  -8.0  6
1713  12.0  -12.0  6
1714  8.0  -8.0  6
1715  8.0  -8.0  6
1716  8.0  -8.0  6
1717  8.0  -8.0  6
1718  8.0  -8.0  6
1719  8.0  -8.0  6
1720  8.0  -8.0  6
1721  12.0  -12.0  4
1722  8.0  -8.0  6
1723  8.0  -8.0  8
1724  8.0  -8.0  6
1725  8.0  -8.0  6
1726  8.0  -8.0  6
1727  8.0  -8.0  6
1728  8.0  -8.0  6
1729  8.0  -8.0  6
1730  12.0  -12.0  6
1731  12.0  -12.0  6
1732  12.0  -12.0  6
1733  12.0  -12.0  6
1734  12.0  -12.0  6
1735  8.0  -8.0  6
1736  12.0  -12.0  4
1737  8.0  -8.0  6
1738  12.0  -12.0  7
1739  12.0  -12.0  4
1740  8.0  -8.0  6
1741  8.0  -8.0  6
1742  12.0  -12.0  6
1743  8.0  -8.0  6
1744  12.0  -12.0  6
1745  12.0  -12.0  4
1746  12.0  -12.0  4
1747  8.0  -8.0  6
1748  12.0  -12.0  6
1749  12.0  -12.0  4
1750  8.0  -8.0  8
1751  12.0  -12.0  4
1752  8.0  -8.0  6
1753  8.0  -8.0  6
1754  8.0  -8.0  6
1755  12.0  -12.0  6
1756  12.0  -12.0  6
1757  12.0  -12.0  6
1758  8.0  -8.0  6
1759  8.0  -8.0  6
1760  12.0  -12.0  4
1761  12.0  -12.0  6
1762  12.0  -12.0  4
1763  8.0  -8.0  6
1764  12.0  -12.0  6
1765  12.0  -12.0  6
1766  8.0  -8.0  6
1767  12.0  -12.0  6
1768  8.0  -8.0  6
1769  12.0  -12.0  6
1770  12.0  -12.0  4
1771  8.0  -8.0  6
1772  8.0  -8.0  6
1773  8.0  -8.0  6
1774  8.0  -8.0  6
1775  8.0  -8.0  8
1776  12.0  -12.0  6
1777  12.0  -12.0  6
1778  8.0  -8.0  6
1779  8.0  -8.0  6
1780  8.0  -8.0  6
1781  12.0  -12.0  4
1782  12.0  -12.0  4
1783  12.0  -12.0  6
1784  12.0  -12.0  4
1785  12.0  -12.0  4
1786  12.0  -12.0  4
1787  8.0  -8.0  6
1788  8.0  -8.0  6
1789  12.0  -12.0  6
1790  12.0  -12.0  4
1791  12.0  -12.0  6
1792  8.0  -8.0  6
1793  12.0  -12.0  4
1794  12.0  -12.0  6
1795  12.0  -12.0  4
1796  8.0  -8.0  6
1797  12.0  -12.0  4
1798  12.0  -12.0  6
1799  8.0  -8.0  6
1800  12.0  -12.0  4
1801  8.0  -8.0  6
1802  8.0  -8.0  6
1803  12.0  -12.0  6
1804  8.0  -8.0  6
1805  12.0  -12.0  6
1806  0.0  0.0  100
1807  12.0  -12.0  4
1808  8.0  -8.0  6
1809  8.0  -8.0  6
1810  12.0  -12.0  4
1811  12.0  -12.0  6
1812  8.0  -8.0  6
1813  8.0  -8.0  6
1814  12.0  -12.0  4
1815  12.0  -12.0  4
1816  8.0  -8.0  6
1817  8.0  -8.0  6
1818  8.0  -8.0  6
1819  12.0  -12.0  4
1820  12.0  -12.0  4
1821  12.0  -12.0  6
1822  8.0  -8.0  6
1823  8.0  -8.0  6
1824  8.0  -8.0  6
1825  12.0  -12.0  4
1826  12.0  -12.0  6
1827  8.0  -8.0  6
1828  8.0  -8.0  6
1829  8.0  -8.0  6
1830  12.0  -12.0  6
1831  12.0  -12.0  6
1832  8.0  -8.0  6
1833  8.0  -8.0  6
1834  8.0  -8.0  6
1835  8.0  -8.0  6
1836  12.0  -12.0  4
1837  8.0  -8.0  6
1838  8.0  -8.0  7
1839  8.0  -8.0  6
1840  12.0  -12.0  6
1841  8.0  -8.0  6
1842  12.0  -12.0  6
1843  12.0  -12.0  4
1844  12.0  -12.0  6
1845  12.0  -12.0  6
1846  12.0  -12.0  4
1847  12.0  -12.0  6
1848  8.0  -8.0  8
1849  12.0  -12.0  4
1850  0.0  0.0  100
1851  12.0  -12.0  6
1852  12.0  -12.0  6
1853  12.0  -12.0  4
1854  12.0  -12.0  6
1855  8.0  -8.0  6
1856  8.0  -8.0  6
1857  8.0  -8.0  6
1858  8.0  -8.0  7
1859  8.0  -8.0  6
1860  8.0  -8.0  6
1861  12.0  -12.0  6
1862  8.0  -8.0  6
1863  12.0  -12.0  6
1864  8.0  -8.0  6
1865  8.0  -8.0  6
1866  8.0  -8.0  6
1867  12.0  -12.0  6
1868  12.0  -12.0  4
1869  12.0  -12.0  7
1870  12.0  -12.0  6
1871  8.0  -8.0  7
1872  12.0  -12.0  6
1873  8.0  -8.0  6
1874  12.0  -12.0  6
1875  12.0  -12.0  6
1876  8.0  -8.0  6
1877  12.0  -12.0  6
1878  12.0  -12.0  4
1879  12.0  -12.0  4
1880  8.0  -8.0  6
1881  12.0  -12.0  4
1882  12.0  -12.0  6
1883  8.0  -8.0  6
1884  12.0  -12.0  6
1885  12.0  -12.0  4
1886  12.0  -12.0  4
1887  8.0  -8.0  6
1888  12.0  -12.0  4
1889  8.0  -8.0  6
1890  8.0  -8.0  6
1891  0.0  0.0  100
1892  12.0  -12.0  4
1893  8.0  -8.0  6
1894  12.0  -12.0  6
1895  12.0  -12.0  4
1896  8.0  -8.0  6
1897  12.0  -12.0  4
1898  8.0  -8.0  6
1899  8.0  -8.0  6
1900  8.0  -8.0  6
1901  8.0  -8.0  6
1902  12.0  -12.0  6
1903  12.0  -12.0  4
1904  14.0  -14.0  5
1905  8.0  -8.0  6
1906  8.0  -8.0  6
1907  8.0  -8.0  7
1908  8.0  -8.0  6
1909  12.0  -12.0  6
1910  8.0  -8.0  6
1911  14.0  -14.0  5
1912  12.0  -12.0  4
1913  12.0  -12.0  6
1914  8.0  -8.0  6
1915  12.0  -12.0  6
1916  8.0  -8.0  6
1917  8.0  -8.0  6
1918  12.0  -12.0  6
1919  8.0  -8.0  8
1920  8.0  -8.0  6
1921  12.0  -12.0  6
1922  12.0  -12.0  4
1923  12.0  -12.0  4
1924  12.0  -12.0  4
1925  8.0  -8.0  6
1926  8.0  -8.0  8
1927  8.0  -8.0  8
1928  8.0  -8.0  6
1929  8.0  -8.0  6
1930  12.0  -12.0  7
1931  8.0  -8.0  6
1932  8.0  -8.0  6
1933  8.0  -8.0  8
1934  12.0  -12.0  6
1935  8.0  -8.0  6
1936  8.0  -8.0  6
1937  12.0  -12.0  4
1938  8.0  -8.0  6
1939  8.0  -8.0  6
1940  12.0  -12.0  7
1941  8.0  -8.0  6
1942  12.0  -12.0  4
1943  8.0  -8.0  6
1944  0.0  0.0  100
1945  12.0  -12.0  6
1946  12.0  -12.0  6
1947  12.0  -12.0  4
1948  12.0  -12.0  6
1949  8.0  -8.0  6
1950  8.0  -8.0  6
1951  12.0  -12.0  6
1952  12.0  -12.0  6
1953  12.0  -12.0  6
1954  12.0  -12.0  4
1955  12.0  -12.0  4
1956  12.0  -12.0  6
1957  8.0  -8.0  6
1958  8.0  -8.0  6
1959  12.0  -12.0  6
1960  12.0  -12.0  4
1961  8.0  -8.0  6
1962  12.0  -12.0  6
1963  8.0  -8.0  6
1964  8.0  -8.0  6
1965  8.0  -8.0  6
1966  12.0  -12.0  4
1967  12.0  -12.0  4
1968  12.0  -12.0  6
1969  8.0  -8.0  6
1970  12.0  -12.0  4
1971  12.0  -12.0  4
1972  12.0  -12.0  4
1973  8.0  -8.0  6
1974  8.0  -8.0  6
1975  8.0  -8.0  6
1976  12.0  -12.0  6
1977  8.0  -8.0  6
1978  12.0  -12.0  4
1979  14.0  -14.0  5
1980  12.0  -12.0  4
1981  8.0  -8.0  6
1982  12.0  -12.0  4
1983  12.0  -12.0  6
1984  12.0  -12.0  6
1985  12.0  -12.0  6
1986  8.0  -8.0  6
1987  12.0  -12.0  6
1988  12.0  -12.0  6
1989  8.0  -8.0  6
1990  8.0  -8.0  6
1991  8.0  -8.0  6
1992  8.0  -8.0  6
1993  8.0  -8.0  6
1994  14.0  -14.0  7
1995  8.0  -8.0  6
1996  8.0  -8.0  6
1997  8.0  -8.0  6
1998  12.0  -12.0  4
1999  12.0  -12.0  6
2000  8.0  -8.0  6
2001  8.0  -8.0  6
2002  8.0  -8.0  6
2003  8.0  -8.0  6
2004  8.0  -8.0  6
2005  12.0  -12.0  6
2006  12.0  -12.0  4
2007  8.0  -8.0  6
2008  12.0  -12.0  6
2009  12.0  -12.0  6
2010  12.0  -12.0  6
2011  8.0  -8.0  6
2012  12.0  -12.0  6
2013  8.0  -8.0  6
2014  8.0  -8.0  6
2015  8.0  -8.0  6
2016  8.0  -8.0  6
2017  12.0  -12.0  4
2018  8.0  -8.0  6
2019  12.0  -12.0  6
2020  12.0  -12.0  6
2021  12.0  -12.0  4
2022  12.0  -12.0  6
2023  8.0  -8.0  6
2024  12.0  -12.0  4
2025  8.0  -8.0  6
2026  8.0  -8.0  6
2027  12.0  -12.0  6
2028  12.0  -12.0  4
2029  12.0  -12.0  4
2030  8.0  -8.0  6
2031  8.0  -8.0  6
2032  12.0  -12.0  6
2033  8.0  -8.0  6
2034  8.0  -8.0  6
2035  12.0  -12.0  6
2036  12.0  -12.0  6
2037  8.0  -8.0  6
2038  12.0  -12.0  4
2039  8.0  -8.0  6
2040  12.0  -12.0  4
2041  8.0  -8.0  6
2042  8.0  -8.0  6
2043  12.0  -12.0  6
2044  8.0  -8.0  6
2045  8.0  -8.0  6
2046  12.0  -12.0  4
2047  12.0  -12.0  6
2048  12.0  -12.0  4
2049  8.0  -8.0  6
2050  12.0  -12.0  6
2051  12.0  -12.0  6
2052  8.0  -8.0  6
2053  12.0  -12.0  4
2054  8.0  -8.0  6
2055  0.0  0.0  100
2056  12.0  -12.0  4
2057  12.0  -12.0  6
2058  12.0  -12.0  6
2059  12.0  -12.0  6
2060  12.0  -12.0  4
2061  8.0  -8.0  6
2062  12.0  -12.0  4
2063  12.0  -12.0  6
2064  8.0  -8.0  7
2065  8.0  -8.0  6
2066  8.0  -8.0  6
2067  12.0  -12.0  4
2068  8.0  -8.0  8
2069  12.0  -12.0  4
2070  8.0  -8.0  6
2071  12.0  -12.0  4
2072  12.0  -12.0  4
2073  8.0  -8.0  6
2074  8.0  -8.0  6
2075  0.0  0.0  100
2076  8.0  -8.0  6
2077  8.0  -8.0  6
2078  12.0  -12.0  6
2079  12.0  -12.0  6
2080  8.0  -8.0  6
2081  8.0  -8.0  6
2082  12.0  -12.0  4
2083  8.0  -8.0  6
2084  12.0  -12.0  4
2085  8.0  -8.0  6
2086  8.0  -8.0  8
2087  12.0  -12.0  4
2088  12.0  -12.0  6
2089  12.0  -12.0  4
2090  12.0  -12.0  4
2091  12.0  -12.0  6
2092  8.0  -8.0  6
2093  8.0  -8.0  6
2094  12.0  -12.0  4
2095  8.0  -8.0  6
2096  12.0  -12.0  6
2097  8.0  -8.0  6
2098  12.0  -12.0  6
2099  12.0  -12.0  6
2100  8.0  -8.0  6
2101  8.0  -8.0  6
2102  8.0  -8.0  6
2103  12.0  -12.0  6
2104  12.0  -12.0  4
2105  12.0  -12.0  6
2106  8.0  -8.0  6
2107  12.0  -12.0  6
2108  12.0  -12.0  4
2109  12.0  -12.0  4
2110  12.0  -12.0  6
2111  12.0  -12.0  6
2112  8.0  -8.0  7
2113  8.0  -8.0  6
2114  12.0  -12.0  4
2115  12.0  -12.0  6
2116  12.0  -12.0  7
2117  12.0  -12.0  4
2118  12.0  -12.0  4
2119  12.0  -12.0  4
2120  12.0  -12.0  6
2121  8.0  -8.0  6
2122  12.0  -12.0  6
2123  12.0  -12.0  6
2124  12.0  -12.0  6
2125  8.0  -8.0  8
2126  8.0  -8.0  7
2127  12.0  -12.0  4
2128  12.0  -12.0  4
2129  8.0  -8.0  6
2130  8.0  -8.0  6
2131  8.0  -8.0  7
2132  8.0  -8.0  6
2133  12.0  -12.0  6
2134  8.0  -8.0  6
2135  12.0  -12.0  4
2136  8.0  -8.0  6
2137  8.0  -8.0  6
2138  8.0  -8.0  6
2139  8.0  -8.0  6
2140  12.0  -12.0  4
2141  12.0  -12.0  6
2142  12.0  -12.0  6
2143  8.0  -8.0  65
2144  8.0  -8.0  6
2145  12.0  -12.0  6
2146  12.0  -12.0  4
2147  8.0  -8.0  6
2148  12.0  -12.0  6
2149  8.0  -8.0  6
2150  12.0  -12.0  4
2151  8.0  -8.0  7
2152  8.0  -8.0  6
2153  8.0  -8.0  6
2154  8.0  -8.0  6
2155  8.0  -8.0  6
2156  12.0  -12.0  6
2157  12.0  -12.0  6
2158  12.0  -12.0  7
2159  8.0  -8.0  6
2160  12.0  -12.0  4
2161  12.0  -12.0  6
2162  8.0  -8.0  6
2163  8.0  -8.0  6
2164  8.0  -8.0  6
2165  12.0  -12.0  6
2166  8.0  -8.0  6
2167  12.0  -12.0  7
2168  12.0  -12.0  4
2169  12.0  -12.0  4
2170  8.0  -8.0  6
2171  8.0  -8.0  6
2172  12.0  -12.0  7
2173  12.0  -12.0  6
2174  8.0  -8.0  6
2175  8.0  -8.0  6
2176  8.0  -8.0  6
2177  12.0  -12.0  6
2178  8.0  -8.0  6
2179  12.0  -12.0  6
2180  12.0  -12.0  4
2181  8.0  -8.0  6
2182  8.0  -8.0  6
2183  12.0  -12.0  4
2184  8.0  -8.0  6
2185  12.0  -12.0  6
2186  12.0  -12.0  4
2187  8.0  -8.0  6
2188  12.0  -12.0  6
2189  12.0  -12.0  4
2190  12.0  -12.0  6
2191  8.0  -8.0  6
2192  8.0  -8.0  6
2193  8.0  -8.0  7
2194  8.0  -8.0  6
2195  8.0  -8.0  6
2196  12.0  -12.0  6
2197  8.0  -8.0  6
2198  8.0  -8.0  10
2199  8.0  -8.0  6
2200  8.0  -8.0  6
2201  14.0  -14.0  5
2202  8.0  -8.0  6
2203  12.0  -12.0  6
2204  12.0  -12.0  6
2205  12.0  -12.0  4
2206  8.0  -8.0  6
2207  12.0  -12.0  6
2208  8.0  -8.0  6
2209  8.0  -8.0  6
2210  8.0  -8.0  6
2211  12.0  -12.0  6
2212  12.0  -12.0  4
2213  8.0  -8.0  6
2214  8.0  -8.0  6
2215  12.0  -12.0  6
2216  12.0  -12.0  4
2217  8.0  -8.0  6
2218  8.0  -8.0  6
2219  12.0  -12.0  4
2220  8.0  -8.0  6
2221  8.0  -8.0  6
2222  12.0  -12.0  6
2223  8.0  -8.0  6
2224  8.0  -8.0  6
2225  8.0  -8.0  6
2226  12.0  -12.0  4
2227  12.0  -12.0  6
2228  12.0  -12.0  6
2229  8.0  -8.0  6
2230  8.0  -8.0  6
2231  8.0  -8.0  6
2232  12.0  -12.0  4
2233  8.0  -8.0  6
2234  8.0  -8.0  7
2235  12.0  -12.0  4
2236  12.0  -12.0  4
2237  12.0  -12.0  6
2238  12.0  -12.0  4
2239  12.0  -12.0  6
2240  8.0  -8.0  6
2241  12.0  -12.0  4
2242  12.0  -12.0  6
2243  12.0  -12.0  4
2244  8.0  -8.0  6
2245  8.0  -8.0  6
2246  8.0  -8.0  6
2247  8.0  -8.0  6
2248  14.0  -14.0  5
2249  12.0  -12.0  4
2250  8.0  -8.0  6
2251  8.0  -8.0  6
2252  12.0  -12.0  4
2253  12.0  -12.0  4
2254  8.0  -8.0  6
2255  8.0  -8.0  6
2256  8.0  -8.0  6
2257  12.0  -12.0  4
2258  8.0  -8.0  6
2259  12.0  -12.0  6
2260  8.0  -8.0  8
2261  8.0  -8.0  6
2262  12.0  -12.0  7
2263  8.0  -8.0  6
2264  12.0  -12.0  4
2265  8.0  -8.0  6
2266  8.0  -8.0  6
2267  8.0  -8.0  6
2268  8.0  -8.0  6
2269  8.0  -8.0  6
2270  12.0  -12.0  6
2271  12.0  -12.0  6
2272  8.0  -8.0  6
2273  8.0  -8.0  6
2274  8.0  -8.0  8
2275  8.0  -8.0  6
2276  8.0  -8.0  6
2277  8.0  -8.0  7
2278  8.0  -8.0  6
2279  8.0  -8.0  6
2280  12.0  -12.0  6
2281  12.0  -12.0  6
2282  12.0  -12.0  4
2283  8.0  -8.0  6
2284  12.0  -12.0  4
2285  8.0  -8.0  6
2286  12.0  -12.0  4
2287  8.0  -8.0  6
2288  12.0  -12.0  4
2289  12.0  -12.0  4
2290  12.0  -12.0  4
2291  8.0  -8.0  6
2292  8.0  -8.0  6
2293  8.0  -8.0  6
2294  12.0  -12.0  6
2295  12.0  -12.0  6
2296  8.0  -8.0  6
2297  12.0  -12.0  6
2298  12.0  -12.0  6
2299  8.0  -8.0  6
2300  8.0  -8.0  6
2301  8.0  -8.0  6
2302  12.0  -12.0  6
2303  8.0  -8.0  7
2304  8.0  -8.0  6
2305  12.0  -12.0  4
2306  8.0  -8.0  6
2307  8.0  -8.0  6
2308  8.0  -8.0  6
2309  12.0  -12.0  6
2310  8.0  -8.0  6
2311  12.0  -12.0  6
2312  12.0  -12.0  6
2313  12.0  -12.0  4
2314  12.0  -12.0  6
2315  8.0  -8.0  6
2316  12.0  -12.0  6
2317  12.0  -12.0  6
2318  8.0  -8.0  6
2319  12.0  -12.0  6
2320  8.0  -8.0  6
2321  8.0  -8.0  6
2322  12.0  -12.0  4
2323  8.0  -8.0  6
2324  8.0  -8.0  7
2325  12.0  -12.0  6
2326  0.0  0.0  100
2327  12.0  -12.0  6
2328  8.0  -8.0  6
2329  8.0  -8.0  6
2330  8.0  -8.0  6
2331  12.0  -12.0  4
2332  12.0  -12.0  4
2333  12.0  -12.0  4
2334  8.0  -8.0  6
2335  8.0  -8.0  6
2336  12.0  -12.0  4
2337  8.0  -8.0  6
2338  8.0  -8.0  6
2339  12.0  -12.0  4
2340  12.0  -12.0  4
2341  12.0  -12.0  6
2342  8.0  -8.0  6
2343  12.0  -12.0  6
2344  8.0  -8.0  6
2345  12.0  -12.0  4
2346  8.0  -8.0  6
2347  12.0  -12.0  6
2348  8.0  -8.0  6
2349  8.0  -8.0  6
2350  12.0  -12.0  6
2351  12.0  -12.0  6
2352  8.0  -8.0  6
2353  8.0  -8.0  6
2354  8.0  -8.0  6
2355  12.0  -12.0  4
2356  12.0  -12.0  6
2357  12.0  -12.0  6
2358  8.0  -8.0  6
2359  12.0  -12.0  6
2360  0.0  0.0  100
2361  12.0  -12.0  4
2362  8.0  -8.0  6
2363  12.0  -12.0  4
2364  8.0  -8.0  6
2365  12.0  -12.0  4
2366  8.0  -8.0  6
2367  12.0  -12.0  4
2368  12.0  -12.0  6
2369  0.0  0.0  100
2370  8.0  -8.0  6
2371  8.0  -8.0  6
2372  12.0  -12.0  6
2373  12.0  -12.0  4
2374  12.0  -12.0  6
2375  8.0  -8.0  6
2376  8.0  -8.0  6
2377  8.0  -8.0  6
2378  12.0  -12.0  4
2379  12.0  -12.0  4
2380  12.0  -12.0  6
2381  8.0  -8.0  6
2382  12.0  -12.0  6
2383  8.0  -8.0  6
2384  8.0  -8.0  6
2385  8.0  -8.0  6
2386  8.0  -8.0  8
2387  8.0  -8.0  7
2388  8.0  -8.0  6
2389  12.0  -12.0  4
2390  12.0  -12.0  4
2391  0.0  0.0  100
2392  8.0  -8.0  6
2393  14.0  -14.0  5
2394  8.0  -8.0  6
2395  8.0  -8.0  6
2396  12.0  -12.0  4
2397  8.0  -8.0  7
2398  12.0  -12.0  4
2399  12.0  -12.0  6
2400  12.0  -12.0  6
2401  12.0  -12.0  6
2402  12.0  -12.0  4
2403  8.0  -8.0  6
2404  8.0  -8.0  6
2405  12.0  -12.0  6
2406  8.0  -8.0  6
2407  8.0  -8.0  6
2408  12.0  -12.0  6
2409  8.0  -8.0  6
2410  8.0  -8.0  6
2411  12.0  -12.0  4
2412  12.0  -12.0  4
2413  8.0  -8.0  6
2414  12.0  -12.0  6
2415  8.0  -8.0  6
2416  8.0  -8.0  6
2417  8.0  -8.0  6
2418  8.0  -8.0  7
2419  12.0  -12.0  6
2420  8.0  -8.0  6
2421  8.0  -8.0  7
2422  8.0  -8.0  6
2423  8.0  -8.0  6
2424  8.0  -8.0  6
2425  12.0  -12.0  4
2426  0.0  0.0  100
2427  8.0  -8.0  6
2428  8.0  -8.0  6
2429  8.0  -8.0  8
2430  12.0  -12.0  4
2431  8.0  -8.0  9
2432  12.0  -12.0  4
2433  8.0  -8.0  7
2434  0.0  0.0  100
2435  8.0  -8.0  6
2436  12.0  -12.0  6
2437  12.0  -12.0  4
2438  8.0  -8.0  6
2439  8.0  -8.0  6
2440  12.0  -12.0  6
2441  8.0  -8.0  6
2442  12.0  -12.0  6
2443  12.0  -12.0  4
2444  12.0  -12.0  6
2445  8.0  -8.0  6
2446  8.0  -8.0  6
2447  18.0  -18.0  48
2448  8.0  -8.0  6
2449  8.0  -8.0  7
2450  8.0  -8.0  6
2451  12.0  -12.0  4
2452  12.0  -12.0  4
2453  12.0  -12.0  6
2454  12.0  -12.0  4
2455  12.0  -12.0  6
2456  8.0  -8.0  6
2457  12.0  -12.0  6
2458  12.0  -12.0  4
2459  12.0  -12.0  6
2460  12.0  -12.0  4
2461  12.0  -12.0  7
2462  12.0  -12.0  6
2463  8.0  -8.0  7
2464  12.0  -12.0  6
2465  12.0  -12.0  4
2466  12.0  -12.0  7
2467  12.0  -12.0  6
2468  8.0  -8.0  6
2469  12.0  -12.0  4
2470  12.0  -12.0  4
2471  12.0  -12.0  6
2472  8.0  -8.0  8
2473  8.0  -8.0  7
2474  8.0  -8.0  6
2475  8.0  -8.0  6
2476  8.0  -8.0  6
2477  12.0  -12.0  7
2478  8.0  -8.0  6
2479  8.0  -8.0  6
2480  8.0  -8.0  6
2481  12.0  -12.0  6
2482  0.0  0.0  100
2483  12.0  -12.0  4
2484  12.0  -12.0  4
2485  8.0  -8.0  6
2486  8.0  -8.0  6
2487  8.0  -8.0  6
2488  12.0  -12.0  4
2489  8.0  -8.0  6
2490  8.0  -8.0  6
2491  8.0  -8.0  6
2492  8.0  -8.0  6
2493  8.0  -8.0  6
2494  8.0  -8.0  6
2495  8.0  -8.0  6
2496  12.0  -12.0  4
2497  8.0  -8.0  6
2498  8.0  -8.0  6
2499  8.0  -8.0  6
2500  8.0  -8.0  6
2501  12.0  -12.0  4
2502  12.0  -12.0  4
2503  12.0  -12.0  4
2504  8.0  -8.0  6
2505  12.0  -12.0  4
2506  8.0  -8.0  6
2507  8.0  -8.0  6
2508  8.0  -8.0  6
2509  12.0  -12.0  6
2510  8.0  -8.0  6
2511  12.0  -12.0  6
2512  12.0  -12.0  6
2513  12.0  -12.0  6
2514  8.0  -8.0  6
2515  8.0  -8.0  6
2516  12.0  -12.0  6
2517  12.0  -12.0  4
2518  12.0  -12.0  4
2519  8.0  -8.0  6
2520  12.0  -12.0  4
2521  8.0  -8.0  7
2522  8.0  -8.0  6
2523  12.0  -12.0  4
2524  12.0  -12.0  4
2525  8.0  -8.0  6
2526  12.0  -12.0  4
2527  8.0  -8.0  6
2528  12.0  -12.0  6
2529  12.0  -12.0  6
2530  8.0  -8.0  6
2531  8.0  -8.0  8
2532  8.0  -8.0  6
2533  8.0  -8.0  6
2534  12.0  -12.0  6
2535  12.0  -12.0  6
2536  8.0  -8.0  6
2537  12.0  -12.0  6
2538  8.0  -8.0  6
2539  12.0  -12.0  4
2540  8.0  -8.0  6
2541  12.0  -12.0  6
2542  8.0  -8.0  6
2543  12.0  -12.0  4
2544  12.0  -12.0  6
2545  12.0  -12.0  6
2546  12.0  -12.0  4
2547  0.0  0.0  100
2548  12.0  -12.0  4
2549  8.0  -8.0  6
2550  8.0  -8.0  7
2551  12.0  -12.0  6
2552  8.0  -8.0  6
2553  12.0  -12.0  6
2554  -6.0  6.0  100
2555  8.0  -8.0  6
2556  12.0  -12.0  6
2557  8.0  -8.0  6
2558  12.0  -12.0  4
2559  8.0  -8.0  6
2560  12.0  -12.0  4
2561  8.0  -8.0  6
2562  8.0  -8.0  6
2563  8.0  -8.0  6
2564  8.0  -8.0  6
2565  8.0  -8.0  6
2566  12.0  -12.0  4
2567  12.0  -12.0  4
2568  12.0  -12.0  6
2569  12.0  -12.0  4
2570  12.0  -12.0  4
2571  12.0  -12.0  4
2572  12.0  -12.0  6
2573  12.0  -12.0  6
2574  12.0  -12.0  6
2575  8.0  -8.0  6
2576  8.0  -8.0  6
2577  8.0  -8.0  6
2578  8.0  -8.0  6
2579  8.0  -8.0  6
2580  8.0  -8.0  6
2581  8.0  -8.0  6
2582  12.0  -12.0  6
2583  12.0  -12.0  6
2584  8.0  -8.0  6
2585  8.0  -8.0  6
2586  8.0  -8.0  6
2587  8.0  -8.0  6
2588  12.0  -12.0  4
2589  8.0  -8.0  6
2590  8.0  -8.0  6
2591  8.0  -8.0  6
2592  8.0  -8.0  6
2593  8.0  -8.0  8
2594  8.0  -8.0  6
2595  8.0  -8.0  6
2596  12.0  -12.0  6
2597  12.0  -12.0  6
2598  12.0  -12.0  6
2599  12.0  -12.0  6
2600  8.0  -8.0  6
2601  8.0  -8.0  6
2602  8.0  -8.0  6
2603  8.0  -8.0  6
2604  8.0  -8.0  6
2605  12.0  -12.0  6
2606  8.0  -8.0  6
2607  8.0  -8.0  6
2608  12.0  -12.0  6
2609  8.0  -8.0  7
2610  8.0  -8.0  6
2611  8.0  -8.0  6
2612  8.0  -8.0  6
2613  8.0  -8.0  6
2614  8.0  -8.0  6
2615  12.0  -12.0  4
2616  12.0  -12.0  6
2617  12.0  -12.0  4
2618  12.0  -12.0  6
2619  8.0  -8.0  6
2620  8.0  -8.0  6
2621  12.0  -12.0  4
2622  8.0  -8.0  6
2623  12.0  -12.0  6
2624  8.0  -8.0  6
2625  12.0  -12.0  6
2626  12.0  -12.0  4
2627  12.0  -12.0  6
2628  8.0  -8.0  7
2629  8.0  -8.0  6
2630  8.0  -8.0  83
2631  12.0  -12.0  4
2632  12.0  -12.0  4
2633  12.0  -12.0  4
2634  12.0  -12.0  6
2635  8.0  -8.0  6
2636  8.0  -8.0  6
2637  12.0  -12.0  6
2638  8.0  -8.0  6
2639  8.0  -8.0  6
2640  12.0  -12.0  6
2641  12.0  -12.0  4
2642  12.0  -12.0  6
2643  8.0  -8.0  6
2644  8.0  -8.0  7
2645  12.0  -12.0  4
2646  12.0  -12.0  4
2647  8.0  -8.0  7
2648  8.0  -8.0  7
2649  8.0  -8.0  6
2650  0.0  0.0  100
2651  8.0  -8.0  6
2652  12.0  -12.0  4
2653  8.0  -8.0  6
2654  8.0  -8.0  7
2655  8.0  -8.0  6
2656  12.0  -12.0  4
2657  8.0  -8.0  6
2658  8.0  -8.0  6
2659  8.0  -8.0  6
2660  8.0  -8.0  6
2661  12.0  -12.0  6
2662  12.0  -12.0  6
2663  8.0  -8.0  6
2664  8.0  -8.0  6
2665  12.0  -12.0  4
2666  8.0  -8.0  6
2667  8.0  -8.0  6
2668  12.0  -12.0  6
2669  8.0  -8.0  6
2670  8.0  -8.0  6
2671  8.0  -8.0  6
2672  8.0  -8.0  6
2673  8.0  -8.0  6
2674  8.0  -8.0  6
2675  12.0  -12.0  6
2676  12.0  -12.0  6
2677  14.0  -14.0  5
2678  12.0  -12.0  4
2679  8.0  -8.0  6
2680  12.0  -12.0  6
2681  8.0  -8.0  6
2682  12.0  -12.0  4
2683  12.0  -12.0  7
2684  8.0  -8.0  6
2685  8.0  -8.0  6
2686  8.0  -8.0  6
2687  8.0  -8.0  6
2688  8.0  -8.0  6
2689  12.0  -12.0  6
2690  8.0  -8.0  6
2691  12.0  -12.0  6
2692  8.0  -8.0  6
2693  12.0  -12.0  4
2694  8.0  -8.0  6
2695  12.0  -12.0  4
2696  12.0  -12.0  4
2697  12.0  -12.0  6
2698  8.0  -8.0  6
2699  12.0  -12.0  6
2700  12.0  -12.0  4
2701  12.0  -12.0  6
2702  12.0  -12.0  6
2703  8.0  -8.0  6
2704  12.0  -12.0  4
2705  12.0  -12.0  6
2706  8.0  -8.0  6
2707  12.0  -12.0  7
2708  8.0  -8.0  7
2709  12.0  -12.0  6
2710  12.0  -12.0  6
2711  12.0  -12.0  6
2712  8.0  -8.0  6
2713  12.0  -12.0  6
2714  12.0  -12.0  4
2715  8.0  -8.0  8
2716  8.0  -8.0  6
2717  8.0  -8.0  6
2718  8.0  -8.0  6
2719  8.0  -8.0  7
2720  12.0  -12.0  6
2721  8.0  -8.0  7
2722  12.0  -12.0  6
2723  0.0  0.0  100
2724  8.0  -8.0  6
2725  8.0  -8.0  6
2726  8.0  -8.0  6
2727  12.0  -12.0  6
2728  12.0  -12.0  4
2729  12.0  -12.0  6
2730  8.0  -8.0  6
2731  8.0  -8.0  6
2732  8.0  -8.0  6
2733  12.0  -12.0  4
2734  12.0  -12.0  6
2735  8.0  -8.0  6
2736  12.0  -12.0  6
2737  8.0  -8.0  8
2738  8.0  -8.0  6
2739  8.0  -8.0  6
2740  8.0  -8.0  6
2741  8.0  -8.0  6
2742  8.0  -8.0  6
2743  8.0  -8.0  6
2744  12.0  -12.0  6
2745  8.0  -8.0  6
2746  8.0  -8.0  6
2747  12.0  -12.0  6
2748  8.0  -8.0  6
2749  8.0  -8.0  6
2750  8.0  -8.0  6
2751  8.0  -8.0  6
2752  12.0  -12.0  4
2753  12.0  -12.0  6
2754  8.0  -8.0  6
2755  8.0  -8.0  6
2756  8.0  -8.0  6
2757  8.0  -8.0  6
2758  12.0  -12.0  6
2759  8.0  -8.0  6
2760  12.0  -12.0  4
2761  12.0  -12.0  7
2762  8.0  -8.0  6
2763  8.0  -8.0  6
2764  8.0  -8.0  6
2765  8.0  -8.0  6
2766  8.0  -8.0  8
2767  8.0  -8.0  6
2768  12.0  -12.0  6
2769  12.0  -12.0  6
2770  8.0  -8.0  6
2771  8.0  -8.0  6
2772  8.0  -8.0  6
2773  12.0  -12.0  4
2774  8.0  -8.0  6
2775  8.0  -8.0  6
2776  12.0  -12.0  6
2777  12.0  -12.0  6
2778  12.0  -12.0  6
2779  8.0  -8.0  6
2780  8.0  -8.0  7
2781  8.0  -8.0  6
2782  12.0  -12.0  6
2783  12.0  -12.0  4
2784  8.0  -8.0  7
2785  12.0  -12.0  4
2786  8.0  -8.0  6
2787  12.0  -12.0  4
2788  8.0  -8.0  6
2789  12.0  -12.0  4
2790  12.0  -12.0  6
2791  12.0  -12.0  6
2792  8.0  -8.0  6
2793  8.0  -8.0  6
2794  8.0  -8.0  6
2795  8.0  -8.0  6
2796  8.0  -8.0  6
2797  8.0  -8.0  6
2798  8.0  -8.0  6
2799  12.0  -12.0  4
2800  8.0  -8.0  6
2801  8.0  -8.0  6
2802  12.0  -12.0  6
2803  8.0  -8.0  6
2804  8.0  -8.0  6
2805  8.0  -8.0  6
2806  8.0  -8.0  6
2807  8.0  -8.0  6
2808  12.0  -12.0  6
2809  12.0  -12.0  4
2810  8.0  -8.0  6
2811  0.0  0.0  100
2812  12.0  -12.0  4
2813  12.0  -12.0  6
2814  8.0  -8.0  6
2815  8.0  -8.0  6
2816  8.0  -8.0  6
2817  12.0  -12.0  4
2818  12.0  -12.0  7
2819  12.0  -12.0  6
2820  12.0  -12.0  6
2821  8.0  -8.0  6
2822  8.0  -8.0  6
2823  12.0  -12.0  4
2824  12.0  -12.0  6
2825  10.0  -10.0  5
2826  8.0  -8.0  6
2827  12.0  -12.0  6
2828  8.0  -8.0  6
2829  8.0  -8.0  6
2830  12.0  -12.0  6
2831  12.0  -12.0  6
2832  12.0  -12.0  4
2833  12.0  -12.0  4
2834  12.0  -12.0  4
2835  12.0  -12.0  7
2836  12.0  -12.0  6
2837  8.0  -8.0  6
2838  12.0  -12.0  4
2839  8.0  -8.0  6
2840  8.0  -8.0  6
2841  12.0  -12.0  4
2842  12.0  -12.0  4
2843  8.0  -8.0  6
2844  8.0  -8.0  8
2845  8.0  -8.0  8
2846  12.0  -12.0  6
2847  12.0  -12.0  4
2848  12.0  -12.0  6
2849  12.0  -12.0  7
2850  8.0  -8.0  6
2851  12.0  -12.0  4
2852  12.0  -12.0  7
2853  8.0  -8.0  6
2854  8.0  -8.0  6
2855  8.0  -8.0  6
2856  12.0  -12.0  6
2857  12.0  -12.0  6
2858  12.0  -12.0  4
2859  12.0  -12.0  4
2860  12.0  -12.0  4
2861  12.0  -12.0  6
2862  8.0  -8.0  6
2863  8.0  -8.0  6
2864  8.0  -8.0  6
2865  8.0  -8.0  6
2866  12.0  -12.0  6
2867  8.0  -8.0  6
2868  12.0  -12.0  6
2869  12.0  -12.0  6
2870  12.0  -12.0  4
2871  8.0  -8.0  6
2872  12.0  -12.0  4
2873  8.0  -8.0  6
2874  8.0  -8.0  6
2875  12.0  -12.0  6
2876  8.0  -8.0  6
2877  8.0  -8.0  6
2878  8.0  -8.0  6
2879  8.0  -8.0  6
2880  12.0  -12.0  4
2881  8.0  -8.0  6
2882  8.0  -8.0  7
2883  8.0  -8.0  6
2884  12.0  -12.0  4
2885  12.0  -12.0  6
2886  12.0  -12.0  4
2887  8.0  -8.0  6
2888  8.0  -8.0  6
2889  8.0  -8.0  7
2890  12.0  -12.0  6
2891  12.0  -12.0  6
2892  8.0  -8.0  7
2893  12.0  -12.0  6
2894  8.0  -8.0  6
2895  8.0  -8.0  6
2896  12.0  -12.0  4
2897  12.0  -12.0  6
2898  8.0  -8.0  6
2899  8.0  -8.0  6
2900  12.0  -12.0  6
2901  12.0  -12.0  6
2902  12.0  -12.0  6
2903  8.0  -8.0  6
2904  12.0  -12.0  4
2905  8.0  -8.0  6
2906  8.0  -8.0  6
2907  8.0  -8.0  6
2908  8.0  -8.0  7
2909  8.0  -8.0  7
2910  8.0  -8.0  7
2911  8.0  -8.0  6
2912  12.0  -12.0  6
2913  8.0  -8.0  6
2914  8.0  -8.0  6
2915  12.0  -12.0  4
2916  12.0  -12.0  4
2917  8.0  -8.0  6
2918  12.0  -12.0  6
2919  12.0  -12.0  6
2920  8.0  -8.0  6
2921  12.0  -12.0  7
2922  8.0  -8.0  6
2923  8.0  -8.0  6
2924  12.0  -12.0  6
2925  8.0  -8.0  6
2926  12.0  -12.0  6
2927  8.0  -8.0  6
2928  12.0  -12.0  4
2929  8.0  -8.0  6
2930  12.0  -12.0  6
2931  8.0  -8.0  6
2932  8.0  -8.0  6
2933  12.0  -12.0  6
2934  12.0  -12.0  4
2935  8.0  -8.0  6
2936  8.0  -8.0  6
2937  12.0  -12.0  6
2938  12.0  -12.0  7
2939  8.0  -8.0  6
2940  8.0  -8.0  6
2941  8.0  -8.0  6
2942  8.0  -8.0  6
2943  12.0  -12.0  6
2944  12.0  -12.0  6
2945  8.0  -8.0  6
2946  12.0  -12.0  6
2947  12.0  -12.0  4
2948  8.0  -8.0  6
2949  12.0  -12.0  6
2950  8.0  -8.0  7
2951  8.0  -8.0  6
2952  8.0  -8.0  8
2953  8.0  -8.0  6
2954  8.0  -8.0  6
2955  8.0  -8.0  6
2956  0.0  0.0  100
2957  8.0  -8.0  6
2958  8.0  -8.0  6
2959  8.0  -8.0  6
2960  12.0  -12.0  6
2961  8.0  -8.0  6
2962  12.0  -12.0  4
2963  8.0  -8.0  6
2964  8.0  -8.0  6
2965  8.0  -8.0  6
2966  12.0  -12.0  6
2967  8.0  -8.0  6
2968  8.0  -8.0  6
2969  8.0  -8.0  6
2970  8.0  -8.0  6
2971  12.0  -12.0  7
2972  8.0  -8.0  6
2973  12.0  -12.0  6
2974  12.0  -12.0  6
2975  12.0  -12.0  4
2976  12.0  -12.0  6
2977  12.0  -12.0  4
2978  8.0  -8.0  6
2979  12.0  -12.0  6
2980  8.0  -8.0  6
2981  8.0  -8.0  6
2982  12.0  -12.0  4
2983  8.0  -8.0  6
2984  8.0  -8.0  6
2985  12.0  -12.0  4
2986  12.0  -12.0  4
2987  8.0  -8.0  6
2988  8.0  -8.0  6
2989  12.0  -12.0  6
2990  12.0  -12.0  6
2991  12.0  -12.0  6
2992  12.0  -12.0  6
2993  12.0  -12.0  6
2994  12.0  -12.0  6
2995  8.0  -8.0  6
2996  8.0  -8.0  6
2997  12.0  -12.0  6
2998  8.0  -8.0  6
2999  8.0  -8.0  6
3000  12.0  -12.0  7
3001  12.0  -12.0  6
3002  8.0  -8.0  6
3003  12.0  -12.0  6
3004  8.0  -8.0  6
3005  8.0  -8.0  6
3006  12.0  -12.0  4
3007  8.0  -8.0  6
3008  12.0  -12.0  6
3009  10.0  -10.0  7
3010  12.0  -12.0  6
3011  12.0  -12.0  6
3012  8.0  -8.0  6
3013  8.0  -8.0  6
3014  8.0  -8.0  6
3015  12.0  -12.0  6
3016  8.0  -8.0  6
3017  8.0  -8.0  6
3018  12.0  -12.0  4
3019  8.0  -8.0  6
3020  12.0  -12.0  6
3021  8.0  -8.0  6
3022  12.0  -12.0  4
3023  8.0  -8.0  6
3024  8.0  -8.0  7
3025  12.0  -12.0  6
3026  12.0  -12.0  4
3027  8.0  -8.0  6
3028  8.0  -8.0  6
3029  8.0  -8.0  6
3030  8.0  -8.0  6
3031  8.0  -8.0  6
3032  12.0  -12.0  4
3033  8.0  -8.0  6
3034  12.0  -12.0  6
3035  8.0  -8.0  6
3036  8.0  -8.0  6
3037  8.0  -8.0  6
3038  8.0  -8.0  6
3039  12.0  -12.0  4
3040  8.0  -8.0  6
3041  8.0  -8.0  6
3042  8.0  -8.0  6
3043  8.0  -8.0  6
3044  8.0  -8.0  6
3045  8.0  -8.0  6
3046  8.0  -8.0  6
3047  12.0  -12.0  6
3048  12.0  -12.0  4
3049  8.0  -8.0  6
3050  8.0  -8.0  6
3051  8.0  -8.0  6
3052  12.0  -12.0  6
3053  8.0  -8.0  6
3054  8.0  -8.0  6
3055  12.0  -12.0  6
3056  8.0  -8.0  6
3057  12.0  -12.0  4
3058  12.0  -12.0  6
3059  8.0  -8.0  7
3060  8.0  -8.0  6
3061  8.0  -8.0  7
3062  12.0  -12.0  4
3063  8.0  -8.0  6
3064  8.0  -8.0  6
3065  8.0  -8.0  6
3066  8.0  -8.0  6
3067  8.0  -8.0  6
3068  8.0  -8.0  6
3069  12.0  -12.0  6
3070  12.0  -12.0  4
3071  12.0  -12.0  6
3072  8.0  -8.0  6
3073  12.0  -12.0  4
3074  12.0  -12.0  6
3075  12.0  -12.0  6
3076  8.0  -8.0  6
3077  12.0  -12.0  6
3078  12.0  -12.0  6
3079  12.0  -12.0  4
3080  12.0  -12.0  6
3081  12.0  -12.0  6
3082  8.0  -8.0  6
3083  8.0  -8.0  6
3084  8.0  -8.0  6
3085  12.0  -12.0  6
3086  12.0  -12.0  6
3087  12.0  -12.0  4
3088  8.0  -8.0  6
3089  8.0  -8.0  6
3090  8.0  -8.0  6
3091  8.0  -8.0  6
3092  12.0  -12.0  6
3093  8.0  -8.0  6
3094  8.0  -8.0  6
3095  8.0  -8.0  6
3096  12.0  -12.0  4
3097  14.0  -14.0  5
3098  8.0  -8.0  6
3099  12.0  -12.0  6
3100  8.0  -8.0  6
3101  12.0  -12.0  4
3102  8.0  -8.0  6
3103  8.0  -8.0  6
3104  8.0  -8.0  7
3105  12.0  -12.0  6
3106  8.0  -8.0  6
3107  8.0  -8.0  6
3108  8.0  -8.0  6
3109  12.0  -12.0  6
3110  8.0  -8.0  6
3111  12.0  -12.0  6
3112  8.0  -8.0  6
3113  8.0  -8.0  6
3114  8.0  -8.0  6
3115  12.0  -12.0  4
3116  12.0  -12.0  4
3117  8.0  -8.0  6
3118  8.0  -8.0  7
3119  12.0  -12.0  7
3120  8.0  -8.0  6
3121  8.0  -8.0  6
3122  12.0  -12.0  6
3123  12.0  -12.0  4
3124  12.0  -12.0  4
3125  12.0  -12.0  6
3126  12.0  -12.0  6
3127  12.0  -12.0  7
3128  8.0  -8.0  6
3129  8.0  -8.0  6
3130  12.0  -12.0  4
3131  12.0  -12.0  6
3132  8.0  -8.0  7
3133  8.0  -8.0  6
3134  12.0  -12.0  4
3135  14.0  -14.0  7
3136  8.0  -8.0  6
3137  12.0  -12.0  6
3138  8.0  -8.0  6
3139  12.0  -12.0  6
3140  12.0  -12.0  7
3141  8.0  -8.0  6
3142  12.0  -12.0  4
3143  8.0  -8.0  6
3144  12.0  -12.0  4
3145  8.0  -8.0  6
3146  12.0  -12.0  4
3147  12.0  -12.0  6
3148  12.0  -12.0  6
3149  8.0  -8.0  6
3150  8.0  -8.0  6
3151  8.0  -8.0  6
3152  12.0  -12.0  4
3153  8.0  -8.0  6
3154  12.0  -12.0  6
3155  8.0  -8.0  6
3156  8.0  -8.0  6
3157  12.0  -12.0  4
3158  12.0  -12.0  4
3159  12.0  -12.0  4
3160  8.0  -8.0  6
3161  12.0  -12.0  6
3162  8.0  -8.0  6
3163  8.0  -8.0  6
3164  12.0  -12.0  6
3165  8.0  -8.0  6
3166  8.0  -8.0  6
3167  12.0  -12.0  6
3168  8.0  -8.0  6
3169  8.0  -8.0  7
3170  8.0  -8.0  7
3171  12.0  -12.0  6
3172  8.0  -8.0  6
3173  8.0  -8.0  6
3174  12.0  -12.0  4
3175  8.0  -8.0  6
3176  12.0  -12.0  4
3177  12.0  -12.0  4
3178  12.0  -12.0  4
3179  0.0  0.0  100
3180  8.0  -8.0  6
3181  8.0  -8.0  6
3182  8.0  -8.0  7
3183  12.0  -12.0  6
3184  8.0  -8.0  6
3185  8.0  -8.0  6
3186  8.0  -8.0  6
3187  8.0  -8.0  6
3188  8.0  -8.0  7
3189  8.0  -8.0  6
3190  8.0  -8.0  6
3191  8.0  -8.0  6
3192  12.0  -12.0  6
3193  8.0  -8.0  6
3194  8.0  -8.0  7
3195  12.0  -12.0  4
3196  8.0  -8.0  6
3197  8.0  -8.0  6
3198  12.0  -12.0  4
3199  8.0  -8.0  6
3200  12.0  -12.0  6
3201  8.0  -8.0  6
3202  8.0  -8.0  6
3203  8.0  -8.0  6
3204  0.0  0.0  100
3205  12.0  -12.0  4
3206  8.0  -8.0  7
3207  8.0  -8.0  6
3208  12.0  -12.0  7
3209  12.0  -12.0  6
3210  8.0  -8.0  6
3211  8.0  -8.0  6
3212  8.0  -8.0  6
3213  8.0  -8.0  6
3214  8.0  -8.0  6
3215  8.0  -8.0  6
3216  0.0  0.0  100
3217  8.0  -8.0  6
3218  12.0  -12.0  4
3219  12.0  -12.0  6
3220  12.0  -12.0  4
3221  8.0  -8.0  6
3222  8.0  -8.0  6
3223  12.0  -12.0  6
3224  8.0  -8.0  6
3225  12.0  -12.0  4
3226  12.0  -12.0  4
3227  8.0  -8.0  6
3228  8.0  -8.0  6
3229  8.0  -8.0  6
3230  8.0  -8.0  6
3231  8.0  -8.0  6
3232  8.0  -8.0  6
3233  8.0  -8.0  6
3234  12.0  -12.0  6
3235  12.0  -12.0  4
3236  12.0  -12.0  6
3237  8.0  -8.0  6
3238  8.0  -8.0  6
3239  12.0  -12.0  6
3240  12.0  -12.0  4
3241  12.0  -12.0  6
3242  12.0  -12.0  6
3243  12.0  -12.0  4
3244  12.0  -12.0  6
3245  8.0  -8.0  6
3246  8.0  -8.0  6
3247  12.0  -12.0  4
3248  8.0  -8.0  6
3249  8.0  -8.0  6
3250  12.0  -12.0  4
3251  8.0  -8.0  6
3252  8.0  -8.0  6
3253  12.0  -12.0  4
3254  8.0  -8.0  6
3255  8.0  -8.0  6
3256  12.0  -12.0  6
3257  12.0  -12.0  4
3258  8.0  -8.0  6
3259  8.0  -8.0  6
3260  8.0  -8.0  6
3261  8.0  -8.0  6
3262  8.0  -8.0  6
3263  8.0  -8.0  6
3264  8.0  -8.0  6
3265  8.0  -8.0  6
3266  8.0  -8.0  6
3267  8.0  -8.0  6
3268  8.0  -8.0  6
3269  8.0  -8.0  6
3270  8.0  -8.0  6
3271  12.0  -12.0  6
3272  12.0  -12.0  4
3273  12.0  -12.0  4
3274  12.0  -12.0  4
3275  0.0  0.0  100
3276  8.0  -8.0  8
3277  8.0  -8.0  6
3278  12.0  -12.0  6
3279  12.0  -12.0  4
3280  8.0  -8.0  6
3281  8.0  -8.0  6
3282  12.0  -12.0  6
3283  12.0  -12.0  4
3284  8.0  -8.0  7
3285  12.0  -12.0  6
3286  8.0  -8.0  7
3287  8.0  -8.0  6
3288  12.0  -12.0  6
3289  8.0  -8.0  6
3290  8.0  -8.0  6
3291  12.0  -12.0  6
3292  8.0  -8.0  6
3293  12.0  -12.0  6
3294  8.0  -8.0  6
3295  12.0  -12.0  6
3296  12.0  -12.0  6
3297  12.0  -12.0  4
3298  12.0  -12.0  6
3299  12.0  -12.0  6
3300  8.0  -8.0  6
3301  8.0  -8.0  8
3302  8.0  -8.0  6
3303  12.0  -12.0  6
3304  12.0  -12.0  6
3305  8.0  -8.0  7
3306  12.0  -12.0  7
3307  12.0  -12.0  6
3308  12.0  -12.0  6
3309  12.0  -12.0  7
3310  12.0  -12.0  6
3311  8.0  -8.0  6
3312  8.0  -8.0  6
3313  12.0  -12.0  6
3314  8.0  -8.0  6
3315  8.0  -8.0  6
3316  12.0  -12.0  4
3317  12.0  -12.0  4
3318  8.0  -8.0  6
3319  12.0  -12.0  6
3320  12.0  -12.0  4
3321  0.0  0.0  100
3322  14.0  -14.0  5
3323  8.0  -8.0  6
3324  8.0  -8.0  6
3325  12.0  -12.0  4
3326  8.0  -8.0  6
3327  8.0  -8.0  6
3328  12.0  -12.0  6
3329  12.0  -12.0  4
3330  12.0  -12.0  4
3331  12.0  -12.0  6
3332  12.0  -12.0  6
3333  8.0  -8.0  6
3334  8.0  -8.0  7
3335  0.0  0.0  100
3336  8.0  -8.0  6
3337  8.0  -8.0  6
3338  8.0  -8.0  6
3339  12.0  -12.0  6
3340  8.0  -8.0  6
3341  8.0  -8.0  6
3342  12.0  -12.0  4
3343  8.0  -8.0  9
3344  12.0  -12.0  6
3345  12.0  -12.0  6
3346  8.0  -8.0  6
3347  8.0  -8.0  6
3348  12.0  -12.0  6
3349  12.0  -12.0  6
3350  8.0  -8.0  6
3351  12.0  -12.0  4
3352  8.0  -8.0  6
3353  8.0  -8.0  7
3354  12.0  -12.0  4
3355  8.0  -8.0  6
3356  8.0  -8.0  6
3357  8.0  -8.0  6
3358  8.0  -8.0  6
3359  8.0  -8.0  6
3360  12.0  -12.0  4
3361  8.0  -8.0  6
3362  12.0  -12.0  6
3363  12.0  -12.0  6
3364  12.0  -12.0  4
3365  8.0  -8.0  6
3366  8.0  -8.0  7
3367  12.0  -12.0  4
3368  8.0  -8.0  6
3369  8.0  -8.0  6
3370  12.0  -12.0  7
3371  12.0  -12.0  6
3372  14.0  -14.0  7
3373  12.0  -12.0  6
3374  12.0  -12.0  4
3375  8.0  -8.0  6
3376  12.0  -12.0  4
3377  8.0  -8.0  6
3378  12.0  -12.0  4
3379  12.0  -12.0  7
3380  8.0  -8.0  6
3381  8.0  -8.0  6
3382  12.0  -12.0  4
3383  12.0  -12.0  6
3384  12.0  -12.0  4
3385  8.0  -8.0  6
3386  12.0  -12.0  4
3387  12.0  -12.0  6
3388  8.0  -8.0  6
3389  8.0  -8.0  6
3390  8.0  -8.0  7
3391  12.0  -12.0  7
3392  8.0  -8.0  6
3393  8.0  -8.0  6
3394  8.0  -8.0  6
3395  8.0  -8.0  6
3396  12.0  -12.0  6
3397  12.0  -12.0  6
3398  12.0  -12.0  4
3399  12.0  -12.0  6
3400  8.0  -8.0  6
3401  8.0  -8.0  7
3402  12.0  -12.0  4
3403  8.0  -8.0  6
3404  12.0  -12.0  4
3405  12.0  -12.0  6
3406  12.0  -12.0  4
3407  8.0  -8.0  6
3408  12.0  -12.0  4
3409  12.0  -12.0  6
3410  12.0  -12.0  4
3411  8.0  -8.0  6
3412  12.0  -12.0  6
3413  8.0  -8.0  6
3414  8.0  -8.0  6
3415  12.0  -12.0  4
3416  12.0  -12.0  4
3417  14.0  -14.0  7
3418  12.0  -12.0  4
3419  12.0  -12.0  4
3420  12.0  -12.0  6
3421  12.0  -12.0  4
3422  8.0  -8.0  6
3423  8.0  -8.0  7
3424  8.0  -8.0  6
3425  8.0  -8.0  6
3426  12.0  -12.0  6
3427  8.0  -8.0  6
3428  12.0  -12.0  6
3429  12.0  -12.0  4
3430  8.0  -8.0  6
3431  12.0  -12.0  4
3432  12.0  -12.0  6
3433  8.0  -8.0  6
3434  8.0  -8.0  7
3435  12.0  -12.0  4
3436  8.0  -8.0  6
3437  12.0  -12.0  6
3438  12.0  -12.0  6
3439  8.0  -8.0  6
3440  12.0  -12.0  6
3441  8.0  -8.0  6
3442  8.0  -8.0  6
3443  8.0  -8.0  6
3444  8.0  -8.0  6
3445  12.0  -12.0  4
3446  8.0  -8.0  6
3447  8.0  -8.0  6
3448  8.0  -8.0  6
3449  8.0  -8.0  6
3450  8.0  -8.0  6
3451  8.0  -8.0  6
3452  8.0  -8.0  6
3453  8.0  -8.0  6
3454  12.0  -12.0  6
3455  12.0  -12.0  6
3456  8.0  -8.0  6
3457  12.0  -12.0  6
3458  8.0  -8.0  6
3459  8.0  -8.0  6
3460  12.0  -12.0  4
3461  12.0  -12.0  6
3462  12.0  -12.0  6
3463  8.0  -8.0  6
3464  8.0  -8.0  6
3465  8.0  -8.0  6
3466  12.0  -12.0  6
3467  8.0  -8.0  6
3468  12.0  -12.0  4
3469  12.0  -12.0  6
3470  8.0  -8.0  6
3471  12.0  -12.0  6
3472  12.0  -12.0  6
3473  12.0  -12.0  4
3474  12.0  -12.0  6
3475  8.0  -8.0  6
3476  0.0  0.0  100
3477  12.0  -12.0  6
3478  12.0  -12.0  6
3479  12.0  -12.0  4
3480  8.0  -8.0  6
3481  12.0  -12.0  4
3482  12.0  -12.0  4
3483  8.0  -8.0  6
3484  12.0  -12.0  6
3485  8.0  -8.0  6
3486  8.0  -8.0  6
3487  12.0  -12.0  6
3488  8.0  -8.0  6
3489  14.0  -14.0  5
3490  8.0  -8.0  6
3491  8.0  -8.0  6
3492  12.0  -12.0  6
3493  12.0  -12.0  4
3494  8.0  -8.0  6
3495  12.0  -12.0  4
3496  12.0  -12.0  4
3497  12.0  -12.0  4
3498  12.0  -12.0  6
3499  8.0  -8.0  6
3500  8.0  -8.0  6
3501  8.0  -8.0  6
3502  12.0  -12.0  4
3503  8.0  -8.0  6
3504  8.0  -8.0  6
3505  12.0  -12.0  6
3506  12.0  -12.0  4
3507  12.0  -12.0  4
3508  8.0  -8.0  6
3509  8.0  -8.0  6
3510  12.0  -12.0  7
3511  8.0  -8.0  6
3512  8.0  -8.0  6
3513  12.0  -12.0  6
3514  12.0  -12.0  4
3515  8.0  -8.0  6
3516  8.0  -8.0  6
3517  12.0  -12.0  4
3518  8.0  -8.0  6
3519  12.0  -12.0  6
3520  8.0  -8.0  6
3521  12.0  -12.0  4
3522  8.0  -8.0  6
3523  12.0  -12.0  4
3524  12.0  -12.0  6
3525  8.0  -8.0  6
3526  12.0  -12.0  4
3527  12.0  -12.0  4
3528  8.0  -8.0  6
3529  8.0  -8.0  6
3530  12.0  -12.0  6
3531  8.0  -8.0  6
3532  12.0  -12.0  6
3533  8.0  -8.0  6
3534  8.0  -8.0  6
3535  8.0  -8.0  6
3536  12.0  -12.0  4
3537  12.0  -12.0  4
3538  12.0  -12.0  4
3539  8.0  -8.0  6
3540  8.0  -8.0  6
3541  8.0  -8.0  6
3542  8.0  -8.0  6
3543  12.0  -12.0  4
3544  8.0  -8.0  6
3545  12.0  -12.0  6
3546  12.0  -12.0  6
3547  12.0  -12.0  6
3548  8.0  -8.0  100
3549  8.0  -8.0  6
3550  8.0  -8.0  8
3551  12.0  -12.0  4
3552  12.0  -12.0  6
3553  12.0  -12.0  6
3554  12.0  -12.0  6
3555  12.0  -12.0  4
3556  8.0  -8.0  6
3557  12.0  -12.0  4
3558  8.0  -8.0  6
3559  12.0  -12.0  4
3560  8.0  -8.0  6
3561  12.0  -12.0  4
3562  12.0  -12.0  4
3563  8.0  -8.0  6
3564  8.0  -8.0  6
3565  12.0  -12.0  6
3566  12.0  -12.0  6
3567  12.0  -12.0  6
3568  12.0  -12.0  4
3569  22.0  -22.0  39
3570  12.0  -12.0  4
3571  12.0  -12.0  4
3572  12.0  -12.0  4
3573  8.0  -8.0  6
3574  12.0  -12.0  6
3575  12.0  -12.0  6
3576  12.0  -12.0  4
3577  8.0  -8.0  6
3578  12.0  -12.0  4
3579  14.0  -14.0  8
3580  8.0  -8.0  6
3581  12.0  -12.0  4
3582  8.0  -8.0  6
3583  12.0  -12.0  6
3584  8.0  -8.0  6
3585  8.0  -8.0  6
3586  12.0  -12.0  6
3587  12.0  -12.0  6
3588  12.0  -12.0  4
3589  8.0  -8.0  6
3590  8.0  -8.0  6
3591  8.0  -8.0  6
3592  12.0  -12.0  4
3593  8.0  -8.0  6
3594  8.0  -8.0  6
3595  12.0  -12.0  6
3596  8.0  -8.0  6
3597  12.0  -12.0  6
3598  8.0  -8.0  6
3599  12.0  -12.0  6
3600  12.0  -12.0  4
3601  12.0  -12.0  6
3602  12.0  -12.0  4
3603  12.0  -12.0  4
3604  8.0  -8.0  6
3605  8.0  -8.0  6
3606  8.0  -8.0  6
3607  8.0  -8.0  6
3608  8.0  -8.0  6
3609  8.0  -8.0  6
3610  12.0  -12.0  6
3611  12.0  -12.0  4
3612  12.0  -12.0  6
3613  8.0  -8.0  6
3614  8.0  -8.0  6
3615  8.0  -8.0  6
3616  12.0  -12.0  6
3617  12.0  -12.0  6
3618  8.0  -8.0  6
3619  12.0  -12.0  4
3620  8.0  -8.0  6
3621  8.0  -8.0  6
3622  12.0  -12.0  6
3623  8.0  -8.0  6
3624  8.0  -8.0  6
3625  8.0  -8.0  6
3626  8.0  -8.0  6
3627  12.0  -12.0  4
3628  8.0  -8.0  6
3629  12.0  -12.0  6
3630  12.0  -12.0  4
3631  12.0  -12.0  6
3632  12.0  -12.0  4
3633  12.0  -12.0  4
3634  12.0  -12.0  4
3635  12.0  -12.0  4
3636  12.0  -12.0  4
3637  8.0  -8.0  6
3638  8.0  -8.0  6
3639  8.0  -8.0  6
3640  8.0  -8.0  6
3641  12.0  -12.0  6
3642  12.0  -12.0  4
3643  8.0  -8.0  6
3644  8.0  -8.0  6
3645  12.0  -12.0  6
3646  8.0  -8.0  6
3647  8.0  -8.0  6
3648  12.0  -12.0  6
3649  8.0  -8.0  6
3650  12.0  -12.0  4
3651  8.0  -8.0  6
3652  8.0  -8.0  6
3653  12.0  -12.0  6
3654  8.0  -8.0  6
3655  12.0  -12.0  6
3656  8.0  -8.0  7
3657  8.0  -8.0  6
3658  8.0  -8.0  6
3659  12.0  -12.0  4
3660  12.0  -12.0  4
3661  8.0  -8.0  6
3662  8.0  -8.0  6
3663  8.0  -8.0  8
3664  12.0  -12.0  4
3665  8.0  -8.0  6
3666  8.0  -8.0  6
3667  12.0  -12.0  4
3668  8.0  -8.0  6
3669  12.0  -12.0  4
3670  8.0  -8.0  8
3671  8.0  -8.0  6
3672  8.0  -8.0  6
3673  8.0  -8.0  7
3674  12.0  -12.0  6
3675  8.0  -8.0  6
3676  12.0  -12.0  4
3677  12.0  -12.0  4
3678  12.0  -12.0  4
3679  8.0  -8.0  6
3680  8.0  -8.0  6
3681  8.0  -8.0  6
3682  12.0  -12.0  6
3683  8.0  -8.0  6
3684  8.0  -8.0  6
3685  8.0  -8.0  7
3686  12.0  -12.0  4
3687  12.0  -12.0  4
3688  12.0  -12.0  4
3689  12.0  -12.0  4
3690  12.0  -12.0  4
3691  12.0  -12.0  4
3692  14.0  -14.0  5
3693  12.0  -12.0  4
3694  12.0  -12.0  6
3695  12.0  -12.0  6
3696  12.0  -12.0  4
3697  8.0  -8.0  6
3698  8.0  -8.0  6
3699  12.0  -12.0  7
3700  8.0  -8.0  6
3701  8.0  -8.0  6
3702  8.0  -8.0  7
3703  8.0  -8.0  6
3704  8.0  -8.0  6
3705  12.0  -12.0  6
3706  8.0  -8.0  6
3707  8.0  -8.0  6
3708  8.0  -8.0  6
3709  8.0  -8.0  7
3710  12.0  -12.0  4
3711  8.0  -8.0  6
3712  12.0  -12.0  4
3713  12.0  -12.0  6
3714  12.0  -12.0  4
3715  8.0  -8.0  6
3716  12.0  -12.0  4
3717  12.0  -12.0  6
3718  12.0  -12.0  4
3719  12.0  -12.0  4
3720  8.0  -8.0  6
3721  8.0  -8.0  6
3722  12.0  -12.0  4
3723  8.0  -8.0  6
3724  0.0  0.0  100
3725  8.0  -8.0  6
3726  12.0  -12.0  6
3727  12.0  -12.0  6
3728  8.0  -8.0  6
3729  12.0  -12.0  4
3730  8.0  -8.0  6
3731  12.0  -12.0  6
3732  8.0  -8.0  6
3733  8.0  -8.0  6
3734  12.0  -12.0  6
3735  8.0  -8.0  6
3736  8.0  -8.0  6
3737  12.0  -12.0  4
3738  8.0  -8.0  7
3739  8.0  -8.0  8
3740  12.0  -12.0  4
3741  12.0  -12.0  4
3742  8.0  -8.0  7
3743  12.0  -12.0  6
3744  8.0  -8.0  6
3745  12.0  -12.0  7
3746  12.0  -12.0  4
3747  8.0  -8.0  6
3748  8.0  -8.0  6
3749  8.0  -8.0  6
3750  8.0  -8.0  6
3751  8.0  -8.0  6
3752  12.0  -12.0  4
3753  12.0  -12.0  6
3754  12.0  -12.0  4
3755  8.0  -8.0  6
3756  12.0  -12.0  4
3757  8.0  -8.0  6
3758  12.0  -12.0  4
3759  8.0  -8.0  6
3760  8.0  -8.0  6
3761  12.0  -12.0  4
3762  8.0  -8.0  6
3763  8.0  -8.0  6
3764  8.0  -8.0  6
3765  8.0  -8.0  6
3766  12.0  -12.0  6
3767  12.0  -12.0  6
3768  8.0  -8.0  6
3769  12.0  -12.0  6
3770  8.0  -8.0  6
3771  12.0  -12.0  4
3772  8.0  -8.0  6
3773  14.0  -14.0  7
3774  8.0  -8.0  6
3775  12.0  -12.0  6
3776  8.0  -8.0  6
3777  8.0  -8.0  6
3778  12.0  -12.0  4
3779  12.0  -12.0  4
3780  8.0  -8.0  6
3781  8.0  -8.0  6
3782  12.0  -12.0  4
3783  12.0  -12.0  4
3784  8.0  -8.0  6
3785  8.0  -8.0  6
3786  8.0  -8.0  6
3787  12.0  -12.0  4
3788  12.0  -12.0  4
3789  8.0  -8.0  6
3790  8.0  -8.0  6
3791  8.0  -8.0  6
3792  8.0  -8.0  6
3793  12.0  -12.0  6
3794  12.0  -12.0  4
3795  8.0  -8.0  8
3796  12.0  -12.0  4
3797  8.0  -8.0  6
3798  12.0  -12.0  7
3799  8.0  -8.0  6
3800  8.0  -8.0  6
3801  8.0  -8.0  6
3802  8.0  -8.0  6
3803  12.0  -12.0  4
3804  8.0  -8.0  6
3805  8.0  -8.0  6
3806  8.0  -8.0  6
3807  8.0  -8.0  6
3808  8.0  -8.0  6
3809  12.0  -12.0  6
3810  12.0  -12.0  6
3811  12.0  -12.0  4
3812  12.0  -12.0  6
3813  8.0  -8.0  6
3814  0.0  0.0  100
3815  14.0  -14.0  5
3816  8.0  -8.0  6
3817  12.0  -12.0  4
3818  8.0  -8.0  6
3819  8.0  -8.0  6
3820  8.0  -8.0  6
3821  8.0  -8.0  6
3822  8.0  -8.0  6
3823  8.0  -8.0  6
3824  12.0  -12.0  6
3825  12.0  -12.0  7
3826  8.0  -8.0  6
3827  8.0  -8.0  6
3828  12.0  -12.0  6
3829  12.0  -12.0  4
3830  12.0  -12.0  4
3831  8.0  -8.0  7
3832  8.0  -8.0  6
3833  8.0  -8.0  7
3834  8.0  -8.0  6
3835  8.0  -8.0  6
3836  8.0  -8.0  6
3837  12.0  -12.0  4
3838  8.0  -8.0  6
3839  8.0  -8.0  6
3840  12.0  -12.0  4
3841  12.0  -12.0  4
3842  8.0  -8.0  6
3843  12.0  -12.0  6
3844  8.0  -8.0  6
3845  12.0  -12.0  6
3846  12.0  -12.0  4
3847  12.0  -12.0  6
3848  12.0  -12.0  6
3849  8.0  -8.0  6
3850  12.0  -12.0  7
3851  12.0  -12.0  4
3852  8.0  -8.0  6
3853  12.0  -12.0  6
3854  8.0  -8.0  6
3855  12.0  -12.0  4
3856  8.0  -8.0  6
3857  8.0  -8.0  6
3858  8.0  -8.0  6
3859  8.0  -8.0  6
3860  8.0  -8.0  6
3861  12.0  -12.0  4
3862  8.0  -8.0  6
3863  12.0  -12.0  4
3864  8.0  -8.0  6
3865  8.0  -8.0  6
3866  12.0  -12.0  4
3867  8.0  -8.0  6
3868  8.0  -8.0  7
3869  12.0  -12.0  4
3870  12.0  -12.0  4
3871  12.0  -12.0  4
3872  12.0  -12.0  4
3873  12.0  -12.0  4
3874  12.0  -12.0  4
3875  12.0  -12.0  6
3876  8.0  -8.0  6
3877  12.0  -12.0  6
3878  8.0  -8.0  6
3879  12.0  -12.0  6
3880  12.0  -12.0  4
3881  12.0  -12.0  4
3882  8.0  -8.0  6
3883  8.0  -8.0  7
3884  8.0  -8.0  6
3885  12.0  -12.0  7
3886  12.0  -12.0  6
3887  12.0  -12.0  6
3888  8.0  -8.0  6
3889  8.0  -8.0  6
3890  8.0  -8.0  6
3891  12.0  -12.0  6
3892  8.0  -8.0  6
3893  12.0  -12.0  6
3894  8.0  -8.0  6
3895  12.0  -12.0  6
3896  12.0  -12.0  7
3897  8.0  -8.0  6
3898  8.0  -8.0  8
3899  8.0  -8.0  6
3900  8.0  -8.0  6
3901  8.0  -8.0  6
3902  12.0  -12.0  6
3903  8.0  -8.0  6
3904  8.0  -8.0  6
3905  12.0  -12.0  4
3906  8.0  -8.0  6
3907  8.0  -8.0  6
3908  8.0  -8.0  6
3909  12.0  -12.0  6
3910  12.0  -12.0  7
3911  8.0  -8.0  9
3912  12.0  -12.0  4
3913  8.0  -8.0  6
3914  8.0  -8.0  6
3915  12.0  -12.0  6
3916  12.0  -12.0  4
3917  12.0  -12.0  4
3918  8.0  -8.0  6
3919  8.0  -8.0  6
3920  8.0  -8.0  7
3921  8.0  -8.0  6
3922  8.0  -8.0  6
3923  12.0  -12.0  6
3924  8.0  -8.0  6
3925  12.0  -12.0  4
3926  8.0  -8.0  6
3927  12.0  -12.0  6
3928  8.0  -8.0  6
3929  8.0  -8.0  6
3930  8.0  -8.0  7
3931  12.0  -12.0  4
3932  8.0  -8.0  6
3933  12.0  -12.0  6
3934  8.0  -8.0  6
3935  12.0  -12.0  6
3936  12.0  -12.0  4
3937  12.0  -12.0  4
3938  8.0  -8.0  6
3939  8.0  -8.0  6
3940  12.0  -12.0  6
3941  8.0  -8.0  6
3942  8.0  -8.0  7
3943  12.0  -12.0  6
3944  8.0  -8.0  6
3945  12.0  -12.0  6
3946  10.0  -10.0  8
3947  0.0  0.0  100
3948  8.0  -8.0  6
3949  12.0  -12.0  4
3950  14.0  -14.0  7
3951  8.0  -8.0  6
3952  8.0  -8.0  6
3953  8.0  -8.0  6
3954  12.0  -12.0  6
3955  8.0  -8.0  6
3956  8.0  -8.0  6
3957  12.0  -12.0  4
3958  8.0  -8.0  6
3959  12.0  -12.0  4
3960  8.0  -8.0  6
3961  12.0  -12.0  4
3962  12.0  -12.0  6
3963  8.0  -8.0  6
3964  8.0  -8.0  8
3965  12.0  -12.0  4
3966  8.0  -8.0  8
3967  8.0  -8.0  6
3968  12.0  -12.0  6
3969  8.0  -8.0  6
3970  12.0  -12.0  6
3971  8.0  -8.0  6
3972  12.0  -12.0  4
3973  12.0  -12.0  6
3974  12.0  -12.0  4
3975  8.0  -8.0  6
3976  8.0  -8.0  6
3977  12.0  -12.0  6
3978  12.0  -12.0  4
3979  8.0  -8.0  8
3980  8.0  -8.0  87
3981  12.0  -12.0  6
3982  14.0  -14.0  5
3983  12.0  -12.0  4
3984  12.0  -12.0  6
3985  12.0  -12.0  6
3986  8.0  -8.0  6
3987  8.0  -8.0  6
3988  12.0  -12.0  6
3989  8.0  -8.0  6
3990  12.0  -12.0  4
3991  8.0  -8.0  6
3992  0.0  0.0  100
3993  12.0  -12.0  4
3994  12.0  -12.0  6
3995  8.0  -8.0  6
3996  12.0  -12.0  7
3997  12.0  -12.0  6
3998  8.0  -8.0  6
3999  8.0  -8.0  6
4000  12.0  -12.0  6
4001  12.0  -12.0  6
4002  8.0  -8.0  6
4003  8.0  -8.0  6
4004  12.0  -12.0  4
4005  12.0  -12.0  4
4006  12.0  -12.0  6
4007  12.0  -12.0  6
4008  8.0  -8.0  6
4009  12.0  -12.0  7
4010  8.0  -8.0  6
4011  12.0  -12.0  4
4012  8.0  -8.0  7
4013  8.0  -8.0  6
4014  8.0  -8.0  6
4015  12.0  -12.0  4
4016  12.0  -12.0  6
4017  12.0  -12.0  4
4018  8.0  -8.0  91
4019  8.0  -8.0  6
4020  12.0  -12.0  6
4021  12.0  -12.0  7
4022  0.0  0.0  100
4023  12.0  -12.0  6
4024  12.0  -12.0  6
4025  12.0  -12.0  4
4026  8.0  -8.0  6
4027  8.0  -8.0  6
4028  0.0  0.0  100
4029  8.0  -8.0  6
4030  8.0  -8.0  6
4031  8.0  -8.0  6
4032  12.0  -12.0  4
4033  12.0  -12.0  4
4034  8.0  -8.0  6
4035  8.0  -8.0  6
4036  12.0  -12.0  4
4037  12.0  -12.0  4
4038  12.0  -12.0  4
4039  8.0  -8.0  6
4040  12.0  -12.0  6
4041  12.0  -12.0  4
4042  8.0  -8.0  6
4043  8.0  -8.0  6
4044  8.0  -8.0  6
4045  8.0  -8.0  6
4046  8.0  -8.0  8
4047  12.0  -12.0  4
4048  8.0  -8.0  6
4049  12.0  -12.0  4
4050  8.0  -8.0  6
4051  12.0  -12.0  4
4052  8.0  -8.0  6
4053  12.0  -12.0  4
4054  12.0  -12.0  4
4055  8.0  -8.0  6
4056  8.0  -8.0  6
4057  8.0  -8.0  6
4058  12.0  -12.0  6
4059  0.0  0.0  100
4060  12.0  -12.0  4
4061  8.0  -8.0  6
4062  8.0  -8.0  6
4063  12.0  -12.0  6
4064  12.0  -12.0  4
4065  8.0  -8.0  6
4066  8.0  -8.0  6
4067  8.0  -8.0  6
4068  8.0  -8.0  6
4069  8.0  -8.0  6
4070  12.0  -12.0  4
4071  8.0  -8.0  6
4072  8.0  -8.0  6
4073  12.0  -12.0  6
4074  12.0  -12.0  6
4075  8.0  -8.0  6
4076  12.0  -12.0  6
4077  8.0  -8.0  7
4078  14.0  -14.0  5
4079  8.0  -8.0  8
4080  8.0  -8.0  6
4081  12.0  -12.0  4
4082  12.0  -12.0  4
4083  12.0  -12.0  4
4084  12.0  -12.0  6
4085  12.0  -12.0  4
4086  8.0  -8.0  7
4087  8.0  -8.0  6
4088  8.0  -8.0  6
4089  12.0  -12.0  4
4090  12.0  -12.0  4
4091  12.0  -12.0  4
4092  8.0  -8.0  6
4093  12.0  -12.0  4
4094  12.0  -12.0  6
4095  8.0  -8.0  6
4096  8.0  -8.0  6
4097  8.0  -8.0  6
4098  12.0  -12.0  4
4099  12.0  -12.0  6
4100  8.0  -8.0  6
4101  12.0  -12.0  6
4102  12.0  -12.0  4
4103  12.0  -12.0  6
4104  12.0  -12.0  6
4105  12.0  -12.0  4
4106  8.0  -8.0  7
4107  8.0  -8.0  6
4108  8.0  -8.0  6
4109  12.0  -12.0  4
4110  8.0  -8.0  6
4111  8.0  -8.0  6
4112  8.0  -8.0  6
4113  8.0  -8.0  6
4114  8.0  -8.0  6
4115  8.0  -8.0  6
4116  12.0  -12.0  6
4117  8.0  -8.0  6
4118  12.0  -12.0  4
4119  12.0  -12.0  4
4120  8.0  -8.0  6
4121  12.0  -12.0  6
4122  8.0  -8.0  6
4123  8.0  -8.0  6
4124  0.0  0.0  100
4125  8.0  -8.0  6
4126  8.0  -8.0  6
4127  12.0  -12.0  4
4128  12.0  -12.0  6
4129  8.0  -8.0  6
4130  12.0  -12.0  6
4131  8.0  -8.0  6
4132  12.0  -12.0  4
4133  8.0  -8.0  6
4134  12.0  -12.0  4
4135  12.0  -12.0  6
4136  12.0  -12.0  6
4137  12.0  -12.0  6
4138  12.0  -12.0  4
4139  12.0  -12.0  6
4140  8.0  -8.0  6
4141  12.0  -12.0  6
4142  8.0  -8.0  6
4143  12.0  -12.0  4
4144  12.0  -12.0  6
4145  12.0  -12.0  4
4146  8.0  -8.0  6
4147  8.0  -8.0  6
4148  12.0  -12.0  4
4149  8.0  -8.0  6
4150  8.0  -8.0  6
4151  8.0  -8.0  6
4152  8.0  -8.0  6
4153  8.0  -8.0  6
4154  8.0  -8.0  8
4155  8.0  -8.0  6
4156  8.0  -8.0  8
4157  8.0  -8.0  6
4158  8.0  -8.0  6
4159  8.0  -8.0  6
4160  8.0  -8.0  6
4161  8.0  -8.0  6
4162  12.0  -12.0  4
4163  12.0  -12.0  4
4164  12.0  -12.0  6
4165  12.0  -12.0  4
4166  8.0  -8.0  6
4167  12.0  -12.0  4
4168  12.0  -12.0  4
4169  8.0  -8.0  6
4170  12.0  -12.0  6
4171  12.0  -12.0  4
4172  8.0  -8.0  6
4173  12.0  -12.0  4
4174  12.0  -12.0  6
4175  12.0  -12.0  4
4176  12.0  -12.0  4
4177  8.0  -8.0  6
4178  12.0  -12.0  6
4179  8.0  -8.0  6
4180  12.0  -12.0  6
4181  8.0  -8.0  6
4182  12.0  -12.0  4
4183  12.0  -12.0  7
4184  12.0  -12.0  4
4185  12.0  -12.0  6
4186  8.0  -8.0  6
4187  8.0  -8.0  6
4188  8.0  -8.0  6
4189  8.0  -8.0  6
4190  12.0  -12.0  6
4191  8.0  -8.0  6
4192  8.0  -8.0  6
4193  8.0  -8.0  8
4194  12.0  -12.0  4
4195  12.0  -12.0  6
4196  12.0  -12.0  6
4197  8.0  -8.0  7
4198  12.0  -12.0  6
4199  8.0  -8.0  6
4200  8.0  -8.0  6
4201  8.0  -8.0  6
4202  8.0  -8.0  6
4203  12.0  -12.0  6
4204  12.0  -12.0  6
4205  8.0  -8.0  6
4206  8.0  -8.0  6
4207  12.0  -12.0  6
4208  8.0  -8.0  6
4209  8.0  -8.0  6
4210  8.0  -8.0  7
4211  8.0  -8.0  6
4212  12.0  -12.0  6
4213  8.0  -8.0  6
4214  8.0  -8.0  6
4215  12.0  -12.0  6
4216  12.0  -12.0  4
4217  12.0  -12.0  6
4218  8.0  -8.0  6
4219  12.0  -12.0  6
4220  8.0  -8.0  6
4221  8.0  -8.0  6
4222  12.0  -12.0  6
4223  8.0  -8.0  6
4224  12.0  -12.0  4
4225  8.0  -8.0  6
4226  12.0  -12.0  4
4227  12.0  -12.0  6
4228  12.0  -12.0  4
4229  12.0  -12.0  6
4230  12.0  -12.0  4
4231  8.0  -8.0  8
4232  8.0  -8.0  6
4233  12.0  -12.0  6
4234  8.0  -8.0  6
4235  8.0  -8.0  6
4236  8.0  -8.0  6
4237  8.0  -8.0  6
4238  8.0  -8.0  6
4239  12.0  -12.0  4
4240  12.0  -12.0  4
4241  8.0  -8.0  6
4242  8.0  -8.0  7
4243  8.0  -8.0  6
4244  8.0  -8.0  6
4245  8.0  -8.0  6
4246  8.0  -8.0  7
4247  8.0  -8.0  7
4248  12.0  -12.0  4
4249  12.0  -12.0  6
4250  12.0  -12.0  4
4251  8.0  -8.0  6
4252  8.0  -8.0  6
4253  8.0  -8.0  6
4254  12.0  -12.0  6
4255  12.0  -12.0  4
4256  12.0  -12.0  4
4257  12.0  -12.0  6
4258  8.0  -8.0  6
4259  8.0  -8.0  6
4260  8.0  -8.0  6
4261  12.0  -12.0  6
4262  8.0  -8.0  6
4263  8.0  -8.0  6
4264  8.0  -8.0  7
4265  8.0  -8.0  6
4266  8.0  -8.0  6
4267  8.0  -8.0  6
4268  12.0  -12.0  6
4269  8.0  -8.0  6
4270  12.0  -12.0  6
4271  12.0  -12.0  4
4272  12.0  -12.0  6
4273  12.0  -12.0  6
4274  8.0  -8.0  9
4275  8.0  -8.0  6
4276  8.0  -8.0  6
4277  8.0  -8.0  6
4278  8.0  -8.0  6
4279  0.0  0.0  100
4280  12.0  -12.0  6
4281  8.0  -8.0  6
4282  12.0  -12.0  6
4283  8.0  -8.0  6
4284  12.0  -12.0  6
4285  12.0  -12.0  4
4286  8.0  -8.0  7
4287  12.0  -12.0  4
4288  8.0  -8.0  6
4289  8.0  -8.0  6
4290  12.0  -12.0  4
4291  12.0  -12.0  4
4292  8.0  -8.0  6
4293  12.0  -12.0  4
4294  8.0  -8.0  6
4295  12.0  -12.0  6
4296  8.0  -8.0  6
4297  8.0  -8.0  6
4298  12.0  -12.0  4
4299  8.0  -8.0  6
4300  8.0  -8.0  6
4301  12.0  -12.0  4
4302  12.0  -12.0  4
4303  8.0  -8.0  6
4304  12.0  -12.0  4
4305  8.0  -8.0  6
4306  12.0  -12.0  6
4307  12.0  -12.0  6
4308  8.0  -8.0  6
4309  8.0  -8.0  6
4310  8.0  -8.0  6
4311  8.0  -8.0  6
4312  12.0  -12.0  6
4313  12.0  -12.0  4
4314  8.0  -8.0  7
4315  8.0  -8.0  6
4316  8.0  -8.0  6
4317  8.0  -8.0  6
4318  8.0  -8.0  8
4319  8.0  -8.0  6
4320  12.0  -12.0  6
4321  12.0  -12.0  4
4322  8.0  -8.0  6
4323  12.0  -12.0  6
4324  8.0  -8.0  6
4325  8.0  -8.0  6
4326  12.0  -12.0  7
4327  8.0  -8.0  6
4328  12.0  -12.0  6
4329  12.0  -12.0  6
4330  12.0  -12.0  6
4331  8.0  -8.0  6
4332  8.0  -8.0  6
4333  12.0  -12.0  4
4334  12.0  -12.0  6
4335  8.0  -8.0  6
4336  8.0  -8.0  6
4337  8.0  -8.0  7
4338  8.0  -8.0  6
4339  12.0  -12.0  6
4340  8.0  -8.0  6
4341  12.0  -12.0  4
4342  8.0  -8.0  6
4343  8.0  -8.0  6
4344  12.0  -12.0  6
4345  8.0  -8.0  6
4346  8.0  -8.0  6
4347  8.0  -8.0  6
4348  12.0  -12.0  4
4349  8.0  -8.0  100
4350  8.0  -8.0  6
4351  8.0  -8.0  6
4352  8.0  -8.0  7
4353  12.0  -12.0  4
4354  12.0  -12.0  4
4355  8.0  -8.0  6
4356  8.0  -8.0  6
4357  8.0  -8.0  7
4358  12.0  -12.0  6
4359  12.0  -12.0  4
4360  8.0  -8.0  7
4361  12.0  -12.0  4
4362  12.0  -12.0  6
4363  12.0  -12.0  7
4364  12.0  -12.0  6
4365  12.0  -12.0  6
4366  12.0  -12.0  4
4367  12.0  -12.0  6
4368  12.0  -12.0  4
4369  8.0  -8.0  6
4370  8.0  -8.0  6
4371  8.0  -8.0  6
4372  12.0  -12.0  7
4373  12.0  -12.0  4
4374  8.0  -8.0  6
4375  12.0  -12.0  6
4376  8.0  -8.0  6
4377  12.0  -12.0  6
4378  8.0  -8.0  6
4379  8.0  -8.0  6
4380  12.0  -12.0  6
4381  8.0  -8.0  6
4382  8.0  -8.0  6
4383  12.0  -12.0  6
4384  8.0  -8.0  6
4385  8.0  -8.0  6
4386  12.0  -12.0  7
4387  8.0  -8.0  6
4388  12.0  -12.0  4
4389  8.0  -8.0  6
4390  8.0  -8.0  6
4391  8.0  -8.0  6
4392  8.0  -8.0  6
4393  8.0  -8.0  7
4394  12.0  -12.0  4
4395  0.0  0.0  100
4396  8.0  -8.0  6
4397  8.0  -8.0  6
4398  0.0  0.0  100
4399  8.0  -8.0  6
4400  12.0  -12.0  6
4401  8.0  -8.0  6
4402  12.0  -12.0  6
4403  8.0  -8.0  6
4404  12.0  -12.0  6
4405  8.0  -8.0  6
4406  12.0  -12.0  6
4407  8.0  -8.0  7
4408  12.0  -12.0  4
4409  12.0  -12.0  4
4410  12.0  -12.0  6
4411  8.0  -8.0  6
4412  12.0  -12.0  6
4413  0.0  0.0  100
4414  8.0  -8.0  6
4415  14.0  -14.0  5
4416  14.0  -14.0  5
4417  8.0  -8.0  6
4418  12.0  -12.0  4
4419  12.0  -12.0  4
4420  12.0  -12.0  6
4421  12.0  -12.0  4
4422  12.0  -12.0  4
4423  8.0  -8.0  6
4424  12.0  -12.0  4
4425  12.0  -12.0  4
4426  12.0  -12.0  4
4427  12.0  -12.0  4
4428  8.0  -8.0  6
4429  12.0  -12.0  4
4430  12.0  -12.0  4
4431  8.0  -8.0  6
4432  8.0  -8.0  6
4433  8.0  -8.0  6
4434  12.0  -12.0  6
4435  12.0  -12.0  4
4436  12.0  -12.0  4
4437  12.0  -12.0  4
4438  8.0  -8.0  6
4439  12.0  -12.0  6
4440  12.0  -12.0  6
4441  8.0  -8.0  6
4442  12.0  -12.0  4
4443  12.0  -12.0  4
4444  12.0  -12.0  6
4445  8.0  -8.0  6
4446  12.0  -12.0  4
4447  8.0  -8.0  6
4448  12.0  -12.0  4
4449  12.0  -12.0  6
4450  12.0  -12.0  4
4451  8.0  -8.0  6
4452  12.0  -12.0  6
4453  8.0  -8.0  6
4454  12.0  -12.0  7
4455  12.0  -12.0  6
4456  12.0  -12.0  6
4457  8.0  -8.0  6
4458  8.0  -8.0  6
4459  12.0  -12.0  4
4460  12.0  -12.0  6
4461  8.0  -8.0  6
4462  12.0  -12.0  6
4463  8.0  -8.0  6
4464  8.0  -8.0  6
4465  12.0  -12.0  6
4466  8.0  -8.0  6
4467  8.0  -8.0  6
4468  12.0  -12.0  4
4469  8.0  -8.0  7
4470  12.0  -12.0  6
4471  8.0  -8.0  6
4472  8.0  -8.0  6
4473  12.0  -12.0  4
4474  8.0  -8.0  6
4475  8.0  -8.0  6
4476  8.0  -8.0  6
4477  8.0  -8.0  6
4478  8.0  -8.0  6
4479  8.0  -8.0  6
4480  8.0  -8.0  6
4481  8.0  -8.0  6
4482  8.0  -8.0  6
4483  12.0  -12.0  6
4484  12.0  -12.0  6
4485  12.0  -12.0  4
4486  8.0  -8.0  6
4487  8.0  -8.0  6
4488  12.0  -12.0  6
4489  8.0  -8.0  6
4490  12.0  -12.0  6
4491  8.0  -8.0  6
4492  12.0  -12.0  4
4493  12.0  -12.0  4
4494  12.0  -12.0  4
4495  8.0  -8.0  6
4496  12.0  -12.0  4
4497  8.0  -8.0  6
4498  8.0  -8.0  6
4499  8.0  -8.0  6
4500  8.0  -8.0  6
4501  8.0  -8.0  6
4502  8.0  -8.0  6
4503  12.0  -12.0  6
4504  12.0  -12.0  6
4505  12.0  -12.0  4
4506  12.0  -12.0  6
4507  8.0  -8.0  7
4508  12.0  -12.0  4
4509  12.0  -12.0  4
4510  12.0  -12.0  7
4511  8.0  -8.0  6
4512  8.0  -8.0  6
4513  12.0  -12.0  6
4514  8.0  -8.0  6
4515  12.0  -12.0  6
4516  8.0  -8.0  6
4517  12.0  -12.0  4
4518  8.0  -8.0  6
4519  8.0  -8.0  6
4520  8.0  -8.0  6
4521  8.0  -8.0  6
4522  12.0  -12.0  6
4523  8.0  -8.0  6
4524  8.0  -8.0  6
4525  8.0  -8.0  6
4526  8.0  -8.0  6
4527  8.0  -8.0  6
4528  12.0  -12.0  4
4529  8.0  -8.0  6
4530  12.0  -12.0  6
4531  12.0  -12.0  7
4532  8.0  -8.0  6
4533  8.0  -8.0  6
4534  12.0  -12.0  6
4535  12.0  -12.0  4
4536  12.0  -12.0  4
4537  12.0  -12.0  6
4538  12.0  -12.0  6
4539  8.0  -8.0  6
4540  12.0  -12.0  4
4541  8.0  -8.0  7
4542  8.0  -8.0  6
4543  8.0  -8.0  7
4544  12.0  -12.0  4
4545  12.0  -12.0  7
4546  8.0  -8.0  6
4547  8.0  -8.0  6
4548  14.0  -14.0  5
4549  8.0  -8.0  6
4550  12.0  -12.0  4
4551  8.0  -8.0  6
4552  8.0  -8.0  6
4553  8.0  -8.0  6
4554  8.0  -8.0  6
4555  8.0  -8.0  6
4556  12.0  -12.0  6
4557  8.0  -8.0  6
4558  8.0  -8.0  6
4559  8.0  -8.0  6
4560  12.0  -12.0  6
4561  12.0  -12.0  4
4562  8.0  -8.0  6
4563  8.0  -8.0  6
4564  12.0  -12.0  6
4565  12.0  -12.0  6
4566  8.0  -8.0  6
4567  12.0  -12.0  6
4568  12.0  -12.0  6
4569  8.0  -8.0  6
4570  12.0  -12.0  6
4571  12.0  -12.0  6
4572  12.0  -12.0  4
4573  12.0  -12.0  6
4574  0.0  0.0  100
4575  8.0  -8.0  6
4576  8.0  -8.0  6
4577  12.0  -12.0  4
4578  8.0  -8.0  6
4579  12.0  -12.0  4
4580  12.0  -12.0  6
4581  8.0  -8.0  6
4582  8.0  -8.0  6
4583  12.0  -12.0  4
4584  8.0  -8.0  6
4585  12.0  -12.0  6
4586  12.0  -12.0  4
4587  8.0  -8.0  6
4588  8.0  -8.0  6
4589  12.0  -12.0  6
4590  8.0  -8.0  6
4591  12.0  -12.0  4
4592  8.0  -8.0  8
4593  12.0  -12.0  6
4594  12.0  -12.0  6
4595  8.0  -8.0  6
4596  0.0  0.0  100
4597  12.0  -12.0  6
4598  8.0  -8.0  6
4599  12.0  -12.0  6
4600  0.0  0.0  100
4601  8.0  -8.0  6
4602  8.0  -8.0  6
4603  12.0  -12.0  6
4604  8.0  -8.0  6
4605  12.0  -12.0  4
4606  8.0  -8.0  6
4607  0.0  0.0  100
4608  12.0  -12.0  4
4609  12.0  -12.0  4
4610  12.0  -12.0  4
4611  12.0  -12.0  6
4612  8.0  -8.0  6
4613  8.0  -8.0  6
4614  12.0  -12.0  4
4615  8.0  -8.0  7
4616  8.0  -8.0  6
4617  8.0  -8.0  6
4618  12.0  -12.0  6
4619  8.0  -8.0  6
4620  12.0  -12.0  6
4621  12.0  -12.0  6
4622  8.0  -8.0  6
4623  8.0  -8.0  6
4624  12.0  -12.0  6
4625  12.0  -12.0  4
4626  12.0  -12.0  6
4627  12.0  -12.0  6
4628  12.0  -12.0  6
4629  8.0  -8.0  7
4630  12.0  -12.0  6
4631  12.0  -12.0  6
4632  8.0  -8.0  6
4633  12.0  -12.0  4
4634  8.0  -8.0  7
4635  8.0  -8.0  6
4636  8.0  -8.0  6
4637  8.0  -8.0  7
4638  12.0  -12.0  6
4639  12.0  -12.0  6
4640  12.0  -12.0  6
4641  8.0  -8.0  6
4642  8.0  -8.0  6
4643  8.0  -8.0  6
4644  12.0  -12.0  4
4645  8.0  -8.0  6
4646  12.0  -12.0  4
4647  8.0  -8.0  6
4648  8.0  -8.0  6
4649  8.0  -8.0  6
4650  12.0  -12.0  4
4651  12.0  -12.0  4
4652  12.0  -12.0  4
4653  8.0  -8.0  6
4654  12.0  -12.0  6
4655  12.0  -12.0  6
4656  12.0  -12.0  6
4657  12.0  -12.0  6
4658  12.0  -12.0  4
4659  12.0  -12.0  6
4660  12.0  -12.0  6
4661  8.0  -8.0  6
4662  12.0  -12.0  4
4663  12.0  -12.0  4
4664  8.0  -8.0  6
4665  8.0  -8.0  6
4666  12.0  -12.0  6
4667  8.0  -8.0  6
4668  8.0  -8.0  6
4669  8.0  -8.0  6
4670  8.0  -8.0  6
4671  8.0  -8.0  6
4672  8.0  -8.0  6
4673  8.0  -8.0  6
4674  8.0  -8.0  6
4675  12.0  -12.0  6
4676  12.0  -12.0  4
4677  8.0  -8.0  6
4678  12.0  -12.0  6
4679  8.0  -8.0  6
4680  12.0  -12.0  6
4681  12.0  -12.0  4
4682  12.0  -12.0  6
4683  8.0  -8.0  6
4684  12.0  -12.0  4
4685  8.0  -8.0  6
4686  8.0  -8.0  6
4687  8.0  -8.0  6
4688  8.0  -8.0  6
4689  8.0  -8.0  6
4690  8.0  -8.0  6
4691  12.0  -12.0  4
4692  8.0  -8.0  6
4693  8.0  -8.0  6
4694  12.0  -12.0  4
4695  8.0  -8.0  6
4696  8.0  -8.0  6
4697  12.0  -12.0  4
4698  12.0  -12.0  6
4699  8.0  -8.0  6
4700  12.0  -12.0  6
4701  8.0  -8.0  6
4702  12.0  -12.0  6
4703  12.0  -12.0  4
4704  12.0  -12.0  6
4705  8.0  -8.0  7
4706  12.0  -12.0  4
4707  8.0  -8.0  6
4708  8.0  -8.0  6
4709  8.0  -8.0  6
4710  8.0  -8.0  6
4711  12.0  -12.0  6
4712  8.0  -8.0  6
4713  8.0  -8.0  6
4714  8.0  -8.0  6
4715  8.0  -8.0  6
4716  8.0  -8.0  6
4717  12.0  -12.0  6
4718  8.0  -8.0  8
4719  12.0  -12.0  6
4720  8.0  -8.0  6
4721  12.0  -12.0  6
4722  12.0  -12.0  6
4723  12.0  -12.0  6
4724  12.0  -12.0  6
4725  12.0  -12.0  4
4726  12.0  -12.0  4
4727  8.0  -8.0  6
4728  8.0  -8.0  6
4729  12.0  -12.0  4
4730  12.0  -12.0  6
4731  12.0  -12.0  7
4732  12.0  -12.0  6
4733  12.0  -12.0  6
4734  12.0  -12.0  6
4735  12.0  -12.0  4
4736  12.0  -12.0  6
4737  12.0  -12.0  6
4738  12.0  -12.0  4
4739  8.0  -8.0  6
4740  12.0  -12.0  4
4741  8.0  -8.0  6
4742  12.0  -12.0  4
4743  12.0  -12.0  6
4744  12.0  -12.0  6
4745  12.0  -12.0  6
4746  12.0  -12.0  4
4747  8.0  -8.0  6
4748  8.0  -8.0  6
4749  8.0  -8.0  6
4750  8.0  -8.0  6
4751  12.0  -12.0  6
4752  12.0  -12.0  6
4753  12.0  -12.0  4
4754  12.0  -12.0  6
4755  8.0  -8.0  6
4756  8.0  -8.0  6
4757  12.0  -12.0  6
4758  12.0  -12.0  6
4759  12.0  -12.0  4
4760  8.0  -8.0  6
4761  12.0  -12.0  4
4762  8.0  -8.0  6
4763  8.0  -8.0  6
4764  14.0  -14.0  5
4765  8.0  -8.0  6
4766  8.0  -8.0  7
4767  12.0  -12.0  6
4768  12.0  -12.0  4
4769  8.0  -8.0  6
4770  8.0  -8.0  6
4771  8.0  -8.0  6
4772  8.0  -8.0  6
4773  12.0  -12.0  6
4774  12.0  -12.0  6
4775  8.0  -8.0  6
4776  12.0  -12.0  6
4777  12.0  -12.0  6
4778  8.0  -8.0  6
4779  8.0  -8.0  6
4780  12.0  -12.0  6
4781  8.0  -8.0  6
4782  8.0  -8.0  6
4783  8.0  -8.0  6
4784  8.0  -8.0  6
4785  8.0  -8.0  6
4786  8.0  -8.0  6
4787  8.0  -8.0  6
4788  8.0  -8.0  6
4789  8.0  -8.0  6
4790  12.0  -12.0  4
4791  8.0  -8.0  6
4792  8.0  -8.0  8
4793  8.0  -8.0  6
4794  12.0  -12.0  4
4795  8.0  -8.0  6
4796  12.0  -12.0  6
4797  12.0  -12.0  4
4798  12.0  -12.0  6
4799  8.0  -8.0  6
4800  8.0  -8.0  6
4801  12.0  -12.0  6
4802  12.0  -12.0  6
4803  8.0  -8.0  6
4804  12.0  -12.0  4
4805  12.0  -12.0  6
4806  8.0  -8.0  6
4807  12.0  -12.0  6
4808  8.0  -8.0  6
4809  12.0  -12.0  4
4810  0.0  0.0  100
4811  8.0  -8.0  6
4812  12.0  -12.0  4
4813  12.0  -12.0  6
4814  0.0  0.0  100
4815  8.0  -8.0  6
4816  8.0  -8.0  6
4817  8.0  -8.0  8
4818  8.0  -8.0  6
4819  8.0  -8.0  6
4820  12.0  -12.0  6
4821  12.0  -12.0  4
4822  12.0  -12.0  6
4823  8.0  -8.0  6
4824  12.0  -12.0  6
4825  12.0  -12.0  6
4826  8.0  -8.0  6
4827  12.0  -12.0  6
4828  8.0  -8.0  6
4829  8.0  -8.0  6
4830  8.0  -8.0  6
4831  8.0  -8.0  6
4832  8.0  -8.0  6
4833  8.0  -8.0  6
4834  8.0  -8.0  6
4835  8.0  -8.0  39
4836  8.0  -8.0  6
4837  8.0  -8.0  6
4838  8.0  -8.0  6
4839  12.0  -12.0  6
4840  8.0  -8.0  6
4841  8.0  -8.0  6
4842  12.0  -12.0  4
4843  8.0  -8.0  6
4844  12.0  -12.0  4
4845  12.0  -12.0  4
4846  12.0  -12.0  4
4847  12.0  -12.0  7
4848  8.0  -8.0  6
4849  8.0  -8.0  6
4850  8.0  -8.0  6
4851  12.0  -12.0  6
4852  12.0  -12.0  4
4853  8.0  -8.0  6
4854  12.0  -12.0  4
4855  8.0  -8.0  6
4856  12.0  -12.0  6
4857  12.0  -12.0  6
4858  8.0  -8.0  6
4859  12.0  -12.0  6
4860  8.0  -8.0  6
4861  8.0  -8.0  6
4862  8.0  -8.0  6
4863  8.0  -8.0  6
4864  8.0  -8.0  7
4865  8.0  -8.0  6
4866  8.0  -8.0  6
4867  8.0  -8.0  6
4868  12.0  -12.0  4
4869  8.0  -8.0  6
4870  12.0  -12.0  6
4871  12.0  -12.0  6
4872  12.0  -12.0  6
4873  8.0  -8.0  6
4874  12.0  -12.0  4
4875  8.0  -8.0  6
4876  12.0  -12.0  6
4877  8.0  -8.0  6
4878  12.0  -12.0  6
4879  12.0  -12.0  6
4880  12.0  -12.0  4
4881  8.0  -8.0  6
4882  12.0  -12.0  4
4883  12.0  -12.0  6
4884  8.0  -8.0  7
4885  8.0  -8.0  6
4886  8.0  -8.0  6
4887  12.0  -12.0  6
4888  12.0  -12.0  6
4889  12.0  -12.0  6
4890  8.0  -8.0  6
4891  12.0  -12.0  6
4892  12.0  -12.0  4
4893  12.0  -12.0  4
4894  12.0  -12.0  4
4895  8.0  -8.0  6
4896  8.0  -8.0  6
4897  8.0  -8.0  6
4898  12.0  -12.0  6
4899  8.0  -8.0  6
4900  0.0  0.0  100
4901  8.0  -8.0  6
4902  8.0  -8.0  6
4903  12.0  -12.0  4
4904  8.0  -8.0  6
4905  8.0  -8.0  6
4906  8.0  -8.0  6
4907  12.0  -12.0  6
4908  12.0  -12.0  4
4909  12.0  -12.0  6
4910  12.0  -12.0  4
4911  8.0  -8.0  6
4912  12.0  -12.0  4
4913  12.0  -12.0  4
4914  8.0  -8.0  7
4915  8.0  -8.0  6
4916  8.0  -8.0  6
4917  8.0  -8.0  6
4918  12.0  -12.0  6
4919  12.0  -12.0  4
4920  8.0  -8.0  7
4921  0.0  0.0  100
4922  8.0  -8.0  6
4923  12.0  -12.0  6
4924  8.0  -8.0  6
4925  12.0  -12.0  4
4926  12.0  -12.0  6
4927  8.0  -8.0  6
4928  12.0  -12.0  4
4929  8.0  -8.0  6
4930  8.0  -8.0  6
4931  12.0  -12.0  4
4932  12.0  -12.0  6
4933  8.0  -8.0  6
4934  12.0  -12.0  4
4935  8.0  -8.0  6
4936  12.0  -12.0  4
4937  12.0  -12.0  4
4938  8.0  -8.0  6
4939  12.0  -12.0  6
4940  8.0  -8.0  6
4941  8.0  -8.0  7
4942  12.0  -12.0  4
4943  8.0  -8.0  6
4944  12.0  -12.0  4
4945  12.0  -12.0  6
4946  12.0  -12.0  4
4947  12.0  -12.0  4
4948  8.0  -8.0  6
4949  8.0  -8.0  6
4950  8.0  -8.0  8
4951  8.0  -8.0  6
4952  8.0  -8.0  6
4953  8.0  -8.0  7
4954  8.0  -8.0  6
4955  8.0  -8.0  6
4956  8.0  -8.0  10
4957  12.0  -12.0  6
4958  12.0  -12.0  6
4959  8.0  -8.0  6
4960  12.0  -12.0  4
4961  8.0  -8.0  6
4962  8.0  -8.0  6
4963  12.0  -12.0  4
4964  12.0  -12.0  6
4965  8.0  -8.0  6
4966  12.0  -12.0  4
4967  8.0  -8.0  6
4968  8.0  -8.0  6
4969  8.0  -8.0  6
4970  8.0  -8.0  6
4971  8.0  -8.0  6
4972  12.0  -12.0  4
4973  8.0  -8.0  6
4974  12.0  -12.0  4
4975  8.0  -8.0  6
4976  8.0  -8.0  6
4977  8.0  -8.0  8
4978  12.0  -12.0  4
4979  12.0  -12.0  6
4980  8.0  -8.0  6
4981  12.0  -12.0  7
4982  12.0  -12.0  4
4983  12.0  -12.0  4
4984  8.0  -8.0  6
4985  12.0  -12.0  4
4986  8.0  -8.0  6
4987  8.0  -8.0  6
4988  12.0  -12.0  6
4989  12.0  -12.0  6
4990  12.0  -12.0  4
4991  12.0  -12.0  4
4992  8.0  -8.0  6
4993  8.0  -8.0  6
4994  8.0  -8.0  8
4995  12.0  -12.0  6
4996  8.0  -8.0  6
4997  12.0  -12.0  4
4998  8.0  -8.0  6
4999  8.0  -8.0  6
