0  12.0  -12.0  6
1  12.0  -12.0  4
2  12.0  -12.0  4
3  12.0  -12.0  4
4  8.0  -8.0  6
5  0.0  0.0  100
6  12.0  -12.0  4
7  12.0  -12.0  6
8  12.0  -12.0  6
9  8.0  -8.0  6
10  12.0  -12.0  4
11  0.0  0.0  100
12  8.0  -8.0  6
13  12.0  -12.0  6
14  12.0  -12.0  4
15  14.0  -14.0  5
16  8.0  -8.0  6
17  12.0  -12.0  6
18  8.0  -8.0  6
19  8.0  -8.0  6
20  12.0  -12.0  6
21  8.0  -8.0  6
22  8.0  -8.0  6
23  12.0  -12.0  4
24  12.0  -12.0  4
25  12.0  -12.0  4
26  12.0  -12.0  6
27  8.0  -8.0  6
28  12.0  -12.0  6
29  8.0  -8.0  6
30  8.0  -8.0  6
31  8.0  -8.0  6
32  12.0  -12.0  6
33  12.0  -12.0  4
34  8.0  -8.0  6
35  12.0  -12.0  4
36  8.0  -8.0  6
37  8.0  -8.0  6
38  12.0  -12.0  4
39  8.0  -8.0  6
40  12.0  -12.0  4
41  12.0  -12.0  4
42  8.0  -8.0  6
43  8.0  -8.0  6
44  12.0  -12.0  6
45  12.0  -12.0  6
46  8.0  -8.0  6
47  8.0  -8.0  6
48  14.0  -14.0  5
49  12.0  -12.0  4
50  8.0  -8.0  6
51  12.0  -12.0  4
52  12.0  -12.0  6
53  12.0  -12.0  6
54  8.0  -8.0  6
55  8.0  -8.0  6
56  8.0  -8.0  6
57  8.0  -8.0  8
58  14.0  -14.0  5
59  8.0  -8.0  6
60  12.0  -12.0  6
61  12.0  -12.0  4
62  12.0  -12.0  6
63  8.0  -8.0  6
64  12.0  -12.0  6
65  12.0  -12.0  7
66  8.0  -8.0  6
67  12.0  -12.0  4
68  8.0  -8.0  6
69  8.0  -8.0  6
70  12.0  -12.0  6
71  14.0  -14.0  7
72  8.0  -8.0  6
73  12.0  -12.0  4
74  8.0  -8.0  6
75  8.0  -8.0  6
76  12.0  -12.0  4
77  12.0  -12.0  6
78  8.0  -8.0  6
79  12.0  -12.0  6
80  8.0  -8.0  6
81  8.0  -8.0  6
82  8.0  -8.0  7
83  12.0  -12.0  6
84  8.0  -8.0  6
85  12.0  -12.0  6
86  12.0  -12.0  6
87  14.0  -14.0  7
88  12.0  -12.0  4
89  8.0  -8.0  6
90  14.0  -14.0  5
91  8.0  -8.0  6
92  8.0  -8.0  6
93  8.0  -8.0  6
94  8.0  -8.0  6
95  8.0  -8.0  6
96  12.0  -12.0  6
97  8.0  -8.0  6
98  12.0  -12.0  4
99  8.0  -8.0  6
100  8.0  -8.0  6
101  0.0  0.0  100
102  8.0  -8.0  7
103  12.0  -12.0  6
104  12.0  -12.0  6
105  12.0  -12.0  6
106  14.0  -14.0  5
107  8.0  -8.0  6
108  14.0  -14.0  7
109  12.0  -12.0  4
110  12.0  -12.0  6
111  12.0  -12.0  4
112  8.0  -8.0  6
113  12.0  -12.0  6
114  8.0  -8.0  6
115  8.0  -8.0  6
116  8.0  -8.0  6
117  8.0  -8.0  6
118  14.0  -14.0  5
119  12.0  -12.0  6
120  8.0  -8.0  6
121  12.0  -12.0  6
122  8.0  -8.0  6
123  12.0  -12.0  6
124  8.0  -8.0  6
125  8.0  -8.0  6
126  12.0  -12.0  4
127  12.0  -12.0  6
128  12.0  -12.0  6
129  8.0  -8.0  6
130  8.0  -8.0  6
131  8.0  -8.0  6
132  8.0  -8.0  6
133  12.0  -12.0  4
134  8.0  -8.0  6
135  12.0  -12.0  6
136  12.0  -12.0  4
137  8.0  -8.0  6
138  8.0  -8.0  6
139  12.0  -12.0  4
140  8.0  -8.0  6
141  12.0  -12.0  4
142  8.0  -8.0  7
143  12.0  -12.0  4
144  8.0  -8.0  6
145  12.0  -12.0  6
146  12.0  -12.0  6
147  12.0  -12.0  4
148  8.0  -8.0  6
149  12.0  -12.0  6
150  12.0  -12.0  6
151  8.0  -8.0  6
152  8.0  -8.0  6
153  8.0  -8.0  6
154  12.0  -12.0  4
155  12.0  -12.0  6
156  8.0  -8.0  7
157  8.0  -8.0  6
158  12.0  -12.0  6
159  12.0  -12.0  4
160  8.0  -8.0  6
161  12.0  -12.0  4
162  12.0  -12.0  4
163  12.0  -12.0  6
164  8.0  -8.0  6
165  12.0  -12.0  4
166  8.0  -8.0  6
167  12.0  -12.0  6
168  8.0  -8.0  6
169  12.0  -12.0  4
170  8.0  -8.0  6
171  12.0  -12.0  6
172  8.0  -8.0  6
173  12.0  -12.0  6
174  8.0  -8.0  6
175  8.0  -8.0  6
176  8.0  -8.0  6
177  8.0  -8.0  6
178  8.0  -8.0  6
179  14.0  -14.0  5
180  8.0  -8.0  7
181  12.0  -12.0  4
182  12.0  -12.0  6
183  12.0  -12.0  4
184  8.0  -8.0  6
185  12.0  -12.0  6
186  12.0  -12.0  4
187  12.0  -12.0  4
188  12.0  -12.0  6
189  12.0  -12.0  7
190  12.0  -12.0  4
191  8.0  -8.0  6
192  8.0  -8.0  6
193  8.0  -8.0  6
194  8.0  -8.0  6
195  8.0  -8.0  6
196  8.0  -8.0  6
197  0.0  0.0  100
198  12.0  -12.0  6
199  8.0  -8.0  6
200  12.0  -12.0  6
201  8.0  -8.0  6
202  12.0  -12.0  7
203  12.0  -12.0  4
204  8.0  -8.0  7
205  12.0  -12.0  6
206  12.0  -12.0  6
207  12.0  -12.0  4
208  0.0  0.0  100
209  12.0  -12.0  4
210  8.0  -8.0  6
211  8.0  -8.0  6
212  12.0  -12.0  4
213  8.0  -8.0  6
214  8.0  -8.0  6
215  12.0  -12.0  4
216  12.0  -12.0  4
217  8.0  -8.0  6
218  12.0  -12.0  4
219  8.0  -8.0  6
220  12.0  -12.0  4
221  8.0  -8.0  6
222  12.0  -12.0  4
223  12.0  -12.0  4
224  12.0  -12.0  6
225  12.0  -12.0  4
226  12.0  -12.0  4
227  8.0  -8.0  6
228  8.0  -8.0  6
229  8.0  -8.0  6
230  12.0  -12.0  6
231  12.0  -12.0  6
232  12.0  -12.0  4
233  12.0  -12.0  4
234  8.0  -8.0  6
235  8.0  -8.0  6
236  8.0  -8.0  7
237  8.0  -8.0  6
238  12.0  -12.0  6
239  8.0  -8.0  6
240  8.0  -8.0  6
241  12.0  -12.0  6
242  8.0  -8.0  6
243  12.0  -12.0  4
244  8.0  -8.0  6
245  8.0  -8.0  6
246  8.0  -8.0  6
247  8.0  -8.0  6
248  12.0  -12.0  4
249  8.0  -8.0  7
250  8.0  -8.0  6
251  8.0  -8.0  6
252  8.0  -8.0  6
253  8.0  -8.0  6
254  8.0  -8.0  6
255  12.0  -12.0  4
256  8.0  -8.0  6
257  8.0  -8.0  6
258  8.0  -8.0  6
259  8.0  -8.0  6
260  12.0  -12.0  6
261  8.0  -8.0  6
262  12.0  -12.0  4
263  8.0  -8.0  6
264  12.0  -12.0  6
265  8.0  -8.0  6
266  8.0  -8.0  6
267  12.0  -12.0  4
268  8.0  -8.0  6
269  8.0  -8.0  6
270  12.0  -12.0  6
271  8.0  -8.0  6
272  8.0  -8.0  6
273  8.0  -8.0  6
274  12.0  -12.0  4
275  8.0  -8.0  6
276  8.0  -8.0  6
277  8.0  -8.0  6
278  8.0  -8.0  6
279  12.0  -12.0  6
280  8.0  -8.0  6
281  12.0  -12.0  6
282  8.0  -8.0  6
283  12.0  -12.0  7
284  12.0  -12.0  4
285  12.0  -12.0  6
286  8.0  -8.0  6
287  8.0  -8.0  6
288  8.0  -8.0  6
289  12.0  -12.0  6
290  12.0  -12.0  4
291  12.0  -12.0  6
292  12.0  -12.0  6
293  12.0  -12.0  4
294  8.0  -8.0  6
295  8.0  -8.0  6
296  12.0  -12.0  6
297  8.0  -8.0  6
298  8.0  -8.0  6
299  8.0  -8.0  6
300  8.0  -8.0  6
301  8.0  -8.0  6
302  14.0  -14.0  5
303  12.0  -12.0  6
304  8.0  -8.0  6
305  14.0  -14.0  7
306  12.0  -12.0  4
307  12.0  -12.0  4
308  12.0  -12.0  4
309  12.0  -12.0  4
310  12.0  -12.0  4
311  12.0  -12.0  4
312  12.0  -12.0  6
313  8.0  -8.0  6
314  8.0  -8.0  6
315  8.0  -8.0  6
316  8.0  -8.0  6
317  12.0  -12.0  4
318  12.0  -12.0  6
319  12.0  -12.0  7
320  12.0  -12.0  4
321  0.0  0.0  100
322  8.0  -8.0  6
323  12.0  -12.0  4
324  8.0  -8.0  6
325  8.0  -8.0  6
326  8.0  -8.0  6
327  8.0  -8.0  6
328  12.0  -12.0  4
329  12.0  -12.0  4
330  14.0  -14.0  7
331  12.0  -12.0  4
332  12.0  -12.0  6
333  12.0  -12.0  4
334  12.0  -12.0  4
335  8.0  -8.0  6
336  8.0  -8.0  6
337  12.0  -12.0  6
338  8.0  -8.0  6
339  12.0  -12.0  6
340  8.0  -8.0  6
341  8.0  -8.0  6
342  8.0  -8.0  6
343  8.0  -8.0  6
344  8.0  -8.0  6
345  12.0  -12.0  6
346  12.0  -12.0  4
347  12.0  -12.0  6
348  8.0  -8.0  6
349  12.0  -12.0  6
350  8.0  -8.0  6
351  8.0  -8.0  6
352  12.0  -12.0  6
353  8.0  -8.0  6
354  12.0  -12.0  6
355  12.0  -12.0  4
356  12.0  -12.0  6
357  12.0  -12.0  6
358  14.0  -14.0  7
359  8.0  -8.0  6
360  12.0  -12.0  4
361  8.0  -8.0  6
362  8.0  -8.0  6
363  12.0  -12.0  4
364  12.0  -12.0  4
365  12.0  -12.0  6
366  12.0  -12.0  6
367  8.0  -8.0  6
368  8.0  -8.0  6
369  8.0  -8.0  6
370  12.0  -12.0  4
371  8.0  -8.0  6
372  8.0  -8.0  6
373  12.0  -12.0  4
374  8.0  -8.0  6
375  12.0  -12.0  6
376  12.0  -12.0  6
377  8.0  -8.0  7
378  8.0  -8.0  6
379  12.0  -12.0  4
380  8.0  -8.0  6
381  8.0  -8.0  6
382  12.0  -12.0  6
383  8.0  -8.0  6
384  8.0  -8.0  6
385  12.0  -12.0  4
386  8.0  -8.0  6
387  8.0  -8.0  6
388  8.0  -8.0  6
389  8.0  -8.0  6
390  8.0  -8.0  6
391  12.0  -12.0  6
392  12.0  -12.0  6
393  12.0  -12.0  4
394  8.0  -8.0  6
395  8.0  -8.0  6
396  8.0  -8.0  6
397  8.0  -8.0  6
398  8.0  -8.0  6
399  12.0  -12.0  6
400  12.0  -12.0  6
401  12.0  -12.0  4
402  8.0  -8.0  6
403  12.0  -12.0  6
404  8.0  -8.0  6
405  12.0  -12.0  4
406  12.0  -12.0  6
407  12.0  -12.0  6
408  12.0  -12.0  6
409  12.0  -12.0  6
410  8.0  -8.0  6
411  12.0  -12.0  6
412  8.0  -8.0  6
413  12.0  -12.0  4
414  12.0  -12.0  4
415  8.0  -8.0  6
416  8.0  -8.0  6
417  8.0  -8.0  6
418  12.0  -12.0  4
419  20.0  -20.0  20
420  8.0  -8.0  6
421  8.0  -8.0  6
422  8.0  -8.0  7
423  8.0  -8.0  6
424  12.0  -12.0  4
425  12.0  -12.0  4
426  8.0  -8.0  6
427  8.0  -8.0  6
428  14.0  -14.0  5
429  8.0  -8.0  6
430  12.0  -12.0  4
431  8.0  -8.0  6
432  12.0  -12.0  4
433  8.0  -8.0  6
434  12.0  -12.0  4
435  8.0  -8.0  6
436  8.0  -8.0  6
437  12.0  -12.0  4
438  8.0  -8.0  6
439  8.0  -8.0  6
440  12.0  -12.0  6
441  8.0  -8.0  6
442  8.0  -8.0  6
443  12.0  -12.0  4
444  8.0  -8.0  6
445  12.0  -12.0  4
446  12.0  -12.0  4
447  8.0  -8.0  6
448  8.0  -8.0  6
449  8.0  -8.0  6
450  8.0  -8.0  6
451  12.0  -12.0  6
452  8.0  -8.0  6
453  12.0  -12.0  4
454  8.0  -8.0  6
455  14.0  -14.0  7
456  8.0  -8.0  6
457  12.0  -12.0  4
458  12.0  -12.0  6
459  8.0  -8.0  6
460  12.0  -12.0  4
461  8.0  -8.0  6
462  8.0  -8.0  6
463  8.0  -8.0  8
464  12.0  -12.0  4
465  12.0  -12.0  4
466  8.0  -8.0  6
467  8.0  -8.0  6
468  8.0  -8.0  6
469  12.0  -12.0  6
470  12.0  -12.0  6
471  12.0  -12.0  6
472  12.0  -12.0  4
473  12.0  -12.0  4
474  0.0  0.0  100
475  12.0  -12.0  6
476  12.0  -12.0  4
477  12.0  -12.0  6
478  12.0  -12.0  6
479  8.0  -8.0  6
480  8.0  -8.0  6
481  12.0  -12.0  7
482  8.0  -8.0  6
483  12.0  -12.0  6
484  12.0  -12.0  4
485  12.0  -12.0  6
486  12.0  -12.0  6
487  12.0  -12.0  7
488  12.0  -12.0  4
489  8.0  -8.0  6
490  8.0  -8.0  6
491  12.0  -12.0  6
492  12.0  -12.0  4
493  12.0  -12.0  4
494  8.0  -8.0  6
495  8.0  -8.0  6
496  12.0  -12.0  4
497  8.0  -8.0  6
498  8.0  -8.0  6
499  8.0  -8.0  6
500  8.0  -8.0  6
501  12.0  -12.0  6
502  12.0  -12.0  4
503  0.0  0.0  100
504  8.0  -8.0  8
505  12.0  -12.0  6
506  8.0  -8.0  6
507  8.0  -8.0  6
508  12.0  -12.0  4
509  12.0  -12.0  4
510  12.0  -12.0  4
511  12.0  -12.0  6
512  12.0  -12.0  6
513  8.0  -8.0  6
514  12.0  -12.0  4
515  12.0  -12.0  4
516  12.0  -12.0  7
517  12.0  -12.0  6
518  8.0  -8.0  7
519  8.0  -8.0  6
520  8.0  -8.0  6
521  12.0  -12.0  6
522  8.0  -8.0  6
523  0.0  0.0  100
524  12.0  -12.0  6
525  12.0  -12.0  6
526  12.0  -12.0  4
527  12.0  -12.0  4
528  8.0  -8.0  6
529  8.0  -8.0  6
530  8.0  -8.0  6
531  12.0  -12.0  4
532  12.0  -12.0  6
533  12.0  -12.0  4
534  8.0  -8.0  6
535  12.0  -12.0  4
536  12.0  -12.0  4
537  12.0  -12.0  6
538  8.0  -8.0  6
539  8.0  -8.0  6
540  12.0  -12.0  4
541  8.0  -8.0  7
542  8.0  -8.0  6
543  8.0  -8.0  6
544  8.0  -8.0  6
545  12.0  -12.0  6
546  8.0  -8.0  6
547  8.0  -8.0  6
548  12.0  -12.0  6
549  8.0  -8.0  6
550  12.0  -12.0  4
551  12.0  -12.0  4
552  12.0  -12.0  4
553  12.0  -12.0  4
554  8.0  -8.0  6
555  8.0  -8.0  6
556  8.0  -8.0  6
557  8.0  -8.0  6
558  8.0  -8.0  6
559  12.0  -12.0  4
560  8.0  -8.0  6
561  8.0  -8.0  6
562  8.0  -8.0  6
563  12.0  -12.0  6
564  8.0  -8.0  6
565  8.0  -8.0  6
566  8.0  -8.0  6
567  12.0  -12.0  6
568  12.0  -12.0  6
569  8.0  -8.0  6
570  8.0  -8.0  6
571  12.0  -12.0  9
572  8.0  -8.0  6
573  14.0  -14.0  5
574  12.0  -12.0  4
575  8.0  -8.0  6
576  8.0  -8.0  6
577  8.0  -8.0  7
578  12.0  -12.0  4
579  12.0  -12.0  6
580  12.0  -12.0  4
581  12.0  -12.0  6
582  8.0  -8.0  7
583  8.0  -8.0  8
584  12.0  -12.0  4
585  8.0  -8.0  8
586  12.0  -12.0  4
587  12.0  -12.0  6
588  8.0  -8.0  6
589  8.0  -8.0  6
590  12.0  -12.0  6
591  12.0  -12.0  6
592  12.0  -12.0  6
593  12.0  -12.0  4
594  12.0  -12.0  6
595  12.0  -12.0  6
596  12.0  -12.0  4
597  8.0  -8.0  6
598  12.0  -12.0  6
599  12.0  -12.0  6
600  12.0  -12.0  4
601  8.0  -8.0  6
602  8.0  -8.0  6
603  0.0  0.0  100
604  12.0  -12.0  6
605  8.0  -8.0  7
606  14.0  -14.0  7
607  12.0  -12.0  6
608  8.0  -8.0  6
609  12.0  -12.0  6
610  8.0  -8.0  6
611  8.0  -8.0  7
612  8.0  -8.0  6
613  12.0  -12.0  4
614  8.0  -8.0  6
615  12.0  -12.0  4
616  8.0  -8.0  6
617  8.0  -8.0  6
618  12.0  -12.0  4
619  12.0  -12.0  6
620  8.0  -8.0  6
621  0.0  0.0  100
622  8.0  -8.0  6
623  12.0  -12.0  6
624  0.0  0.0  100
625  12.0  -12.0  4
626  8.0  -8.0  6
627  12.0  -12.0  4
628  12.0  -12.0  4
629  8.0  -8.0  6
630  12.0  -12.0  4
631  12.0  -12.0  4
632  12.0  -12.0  4
633  8.0  -8.0  6
634  8.0  -8.0  6
635  8.0  -8.0  6
636  14.0  -14.0  7
637  12.0  -12.0  4
638  8.0  -8.0  6
639  12.0  -12.0  4
640  8.0  -8.0  6
641  8.0  -8.0  6
642  12.0  -12.0  4
643  12.0  -12.0  6
644  8.0  -8.0  6
645  12.0  -12.0  4
646  12.0  -12.0  4
647  12.0  -12.0  7
648  8.0  -8.0  6
649  12.0  -12.0  7
650  12.0  -12.0  4
651  14.0  -14.0  7
652  8.0  -8.0  6
653  8.0  -8.0  7
654  12.0  -12.0  4
655  12.0  -12.0  4
656  12.0  -12.0  6
657  12.0  -12.0  6
658  8.0  -8.0  6
659  8.0  -8.0  6
660  8.0  -8.0  6
661  8.0  -8.0  6
662  8.0  -8.0  6
663  12.0  -12.0  6
664  8.0  -8.0  6
665  8.0  -8.0  6
666  8.0  -8.0  6
667  12.0  -12.0  6
668  8.0  -8.0  6
669  12.0  -12.0  4
670  12.0  -12.0  4
671  8.0  -8.0  6
672  8.0  -8.0  6
673  8.0  -8.0  7
674  12.0  -12.0  4
675  12.0  -12.0  4
676  0.0  0.0  100
677  12.0  -12.0  4
678  8.0  -8.0  6
679  12.0  -12.0  4
680  12.0  -12.0  4
681  12.0  -12.0  6
682  8.0  -8.0  6
683  12.0  -12.0  4
684  14.0  -14.0  7
685  8.0  -8.0  6
686  8.0  -8.0  6
687  12.0  -12.0  4
688  12.0  -12.0  4
689  12.0  -12.0  6
690  8.0  -8.0  6
691  8.0  -8.0  6
692  14.0  -14.0  7
693  8.0  -8.0  6
694  8.0  -8.0  6
695  8.0  -8.0  6
696  14.0  -14.0  7
697  8.0  -8.0  6
698  12.0  -12.0  4
699  12.0  -12.0  4
700  12.0  -12.0  4
701  8.0  -8.0  6
702  12.0  -12.0  6
703  12.0  -12.0  4
704  8.0  -8.0  6
705  8.0  -8.0  7
706  12.0  -12.0  4
707  12.0  -12.0  4
708  8.0  -8.0  6
709  8.0  -8.0  6
710  8.0  -8.0  6
711  8.0  -8.0  6
712  12.0  -12.0  4
713  8.0  -8.0  6
714  12.0  -12.0  6
715  8.0  -8.0  6
716  12.0  -12.0  7
717  8.0  -8.0  6
718  8.0  -8.0  6
719  12.0  -12.0  6
720  12.0  -12.0  6
721  8.0  -8.0  6
722  12.0  -12.0  6
723  12.0  -12.0  6
724  8.0  -8.0  6
725  12.0  -12.0  7
726  12.0  -12.0  4
727  8.0  -8.0  6
728  8.0  -8.0  7
729  12.0  -12.0  4
730  8.0  -8.0  6
731  12.0  -12.0  4
732  8.0  -8.0  6
733  12.0  -12.0  6
734  12.0  -12.0  4
735  12.0  -12.0  4
736  -2.0  2.0  100
737  8.0  -8.0  6
738  12.0  -12.0  4
739  12.0  -12.0  4
740  12.0  -12.0  4
741  8.0  -8.0  6
742  8.0  -8.0  6
743  14.0  -14.0  7
744  12.0  -12.0  4
745  12.0  -12.0  6
746  12.0  -12.0  6
747  12.0  -12.0  6
748  8.0  -8.0  6
749  14.0  -14.0  7
750  12.0  -12.0  6
751  8.0  -8.0  6
752  8.0  -8.0  6
753  12.0  -12.0  4
754  8.0  -8.0  6
755  8.0  -8.0  6
756  14.0  -14.0  5
757  8.0  -8.0  6
758  12.0  -12.0  4
759  12.0  -12.0  4
760  12.0  -12.0  6
761  8.0  -8.0  6
762  12.0  -12.0  4
763  8.0  -8.0  6
764  12.0  -12.0  4
765  8.0  -8.0  6
766  12.0  -12.0  6
767  8.0  -8.0  6
768  8.0  -8.0  6
769  8.0  -8.0  6
770  8.0  -8.0  6
771  12.0  -12.0  6
772  12.0  -12.0  4
773  12.0  -12.0  6
774  8.0  -8.0  6
775  -2.0  2.0  100
776  8.0  -8.0  6
777  12.0  -12.0  6
778  8.0  -8.0  6
779  8.0  -8.0  8
780  8.0  -8.0  6
781  12.0  -12.0  6
782  12.0  -12.0  4
783  12.0  -12.0  4
784  8.0  -8.0  6
785  12.0  -12.0  4
786  12.0  -12.0  6
787  12.0  -12.0  4
788  12.0  -12.0  4
789  12.0  -12.0  6
790  8.0  -8.0  6
791  8.0  -8.0  6
792  8.0  -8.0  6
793  8.0  -8.0  6
794  8.0  -8.0  6
795  12.0  -12.0  4
796  12.0  -12.0  4
797  8.0  -8.0  6
798  8.0  -8.0  6
799  8.0  -8.0  6
800  14.0  -14.0  7
801  8.0  -8.0  6
802  8.0  -8.0  6
803  8.0  -8.0  6
804  8.0  -8.0  6
805  8.0  -8.0  6
806  8.0  -8.0  6
807  12.0  -12.0  7
808  12.0  -12.0  6
809  8.0  -8.0  8
810  12.0  -12.0  4
811  12.0  -12.0  6
812  12.0  -12.0  4
813  14.0  -14.0  16
814  8.0  -8.0  6
815  12.0  -12.0  6
816  12.0  -12.0  6
817  8.0  -8.0  6
818  8.0  -8.0  6
819  8.0  -8.0  6
820  8.0  -8.0  6
821  8.0  -8.0  6
822  8.0  -8.0  6
823  12.0  -12.0  7
824  12.0  -12.0  4
825  12.0  -12.0  6
826  12.0  -12.0  4
827  12.0  -12.0  4
828  8.0  -8.0  7
829  12.0  -12.0  4
830  12.0  -12.0  4
831  8.0  -8.0  6
832  12.0  -12.0  6
833  8.0  -8.0  6
834  8.0  -8.0  6
835  12.0  -12.0  6
836  8.0  -8.0  6
837  8.0  -8.0  6
838  12.0  -12.0  4
839  12.0  -12.0  4
840  8.0  -8.0  6
841  12.0  -12.0  6
842  8.0  -8.0  6
843  8.0  -8.0  6
844  8.0  -8.0  6
845  8.0  -8.0  6
846  8.0  -8.0  6
847  8.0  -8.0  6
848  8.0  -8.0  6
849  8.0  -8.0  6
850  14.0  -14.0  7
851  8.0  -8.0  6
852  12.0  -12.0  6
853  8.0  -8.0  6
854  8.0  -8.0  6
855  8.0  -8.0  6
856  8.0  -8.0  6
857  12.0  -12.0  4
858  12.0  -12.0  6
859  12.0  -12.0  4
860  8.0  -8.0  6
861  8.0  -8.0  7
862  8.0  -8.0  6
863  8.0  -8.0  6
864  8.0  -8.0  6
865  14.0  -14.0  5
866  8.0  -8.0  6
867  12.0  -12.0  4
868  8.0  -8.0  6
869  8.0  -8.0  6
870  12.0  -12.0  4
871  12.0  -12.0  6
872  8.0  -8.0  6
873  8.0  -8.0  6
874  8.0  -8.0  6
875  8.0  -8.0  6
876  12.0  -12.0  6
877  8.0  -8.0  6
878  8.0  -8.0  6
879  12.0  -12.0  4
880  12.0  -12.0  6
881  8.0  -8.0  6
882  12.0  -12.0  6
883  8.0  -8.0  6
884  8.0  -8.0  6
885  12.0  -12.0  4
886  12.0  -12.0  4
887  12.0  -12.0  6
888  12.0  -12.0  6
889  12.0  -12.0  4
890  8.0  -8.0  6
891  8.0  -8.0  6
892  8.0  -8.0  6
893  12.0  -12.0  4
894  8.0  -8.0  6
895  8.0  -8.0  6
896  8.0  -8.0  6
897  8.0  -8.0  6
898  8.0  -8.0  6
899  8.0  -8.0  6
900  14.0  -14.0  7
901  8.0  -8.0  6
902  12.0  -12.0  4
903  8.0  -8.0  6
904  8.0  -8.0  6
905  12.0  -12.0  4
906  8.0  -8.0  6
907  14.0  -14.0  7
908  8.0  -8.0  6
909  8.0  -8.0  6
910  12.0  -12.0  4
911  12.0  -12.0  4
912  8.0  -8.0  6
913  12.0  -12.0  6
914  8.0  -8.0  6
915  12.0  -12.0  4
916  12.0  -12.0  6
917  12.0  -12.0  4
918  12.0  -12.0  4
919  12.0  -12.0  4
920  12.0  -12.0  6
921  8.0  -8.0  6
922  8.0  -8.0  6
923  12.0  -12.0  6
924  8.0  -8.0  6
925  12.0  -12.0  4
926  8.0  -8.0  6
927  12.0  -12.0  6
928  8.0  -8.0  7
929  12.0  -12.0  4
930  8.0  -8.0  6
931  12.0  -12.0  6
932  8.0  -8.0  8
933  12.0  -12.0  4
934  14.0  -14.0  7
935  8.0  -8.0  6
936  8.0  -8.0  6
937  12.0  -12.0  4
938  8.0  -8.0  6
939  12.0  -12.0  6
940  8.0  -8.0  6
941  12.0  -12.0  6
942  8.0  -8.0  6
943  8.0  -8.0  6
944  12.0  -12.0  4
945  8.0  -8.0  6
946  8.0  -8.0  6
947  12.0  -12.0  6
948  8.0  -8.0  6
949  12.0  -12.0  4
950  8.0  -8.0  6
951  12.0  -12.0  4
952  12.0  -12.0  6
953  12.0  -12.0  6
954  8.0  -8.0  7
955  8.0  -8.0  6
956  8.0  -8.0  6
957  20.0  -20.0  17
958  12.0  -12.0  6
959  12.0  -12.0  4
960  8.0  -8.0  6
961  12.0  -12.0  6
962  8.0  -8.0  6
963  12.0  -12.0  6
964  8.0  -8.0  6
965  8.0  -8.0  6
966  8.0  -8.0  6
967  8.0  -8.0  6
968  12.0  -12.0  4
969  12.0  -12.0  4
970  12.0  -12.0  6
971  8.0  -8.0  6
972  8.0  -8.0  7
973  12.0  -12.0  6
974  12.0  -12.0  6
975  12.0  -12.0  6
976  12.0  -12.0  6
977  12.0  -12.0  4
978  12.0  -12.0  6
979  8.0  -8.0  6
980  8.0  -8.0  6
981  8.0  -8.0  6
982  14.0  -14.0  7
983  8.0  -8.0  6
984  8.0  -8.0  6
985  12.0  -12.0  4
986  14.0  -14.0  7
987  12.0  -12.0  6
988  12.0  -12.0  4
989  12.0  -12.0  4
990  12.0  -12.0  4
991  12.0  -12.0  4
992  12.0  -12.0  4
993  12.0  -12.0  4
994  8.0  -8.0  6
995  8.0  -8.0  6
996  8.0  -8.0  8
997  12.0  -12.0  4
998  8.0  -8.0  6
999  12.0  -12.0  6
1000  8.0  -8.0  6
1001  8.0  -8.0  6
1002  12.0  -12.0  6
1003  12.0  -12.0  6
1004  12.0  -12.0  4
1005  12.0  -12.0  4
1006  8.0  -8.0  6
1007  12.0  -12.0  6
1008  12.0  -12.0  6
1009  8.0  -8.0  6
1010  12.0  -12.0  4
1011  8.0  -8.0  6
1012  8.0  -8.0  7
1013  8.0  -8.0  6
1014  12.0  -12.0  6
1015  12.0  -12.0  6
1016  8.0  -8.0  6
1017  8.0  -8.0  6
1018  12.0  -12.0  6
1019  12.0  -12.0  6
1020  8.0  -8.0  6
1021  8.0  -8.0  6
1022  8.0  -8.0  6
1023  -2.0  2.0  100
1024  12.0  -12.0  4
1025  8.0  -8.0  6
1026  12.0  -12.0  4
1027  8.0  -8.0  6
1028  8.0  -8.0  6
1029  14.0  -14.0  5
1030  8.0  -8.0  6
1031  12.0  -12.0  4
1032  14.0  -14.0  7
1033  8.0  -8.0  6
1034  8.0  -8.0  6
1035  12.0  -12.0  4
1036  8.0  -8.0  6
1037  12.0  -12.0  6
1038  12.0  -12.0  4
1039  8.0  -8.0  7
1040  12.0  -12.0  6
1041  12.0  -12.0  6
1042  12.0  -12.0  6
1043  8.0  -8.0  6
1044  8.0  -8.0  6
1045  8.0  -8.0  6
1046  14.0  -14.0  7
1047  8.0  -8.0  6
1048  12.0  -12.0  4
1049  12.0  -12.0  6
1050  12.0  -12.0  4
1051  12.0  -12.0  4
1052  12.0  -12.0  4
1053  8.0  -8.0  6
1054  12.0  -12.0  4
1055  12.0  -12.0  7
1056  8.0  -8.0  6
1057  8.0  -8.0  6
1058  8.0  -8.0  6
1059  12.0  -12.0  4
1060  12.0  -12.0  6
1061  12.0  -12.0  4
1062  8.0  -8.0  8
1063  12.0  -12.0  6
1064  8.0  -8.0  6
1065  12.0  -12.0  4
1066  12.0  -12.0  4
1067  12.0  -12.0  4
1068  12.0  -12.0  7
1069  0.0  0.0  100
1070  12.0  -12.0  6
1071  12.0  -12.0  6
1072  12.0  -12.0  4
1073  8.0  -8.0  6
1074  8.0  -8.0  6
1075  8.0  -8.0  6
1076  8.0  -8.0  6
1077  12.0  -12.0  4
1078  8.0  -8.0  7
1079  8.0  -8.0  6
1080  12.0  -12.0  6
1081  12.0  -12.0  4
1082  8.0  -8.0  6
1083  8.0  -8.0  6
1084  8.0  -8.0  6
1085  12.0  -12.0  6
1086  8.0  -8.0  6
1087  14.0  -14.0  5
1088  8.0  -8.0  6
1089  8.0  -8.0  6
1090  8.0  -8.0  6
1091  14.0  -14.0  7
1092  12.0  -12.0  4
1093  14.0  -14.0  7
1094  12.0  -12.0  4
1095  12.0  -12.0  6
1096  8.0  -8.0  6
1097  12.0  -12.0  6
1098  8.0  -8.0  6
1099  12.0  -12.0  6
1100  12.0  -12.0  4
1101  12.0  -12.0  6
1102  12.0  -12.0  4
1103  12.0  -12.0  4
1104  12.0  -12.0  7
1105  8.0  -8.0  6
1106  8.0  -8.0  6
1107  12.0  -12.0  6
1108  8.0  -8.0  6
1109  12.0  -12.0  6
1110  12.0  -12.0  4
1111  12.0  -12.0  6
1112  8.0  -8.0  6
1113  8.0  -8.0  7
1114  8.0  -8.0  6
1115  14.0  -14.0  7
1116  14.0  -14.0  7
1117  8.0  -8.0  6
1118  8.0  -8.0  6
1119  8.0  -8.0  6
1120  8.0  -8.0  6
1121  8.0  -8.0  6
1122  12.0  -12.0  6
1123  12.0  -12.0  6
1124  8.0  -8.0  6
1125  12.0  -12.0  4
1126  14.0  -14.0  7
1127  8.0  -8.0  6
1128  14.0  -14.0  5
1129  12.0  -12.0  4
1130  8.0  -8.0  6
1131  12.0  -12.0  4
1132  12.0  -12.0  4
1133  14.0  -14.0  7
1134  8.0  -8.0  6
1135  8.0  -8.0  6
1136  12.0  -12.0  6
1137  14.0  -14.0  5
1138  8.0  -8.0  6
1139  8.0  -8.0  6
1140  8.0  -8.0  6
1141  12.0  -12.0  4
1142  8.0  -8.0  6
1143  14.0  -14.0  5
1144  12.0  -12.0  6
1145  8.0  -8.0  7
1146  12.0  -12.0  6
1147  12.0  -12.0  4
1148  12.0  -12.0  4
1149  8.0  -8.0  6
1150  8.0  -8.0  6
1151  8.0  -8.0  6
1152  8.0  -8.0  6
1153  8.0  -8.0  6
1154  12.0  -12.0  4
1155  12.0  -12.0  4
1156  8.0  -8.0  7
1157  12.0  -12.0  6
1158  8.0  -8.0  6
1159  8.0  -8.0  6
1160  14.0  -14.0  7
1161  8.0  -8.0  6
1162  12.0  -12.0  4
1163  8.0  -8.0  6
1164  8.0  -8.0  6
1165  14.0  -14.0  5
1166  12.0  -12.0  4
1167  8.0  -8.0  6
1168  12.0  -12.0  4
1169  8.0  -8.0  6
1170  8.0  -8.0  6
1171  12.0  -12.0  4
1172  8.0  -8.0  6
1173  12.0  -12.0  6
1174  8.0  -8.0  6
1175  8.0  -8.0  6
1176  12.0  -12.0  6
1177  8.0  -8.0  6
1178  12.0  -12.0  4
1179  12.0  -12.0  4
1180  8.0  -8.0  6
1181  8.0  -8.0  6
1182  8.0  -8.0  6
1183  12.0  -12.0  4
1184  12.0  -12.0  4
1185  8.0  -8.0  6
1186  8.0  -8.0  6
1187  8.0  -8.0  6
1188  12.0  -12.0  6
1189  8.0  -8.0  6
1190  8.0  -8.0  6
1191  8.0  -8.0  6
1192  8.0  -8.0  6
1193  12.0  -12.0  6
1194  8.0  -8.0  6
1195  12.0  -12.0  6
1196  8.0  -8.0  6
1197  8.0  -8.0  6
1198  8.0  -8.0  6
1199  8.0  -8.0  6
1200  8.0  -8.0  7
1201  12.0  -12.0  6
1202  8.0  -8.0  6
1203  12.0  -12.0  4
1204  12.0  -12.0  6
1205  8.0  -8.0  6
1206  8.0  -8.0  6
1207  8.0  -8.0  6
1208  12.0  -12.0  4
1209  8.0  -8.0  6
1210  8.0  -8.0  6
1211  8.0  -8.0  6
1212  8.0  -8.0  6
1213  12.0  -12.0  4
1214  8.0  -8.0  6
1215  -4.0  4.0  100
1216  8.0  -8.0  6
1217  8.0  -8.0  6
1218  0.0  0.0  100
1219  8.0  -8.0  6
1220  8.0  -8.0  6
1221  12.0  -12.0  6
1222  14.0  -14.0  7
1223  8.0  -8.0  6
1224  8.0  -8.0  6
1225  8.0  -8.0  6
1226  12.0  -12.0  4
1227  8.0  -8.0  6
1228  12.0  -12.0  7
1229  12.0  -12.0  6
1230  8.0  -8.0  6
1231  8.0  -8.0  6
1232  12.0  -12.0  4
1233  8.0  -8.0  6
1234  12.0  -12.0  4
1235  8.0  -8.0  6
1236  12.0  -12.0  6
1237  12.0  -12.0  4
1238  8.0  -8.0  6
1239  12.0  -12.0  6
1240  12.0  -12.0  6
1241  8.0  -8.0  6
1242  8.0  -8.0  6
1243  12.0  -12.0  4
1244  8.0  -8.0  6
1245  14.0  -14.0  7
1246  12.0  -12.0  4
1247  10.0  -10.0  7
1248  8.0  -8.0  6
1249  12.0  -12.0  4
1250  12.0  -12.0  6
1251  12.0  -12.0  4
1252  12.0  -12.0  6
1253  8.0  -8.0  6
1254  12.0  -12.0  7
1255  8.0  -8.0  6
1256  8.0  -8.0  6
1257  12.0  -12.0  6
1258  14.0  -14.0  7
1259  12.0  -12.0  6
1260  12.0  -12.0  6
1261  12.0  -12.0  4
1262  12.0  -12.0  6
1263  8.0  -8.0  6
1264  8.0  -8.0  6
1265  12.0  -12.0  6
1266  8.0  -8.0  6
1267  8.0  -8.0  6
1268  12.0  -12.0  4
1269  8.0  -8.0  6
1270  12.0  -12.0  4
1271  8.0  -8.0  6
1272  12.0  -12.0  6
1273  12.0  -12.0  4
1274  12.0  -12.0  6
1275  8.0  -8.0  6
1276  12.0  -12.0  6
1277  12.0  -12.0  6
1278  8.0  -8.0  6
1279  12.0  -12.0  4
1280  12.0  -12.0  4
1281  12.0  -12.0  4
1282  12.0  -12.0  4
1283  12.0  -12.0  6
1284  12.0  -12.0  4
1285  12.0  -12.0  6
1286  14.0  -14.0  7
1287  12.0  -12.0  4
1288  12.0  -12.0  6
1289  12.0  -12.0  6
1290  12.0  -12.0  6
1291  12.0  -12.0  6
1292  12.0  -12.0  6
1293  12.0  -12.0  7
1294  8.0  -8.0  6
1295  12.0  -12.0  6
1296  12.0  -12.0  6
1297  8.0  -8.0  6
1298  8.0  -8.0  6
1299  8.0  -8.0  6
1300  12.0  -12.0  6
1301  8.0  -8.0  6
1302  12.0  -12.0  4
1303  8.0  -8.0  6
1304  12.0  -12.0  6
1305  8.0  -8.0  7
1306  8.0  -8.0  6
1307  12.0  -12.0  6
1308  12.0  -12.0  4
1309  12.0  -12.0  4
1310  12.0  -12.0  6
1311  8.0  -8.0  9
1312  8.0  -8.0  6
1313  8.0  -8.0  6
1314  12.0  -12.0  4
1315  8.0  -8.0  6
1316  8.0  -8.0  6
1317  12.0  -12.0  7
1318  12.0  -12.0  6
1319  -4.0  4.0  100
1320  8.0  -8.0  6
1321  8.0  -8.0  6
1322  8.0  -8.0  6
1323  8.0  -8.0  6
1324  8.0  -8.0  6
1325  8.0  -8.0  6
1326  8.0  -8.0  6
1327  8.0  -8.0  6
1328  12.0  -12.0  6
1329  8.0  -8.0  6
1330  12.0  -12.0  4
1331  12.0  -12.0  4
1332  12.0  -12.0  4
1333  8.0  -8.0  6
1334  0.0  0.0  100
1335  12.0  -12.0  6
1336  8.0  -8.0  6
1337  8.0  -8.0  6
1338  8.0  -8.0  6
1339  8.0  -8.0  6
1340  12.0  -12.0  6
1341  8.0  -8.0  6
1342  12.0  -12.0  6
1343  12.0  -12.0  4
1344  8.0  -8.0  6
1345  12.0  -12.0  6
1346  12.0  -12.0  4
1347  8.0  -8.0  6
1348  8.0  -8.0  6
1349  8.0  -8.0  6
1350  8.0  -8.0  6
1351  12.0  -12.0  6
1352  8.0  -8.0  6
1353  8.0  -8.0  6
1354  8.0  -8.0  6
1355  0.0  0.0  100
1356  12.0  -12.0  4
1357  12.0  -12.0  4
1358  12.0  -12.0  6
1359  12.0  -12.0  4
1360  12.0  -12.0  6
1361  12.0  -12.0  6
1362  8.0  -8.0  6
1363  8.0  -8.0  6
1364  8.0  -8.0  6
1365  8.0  -8.0  6
1366  14.0  -14.0  5
1367  8.0  -8.0  6
1368  12.0  -12.0  6
1369  8.0  -8.0  6
1370  8.0  -8.0  7
1371  8.0  -8.0  6
1372  8.0  -8.0  6
1373  12.0  -12.0  6
1374  8.0  -8.0  6
1375  12.0  -12.0  4
1376  8.0  -8.0  6
1377  8.0  -8.0  6
1378  8.0  -8.0  6
1379  14.0  -14.0  7
1380  8.0  -8.0  6
1381  8.0  -8.0  6
1382  8.0  -8.0  6
1383  8.0  -8.0  6
1384  12.0  -12.0  4
1385  12.0  -12.0  4
1386  8.0  -8.0  6
1387  8.0  -8.0  6
1388  8.0  -8.0  6
1389  12.0  -12.0  4
1390  12.0  -12.0  4
1391  12.0  -12.0  6
1392  12.0  -12.0  6
1393  12.0  -12.0  6
1394  8.0  -8.0  6
1395  12.0  -12.0  4
1396  12.0  -12.0  6
1397  12.0  -12.0  4
1398  8.0  -8.0  6
1399  12.0  -12.0  4
1400  8.0  -8.0  6
1401  8.0  -8.0  6
1402  12.0  -12.0  6
1403  8.0  -8.0  6
1404  12.0  -12.0  6
1405  12.0  -12.0  6
1406  12.0  -12.0  4
1407  8.0  -8.0  8
1408  12.0  -12.0  6
1409  12.0  -12.0  6
1410  12.0  -12.0  6
1411  12.0  -12.0  6
1412  8.0  -8.0  6
1413  8.0  -8.0  6
1414  12.0  -12.0  7
1415  8.0  -8.0  6
1416  8.0  -8.0  8
1417  8.0  -8.0  6
1418  8.0  -8.0  6
1419  14.0  -14.0  5
1420  14.0  -14.0  5
1421  12.0  -12.0  6
1422  12.0  -12.0  4
1423  8.0  -8.0  6
1424  12.0  -12.0  6
1425  12.0  -12.0  4
1426  8.0  -8.0  6
1427  8.0  -8.0  6
1428  8.0  -8.0  6
1429  12.0  -12.0  4
1430  8.0  -8.0  8
1431  8.0  -8.0  6
1432  8.0  -8.0  6
1433  12.0  -12.0  6
1434  8.0  -8.0  6
1435  8.0  -8.0  6
1436  14.0  -14.0  5
1437  8.0  -8.0  6
1438  12.0  -12.0  6
1439  12.0  -12.0  4
1440  12.0  -12.0  4
1441  8.0  -8.0  6
1442  8.0  -8.0  6
1443  8.0  -8.0  6
1444  8.0  -8.0  6
1445  12.0  -12.0  4
1446  12.0  -12.0  6
1447  8.0  -8.0  6
1448  8.0  -8.0  6
1449  12.0  -12.0  4
1450  8.0  -8.0  6
1451  8.0  -8.0  6
1452  8.0  -8.0  6
1453  14.0  -14.0  7
1454  12.0  -12.0  4
1455  8.0  -8.0  6
1456  8.0  -8.0  7
1457  8.0  -8.0  6
1458  14.0  -14.0  7
1459  8.0  -8.0  6
1460  8.0  -8.0  7
1461  12.0  -12.0  4
1462  8.0  -8.0  6
1463  8.0  -8.0  6
1464  8.0  -8.0  6
1465  8.0  -8.0  6
1466  8.0  -8.0  6
1467  8.0  -8.0  7
1468  8.0  -8.0  6
1469  12.0  -12.0  4
1470  12.0  -12.0  6
1471  12.0  -12.0  4
1472  12.0  -12.0  7
1473  12.0  -12.0  4
1474  8.0  -8.0  6
1475  8.0  -8.0  6
1476  12.0  -12.0  4
1477  8.0  -8.0  6
1478  8.0  -8.0  6
1479  12.0  -12.0  6
1480  12.0  -12.0  4
1481  12.0  -12.0  6
1482  8.0  -8.0  6
1483  8.0  -8.0  6
1484  8.0  -8.0  6
1485  8.0  -8.0  6
1486  12.0  -12.0  4
1487  12.0  -12.0  6
1488  8.0  -8.0  6
1489  12.0  -12.0  6
1490  8.0  -8.0  6
1491  12.0  -12.0  4
1492  8.0  -8.0  6
1493  0.0  0.0  100
1494  8.0  -8.0  6
1495  14.0  -14.0  7
1496  12.0  -12.0  6
1497  8.0  -8.0  6
1498  8.0  -8.0  6
1499  12.0  -12.0  4
1500  8.0  -8.0  6
1501  12.0  -12.0  6
1502  12.0  -12.0  4
1503  12.0  -12.0  6
1504  12.0  -12.0  4
1505  8.0  -8.0  6
1506  12.0  -12.0  7
1507  12.0  -12.0  6
1508  8.0  -8.0  6
1509  12.0  -12.0  4
1510  12.0  -12.0  6
1511  12.0  -12.0  6
1512  12.0  -12.0  6
1513  8.0  -8.0  6
1514  12.0  -12.0  4
1515  8.0  -8.0  7
1516  12.0  -12.0  6
1517  12.0  -12.0  6
1518  12.0  -12.0  4
1519  8.0  -8.0  6
1520  12.0  -12.0  4
1521  12.0  -12.0  4
1522  8.0  -8.0  6
1523  14.0  -14.0  7
1524  8.0  -8.0  6
1525  12.0  -12.0  6
1526  8.0  -8.0  6
1527  8.0  -8.0  6
1528  8.0  -8.0  6
1529  8.0  -8.0  6
1530  8.0  -8.0  6
1531  8.0  -8.0  6
1532  8.0  -8.0  6
1533  12.0  -12.0  6
1534  8.0  -8.0  6
1535  12.0  -12.0  4
1536  0.0  0.0  100
1537  12.0  -12.0  6
1538  12.0  -12.0  4
1539  8.0  -8.0  6
1540  8.0  -8.0  7
1541  12.0  -12.0  7
1542  8.0  -8.0  6
1543  8.0  -8.0  6
1544  8.0  -8.0  6
1545  12.0  -12.0  7
1546  8.0  -8.0  6
1547  8.0  -8.0  6
1548  12.0  -12.0  6
1549  8.0  -8.0  6
1550  8.0  -8.0  6
1551  8.0  -8.0  6
1552  8.0  -8.0  6
1553  8.0  -8.0  6
1554  8.0  -8.0  6
1555  8.0  -8.0  6
1556  8.0  -8.0  6
1557  12.0  -12.0  6
1558  12.0  -12.0  4
1559  8.0  -8.0  6
1560  8.0  -8.0  6
1561  8.0  -8.0  6
1562  12.0  -12.0  4
1563  12.0  -12.0  6
1564  8.0  -8.0  6
1565  8.0  -8.0  6
1566  8.0  -8.0  6
1567  12.0  -12.0  4
1568  8.0  -8.0  6
1569  8.0  -8.0  6
1570  12.0  -12.0  4
1571  12.0  -12.0  6
1572  8.0  -8.0  6
1573  12.0  -12.0  4
1574  8.0  -8.0  6
1575  12.0  -12.0  6
1576  12.0  -12.0  4
1577  12.0  -12.0  4
1578  12.0  -12.0  6
1579  8.0  -8.0  7
1580  12.0  -12.0  6
1581  14.0  -14.0  7
1582  12.0  -12.0  4
1583  0.0  0.0  100
1584  8.0  -8.0  6
1585  8.0  -8.0  6
1586  12.0  -12.0  6
1587  8.0  -8.0  6
1588  12.0  -12.0  6
1589  8.0  -8.0  6
1590  12.0  -12.0  6
1591  12.0  -12.0  4
1592  12.0  -12.0  4
1593  8.0  -8.0  7
1594  12.0  -12.0  6
1595  12.0  -12.0  4
1596  8.0  -8.0  6
1597  12.0  -12.0  4
1598  8.0  -8.0  6
1599  12.0  -12.0  7
1600  8.0  -8.0  6
1601  8.0  -8.0  6
1602  8.0  -8.0  6
1603  12.0  -12.0  6
1604  8.0  -8.0  6
1605  8.0  -8.0  6
1606  8.0  -8.0  6
1607  12.0  -12.0  4
1608  12.0  -12.0  6
1609  8.0  -8.0  6
1610  8.0  -8.0  6
1611  8.0  -8.0  6
1612  8.0  -8.0  6
1613  8.0  -8.0  6
1614  8.0  -8.0  6
1615  8.0  -8.0  6
1616  12.0  -12.0  6
1617  8.0  -8.0  6
1618  8.0  -8.0  6
1619  8.0  -8.0  6
1620  8.0  -8.0  6
1621  8.0  -8.0  6
1622  8.0  -8.0  6
1623  8.0  -8.0  7
1624  8.0  -8.0  6
1625  8.0  -8.0  6
1626  12.0  -12.0  6
1627  14.0  -14.0  7
1628  8.0  -8.0  10
1629  8.0  -8.0  6
1630  12.0  -12.0  6
1631  8.0  -8.0  6
1632  8.0  -8.0  6
1633  12.0  -12.0  4
1634  12.0  -12.0  6
1635  12.0  -12.0  6
1636  8.0  -8.0  6
1637  12.0  -12.0  4
1638  8.0  -8.0  6
1639  12.0  -12.0  6
1640  8.0  -8.0  6
1641  12.0  -12.0  4
1642  8.0  -8.0  6
1643  12.0  -12.0  4
1644  12.0  -12.0  4
1645  14.0  -14.0  5
1646  8.0  -8.0  6
1647  14.0  -14.0  7
1648  8.0  -8.0  6
1649  12.0  -12.0  4
1650  12.0  -12.0  4
1651  12.0  -12.0  6
1652  8.0  -8.0  6
1653  12.0  -12.0  6
1654  12.0  -12.0  4
1655  8.0  -8.0  6
1656  8.0  -8.0  6
1657  12.0  -12.0  6
1658  12.0  -12.0  6
1659  12.0  -12.0  6
1660  8.0  -8.0  6
1661  12.0  -12.0  6
1662  8.0  -8.0  6
1663  8.0  -8.0  6
1664  8.0  -8.0  6
1665  8.0  -8.0  6
1666  12.0  -12.0  4
1667  12.0  -12.0  4
1668  8.0  -8.0  7
1669  8.0  -8.0  6
1670  12.0  -12.0  6
1671  8.0  -8.0  6
1672  12.0  -12.0  4
1673  12.0  -12.0  6
1674  8.0  -8.0  6
1675  12.0  -12.0  6
1676  12.0  -12.0  6
1677  12.0  -12.0  6
1678  8.0  -8.0  6
1679  12.0  -12.0  4
1680  8.0  -8.0  6
1681  8.0  -8.0  6
1682  12.0  -12.0  6
1683  12.0  -12.0  6
1684  8.0  -8.0  6
1685  8.0  -8.0  6
1686  8.0  -8.0  6
1687  12.0  -12.0  4
1688  8.0  -8.0  6
1689  8.0  -8.0  6
1690  12.0  -12.0  4
1691  12.0  -12.0  4
1692  12.0  -12.0  4
1693  8.0  -8.0  6
1694  8.0  -8.0  6
1695  8.0  -8.0  6
1696  12.0  -12.0  6
1697  8.0  -8.0  6
1698  12.0  -12.0  4
1699  8.0  -8.0  6
1700  12.0  -12.0  6
1701  12.0  -12.0  4
1702  12.0  -12.0  6
1703  8.0  -8.0  6
1704  8.0  -8.0  6
1705  8.0  -8.0  6
1706  8.0  -8.0  6
1707  8.0  -8.0  6
1708  8.0  -8.0  6
1709  12.0  -12.0  6
1710  12.0  -12.0  6
1711  12.0  -12.0  4
1712  8.0  -8.0  6
1713  8.0  -8.0  6
1714  12.0  -12.0  6
1715  12.0  -12.0  6
1716  12.0  -12.0  6
1717  14.0  -14.0  7
1718  8.0  -8.0  6
1719  8.0  -8.0  6
1720  12.0  -12.0  6
1721  8.0  -8.0  6
1722  12.0  -12.0  4
1723  12.0  -12.0  6
1724  12.0  -12.0  4
1725  8.0  -8.0  6
1726  12.0  -12.0  6
1727  12.0  -12.0  4
1728  12.0  -12.0  6
1729  8.0  -8.0  6
1730  8.0  -8.0  6
1731  12.0  -12.0  4
1732  14.0  -14.0  7
1733  8.0  -8.0  6
1734  8.0  -8.0  6
1735  8.0  -8.0  6
1736  8.0  -8.0  7
1737  8.0  -8.0  6
1738  12.0  -12.0  4
1739  8.0  -8.0  6
1740  0.0  0.0  100
1741  12.0  -12.0  4
1742  8.0  -8.0  8
1743  8.0  -8.0  6
1744  8.0  -8.0  6
1745  12.0  -12.0  4
1746  12.0  -12.0  4
1747  8.0  -8.0  7
1748  8.0  -8.0  6
1749  12.0  -12.0  4
1750  14.0  -14.0  7
1751  12.0  -12.0  6
1752  8.0  -8.0  6
1753  8.0  -8.0  6
1754  12.0  -12.0  4
1755  12.0  -12.0  4
1756  14.0  -14.0  7
1757  8.0  -8.0  6
1758  12.0  -12.0  4
1759  8.0  -8.0  6
1760  12.0  -12.0  6
1761  12.0  -12.0  6
1762  12.0  -12.0  7
1763  8.0  -8.0  6
1764  8.0  -8.0  6
1765  12.0  -12.0  6
1766  12.0  -12.0  4
1767  12.0  -12.0  4
1768  12.0  -12.0  4
1769  12.0  -12.0  4
1770  8.0  -8.0  6
1771  8.0  -8.0  6
1772  12.0  -12.0  4
1773  12.0  -12.0  4
1774  8.0  -8.0  6
1775  8.0  -8.0  6
1776  12.0  -12.0  4
1777  8.0  -8.0  6
1778  12.0  -12.0  4
1779  12.0  -12.0  6
1780  8.0  -8.0  6
1781  12.0  -12.0  6
1782  8.0  -8.0  6
1783  12.0  -12.0  7
1784  12.0  -12.0  6
1785  8.0  -8.0  6
1786  12.0  -12.0  7
1787  8.0  -8.0  6
1788  8.0  -8.0  6
1789  0.0  0.0  100
1790  12.0  -12.0  6
1791  12.0  -12.0  6
1792  12.0  -12.0  6
1793  8.0  -8.0  6
1794  8.0  -8.0  6
1795  8.0  -8.0  6
1796  12.0  -12.0  6
1797  8.0  -8.0  6
1798  12.0  -12.0  4
1799  8.0  -8.0  6
1800  12.0  -12.0  4
1801  12.0  -12.0  4
1802  12.0  -12.0  6
1803  8.0  -8.0  6
1804  8.0  -8.0  6
1805  12.0  -12.0  4
1806  8.0  -8.0  6
1807  8.0  -8.0  6
1808  14.0  -14.0  7
1809  12.0  -12.0  4
1810  12.0  -12.0  4
1811  12.0  -12.0  4
1812  8.0  -8.0  6
1813  12.0  -12.0  4
1814  12.0  -12.0  7
1815  12.0  -12.0  4
1816  8.0  -8.0  7
1817  12.0  -12.0  6
1818  8.0  -8.0  6
1819  12.0  -12.0  4
1820  12.0  -12.0  4
1821  12.0  -12.0  6
1822  12.0  -12.0  4
1823  8.0  -8.0  6
1824  12.0  -12.0  4
1825  8.0  -8.0  6
1826  12.0  -12.0  4
1827  8.0  -8.0  6
1828  14.0  -14.0  7
1829  8.0  -8.0  6
1830  12.0  -12.0  4
1831  8.0  -8.0  6
1832  12.0  -12.0  4
1833  8.0  -8.0  6
1834  12.0  -12.0  6
1835  8.0  -8.0  6
1836  12.0  -12.0  4
1837  12.0  -12.0  4
1838  12.0  -12.0  7
1839  12.0  -12.0  4
1840  12.0  -12.0  4
1841  12.0  -12.0  6
1842  8.0  -8.0  6
1843  8.0  -8.0  6
1844  8.0  -8.0  6
1845  8.0  -8.0  6
1846  8.0  -8.0  6
1847  16.0  -16.0  9
1848  8.0  -8.0  6
1849  8.0  -8.0  6
1850  8.0  -8.0  6
1851  12.0  -12.0  4
1852  0.0  0.0  100
1853  8.0  -8.0  6
1854  8.0  -8.0  6
1855  12.0  -12.0  4
1856  8.0  -8.0  6
1857  12.0  -12.0  6
1858  8.0  -8.0  6
1859  8.0  -8.0  6
1860  8.0  -8.0  6
1861  14.0  -14.0  7
1862  12.0  -12.0  4
1863  12.0  -12.0  4
1864  8.0  -8.0  6
1865  12.0  -12.0  7
1866  8.0  -8.0  6
1867  12.0  -12.0  4
1868  8.0  -8.0  6
1869  8.0  -8.0  6
1870  8.0  -8.0  6
1871  12.0  -12.0  4
1872  12.0  -12.0  7
1873  8.0  -8.0  6
1874  8.0  -8.0  6
1875  14.0  -14.0  7
1876  12.0  -12.0  9
1877  14.0  -14.0  7
1878  12.0  -12.0  6
1879  8.0  -8.0  6
1880  12.0  -12.0  4
1881  12.0  -12.0  4
1882  8.0  -8.0  6
1883  8.0  -8.0  6
1884  8.0  -8.0  8
1885  8.0  -8.0  6
1886  12.0  -12.0  6
1887  12.0  -12.0  4
1888  8.0  -8.0  6
1889  8.0  -8.0  6
1890  12.0  -12.0  4
1891  12.0  -12.0  6
1892  12.0  -12.0  6
1893  8.0  -8.0  6
1894  12.0  -12.0  4
1895  8.0  -8.0  6
1896  12.0  -12.0  6
1897  8.0  -8.0  6
1898  12.0  -12.0  4
1899  8.0  -8.0  6
1900  14.0  -14.0  7
1901  12.0  -12.0  6
1902  8.0  -8.0  6
1903  8.0  -8.0  6
1904  8.0  -8.0  6
1905  0.0  0.0  100
1906  12.0  -12.0  4
1907  12.0  -12.0  6
1908  8.0  -8.0  6
1909  8.0  -8.0  6
1910  14.0  -14.0  7
1911  12.0  -12.0  4
1912  8.0  -8.0  6
1913  8.0  -8.0  6
1914  -6.0  6.0  100
1915  12.0  -12.0  4
1916  8.0  -8.0  6
1917  12.0  -12.0  6
1918  8.0  -8.0  6
1919  12.0  -12.0  4
1920  8.0  -8.0  6
1921  12.0  -12.0  4
1922  8.0  -8.0  6
1923  8.0  -8.0  6
1924  8.0  -8.0  6
1925  8.0  -8.0  6
1926  12.0  -12.0  4
1927  12.0  -12.0  6
1928  12.0  -12.0  4
1929  12.0  -12.0  6
1930  12.0  -12.0  4
1931  12.0  -12.0  6
1932  12.0  -12.0  4
1933  8.0  -8.0  6
1934  12.0  -12.0  4
1935  12.0  -12.0  6
1936  12.0  -12.0  6
1937  12.0  -12.0  7
1938  8.0  -8.0  6
1939  12.0  -12.0  6
1940  8.0  -8.0  6
1941  12.0  -12.0  6
1942  12.0  -12.0  4
1943  8.0  -8.0  6
1944  8.0  -8.0  6
1945  8.0  -8.0  6
1946  12.0  -12.0  4
1947  8.0  -8.0  6
1948  8.0  -8.0  6
1949  8.0  -8.0  6
1950  8.0  -8.0  6
1951  12.0  -12.0  6
1952  8.0  -8.0  6
1953  14.0  -14.0  5
1954  12.0  -12.0  6
1955  12.0  -12.0  4
1956  8.0  -8.0  6
1957  12.0  -12.0  7
1958  8.0  -8.0  6
1959  12.0  -12.0  6
1960  12.0  -12.0  6
1961  14.0  -14.0  7
1962  12.0  -12.0  7
1963  8.0  -8.0  6
1964  14.0  -14.0  7
1965  12.0  -12.0  4
1966  8.0  -8.0  6
1967  12.0  -12.0  4
1968  12.0  -12.0  6
1969  8.0  -8.0  6
1970  12.0  -12.0  6
1971  8.0  -8.0  6
1972  12.0  -12.0  6
1973  12.0  -12.0  4
1974  12.0  -12.0  4
1975  8.0  -8.0  6
1976  8.0  -8.0  6
1977  12.0  -12.0  4
1978  8.0  -8.0  6
1979  12.0  -12.0  4
1980  12.0  -12.0  4
1981  12.0  -12.0  4
1982  8.0  -8.0  6
1983  8.0  -8.0  6
1984  8.0  -8.0  6
1985  12.0  -12.0  4
1986  8.0  -8.0  6
1987  8.0  -8.0  6
1988  8.0  -8.0  6
1989  8.0  -8.0  6
1990  8.0  -8.0  6
1991  8.0  -8.0  6
1992  12.0  -12.0  7
1993  8.0  -8.0  6
1994  12.0  -12.0  6
1995  12.0  -12.0  6
1996  12.0  -12.0  4
1997  8.0  -8.0  6
1998  8.0  -8.0  6
1999  8.0  -8.0  6
2000  12.0  -12.0  6
2001  8.0  -8.0  6
2002  8.0  -8.0  6
2003  0.0  0.0  100
2004  12.0  -12.0  4
2005  14.0  -14.0  7
2006  8.0  -8.0  6
2007  8.0  -8.0  6
2008  12.0  -12.0  4
2009  12.0  -12.0  4
2010  8.0  -8.0  6
2011  12.0  -12.0  4
2012  8.0  -8.0  6
2013  8.0  -8.0  6
2014  8.0  -8.0  6
2015  8.0  -8.0  6
2016  8.0  -8.0  6
2017  8.0  -8.0  7
2018  8.0  -8.0  6
2019  8.0  -8.0  8
2020  8.0  -8.0  6
2021  8.0  -8.0  6
2022  8.0  -8.0  6
2023  8.0  -8.0  6
2024  8.0  -8.0  6
2025  8.0  -8.0  6
2026  8.0  -8.0  6
2027  8.0  -8.0  6
2028  8.0  -8.0  6
2029  12.0  -12.0  6
2030  12.0  -12.0  4
2031  8.0  -8.0  6
2032  8.0  -8.0  6
2033  8.0  -8.0  6
2034  8.0  -8.0  6
2035  8.0  -8.0  6
2036  12.0  -12.0  4
2037  8.0  -8.0  6
2038  8.0  -8.0  6
2039  0.0  0.0  100
2040  12.0  -12.0  4
2041  12.0  -12.0  4
2042  8.0  -8.0  6
2043  12.0  -12.0  4
2044  8.0  -8.0  6
2045  8.0  -8.0  6
2046  12.0  -12.0  6
2047  12.0  -12.0  4
2048  0.0  0.0  100
2049  8.0  -8.0  6
2050  14.0  -14.0  5
2051  8.0  -8.0  6
2052  8.0  -8.0  7
2053  8.0  -8.0  6
2054  8.0  -8.0  6
2055  8.0  -8.0  6
2056  12.0  -12.0  6
2057  8.0  -8.0  6
2058  12.0  -12.0  6
2059  12.0  -12.0  4
2060  12.0  -12.0  6
2061  8.0  -8.0  6
2062  12.0  -12.0  6
2063  12.0  -12.0  6
2064  12.0  -12.0  6
2065  12.0  -12.0  4
2066  8.0  -8.0  8
2067  8.0  -8.0  6
2068  12.0  -12.0  7
2069  8.0  -8.0  6
2070  12.0  -12.0  6
2071  8.0  -8.0  7
2072  12.0  -12.0  4
2073  12.0  -12.0  4
2074  8.0  -8.0  6
2075  12.0  -12.0  6
2076  12.0  -12.0  4
2077  12.0  -12.0  6
2078  12.0  -12.0  4
2079  8.0  -8.0  6
2080  8.0  -8.0  6
2081  8.0  -8.0  6
2082  12.0  -12.0  6
2083  12.0  -12.0  4
2084  8.0  -8.0  6
2085  12.0  -12.0  4
2086  8.0  -8.0  6
2087  12.0  -12.0  6
2088  8.0  -8.0  6
2089  8.0  -8.0  6
2090  12.0  -12.0  4
2091  12.0  -12.0  6
2092  8.0  -8.0  6
2093  8.0  -8.0  6
2094  8.0  -8.0  6
2095  12.0  -12.0  4
2096  8.0  -8.0  6
2097  12.0  -12.0  6
2098  12.0  -12.0  6
2099  12.0  -12.0  6
2100  12.0  -12.0  4
2101  12.0  -12.0  6
2102  8.0  -8.0  6
2103  12.0  -12.0  4
2104  12.0  -12.0  4
2105  12.0  -12.0  6
2106  12.0  -12.0  4
2107  12.0  -12.0  4
2108  8.0  -8.0  6
2109  8.0  -8.0  6
2110  8.0  -8.0  6
2111  12.0  -12.0  4
2112  8.0  -8.0  6
2113  8.0  -8.0  6
2114  8.0  -8.0  6
2115  8.0  -8.0  6
2116  12.0  -12.0  4
2117  12.0  -12.0  6
2118  12.0  -12.0  6
2119  12.0  -12.0  6
2120  14.0  -14.0  7
2121  8.0  -8.0  7
2122  12.0  -12.0  4
2123  8.0  -8.0  6
2124  12.0  -12.0  6
2125  8.0  -8.0  6
2126  12.0  -12.0  6
2127  12.0  -12.0  4
2128  12.0  -12.0  6
2129  8.0  -8.0  6
2130  8.0  -8.0  6
2131  12.0  -12.0  4
2132  8.0  -8.0  7
2133  8.0  -8.0  6
2134  12.0  -12.0  4
2135  12.0  -12.0  4
2136  8.0  -8.0  6
2137  12.0  -12.0  4
2138  8.0  -8.0  6
2139  8.0  -8.0  6
2140  8.0  -8.0  7
2141  8.0  -8.0  6
2142  14.0  -14.0  7
2143  12.0  -12.0  4
2144  8.0  -8.0  6
2145  12.0  -12.0  6
2146  12.0  -12.0  6
2147  8.0  -8.0  6
2148  8.0  -8.0  7
2149  12.0  -12.0  4
2150  8.0  -8.0  6
2151  8.0  -8.0  6
2152  8.0  -8.0  6
2153  12.0  -12.0  6
2154  8.0  -8.0  6
2155  12.0  -12.0  4
2156  8.0  -8.0  6
2157  12.0  -12.0  6
2158  8.0  -8.0  6
2159  12.0  -12.0  6
2160  8.0  -8.0  6
2161  8.0  -8.0  6
2162  8.0  -8.0  6
2163  12.0  -12.0  4
2164  8.0  -8.0  6
2165  8.0  -8.0  6
2166  8.0  -8.0  6
2167  8.0  -8.0  6
2168  12.0  -12.0  6
2169  12.0  -12.0  6
2170  12.0  -12.0  4
2171  12.0  -12.0  4
2172  8.0  -8.0  6
2173  8.0  -8.0  6
2174  8.0  -8.0  6
2175  12.0  -12.0  6
2176  12.0  -12.0  6
2177  12.0  -12.0  6
2178  8.0  -8.0  6
2179  12.0  -12.0  4
2180  8.0  -8.0  6
2181  8.0  -8.0  6
2182  12.0  -12.0  6
2183  8.0  -8.0  6
2184  12.0  -12.0  6
2185  12.0  -12.0  4
2186  12.0  -12.0  4
2187  12.0  -12.0  4
2188  12.0  -12.0  6
2189  12.0  -12.0  6
2190  14.0  -14.0  7
2191  12.0  -12.0  4
2192  12.0  -12.0  4
2193  8.0  -8.0  6
2194  8.0  -8.0  6
2195  8.0  -8.0  6
2196  8.0  -8.0  6
2197  12.0  -12.0  4
2198  12.0  -12.0  6
2199  8.0  -8.0  6
2200  8.0  -8.0  6
2201  12.0  -12.0  6
2202  12.0  -12.0  6
2203  12.0  -12.0  6
2204  12.0  -12.0  4
2205  8.0  -8.0  6
2206  12.0  -12.0  6
2207  12.0  -12.0  4
2208  8.0  -8.0  6
2209  12.0  -12.0  6
2210  8.0  -8.0  6
2211  8.0  -8.0  6
2212  8.0  -8.0  6
2213  8.0  -8.0  6
2214  8.0  -8.0  6
2215  8.0  -8.0  6
2216  8.0  -8.0  6
2217  12.0  -12.0  4
2218  8.0  -8.0  6
2219  8.0  -8.0  6
2220  8.0  -8.0  6
2221  8.0  -8.0  6
2222  12.0  -12.0  7
2223  8.0  -8.0  6
2224  12.0  -12.0  4
2225  12.0  -12.0  6
2226  14.0  -14.0  5
2227  12.0  -12.0  6
2228  12.0  -12.0  6
2229  12.0  -12.0  4
2230  12.0  -12.0  6
2231  8.0  -8.0  6
2232  8.0  -8.0  6
2233  8.0  -8.0  6
2234  8.0  -8.0  7
2235  12.0  -12.0  4
2236  8.0  -8.0  6
2237  12.0  -12.0  6
2238  8.0  -8.0  7
2239  8.0  -8.0  6
2240  8.0  -8.0  6
2241  8.0  -8.0  6
2242  8.0  -8.0  6
2243  8.0  -8.0  6
2244  12.0  -12.0  6
2245  8.0  -8.0  6
2246  8.0  -8.0  6
2247  8.0  -8.0  6
2248  8.0  -8.0  6
2249  8.0  -8.0  7
2250  12.0  -12.0  4
2251  8.0  -8.0  6
2252  8.0  -8.0  8
2253  8.0  -8.0  6
2254  8.0  -8.0  7
2255  8.0  -8.0  6
2256  0.0  0.0  100
2257  12.0  -12.0  4
2258  8.0  -8.0  8
2259  12.0  -12.0  6
2260  14.0  -14.0  7
2261  8.0  -8.0  6
2262  12.0  -12.0  4
2263  12.0  -12.0  6
2264  12.0  -12.0  6
2265  8.0  -8.0  6
2266  12.0  -12.0  4
2267  12.0  -12.0  6
2268  8.0  -8.0  6
2269  8.0  -8.0  6
2270  8.0  -8.0  6
2271  8.0  -8.0  6
2272  12.0  -12.0  4
2273  12.0  -12.0  4
2274  8.0  -8.0  6
2275  8.0  -8.0  6
2276  8.0  -8.0  6
2277  12.0  -12.0  6
2278  8.0  -8.0  10
2279  12.0  -12.0  6
2280  8.0  -8.0  6
2281  12.0  -12.0  6
2282  14.0  -14.0  7
2283  14.0  -14.0  7
2284  12.0  -12.0  4
2285  8.0  -8.0  6
2286  12.0  -12.0  6
2287  8.0  -8.0  6
2288  12.0  -12.0  6
2289  8.0  -8.0  6
2290  8.0  -8.0  6
2291  8.0  -8.0  6
2292  12.0  -12.0  6
2293  12.0  -12.0  7
2294  8.0  -8.0  6
2295  8.0  -8.0  6
2296  12.0  -12.0  6
2297  12.0  -12.0  4
2298  8.0  -8.0  6
2299  12.0  -12.0  6
2300  12.0  -12.0  6
2301  8.0  -8.0  6
2302  8.0  -8.0  6
2303  8.0  -8.0  6
2304  14.0  -14.0  8
2305  8.0  -8.0  6
2306  8.0  -8.0  6
2307  8.0  -8.0  6
2308  12.0  -12.0  6
2309  12.0  -12.0  4
2310  8.0  -8.0  6
2311  12.0  -12.0  6
2312  12.0  -12.0  4
2313  8.0  -8.0  6
2314  8.0  -8.0  6
2315  12.0  -12.0  4
2316  8.0  -8.0  6
2317  8.0  -8.0  6
2318  8.0  -8.0  6
2319  12.0  -12.0  6
2320  8.0  -8.0  7
2321  12.0  -12.0  6
2322  12.0  -12.0  6
2323  8.0  -8.0  6
2324  12.0  -12.0  4
2325  8.0  -8.0  6
2326  8.0  -8.0  6
2327  12.0  -12.0  6
2328  8.0  -8.0  6
2329  8.0  -8.0  6
2330  12.0  -12.0  4
2331  12.0  -12.0  6
2332  8.0  -8.0  6
2333  8.0  -8.0  6
2334  8.0  -8.0  6
2335  8.0  -8.0  6
2336  8.0  -8.0  6
2337  12.0  -12.0  4
2338  8.0  -8.0  6
2339  8.0  -8.0  6
2340  8.0  -8.0  6
2341  8.0  -8.0  6
2342  8.0  -8.0  6
2343  8.0  -8.0  6
2344  12.0  -12.0  4
2345  12.0  -12.0  6
2346  8.0  -8.0  7
2347  8.0  -8.0  6
2348  12.0  -12.0  6
2349  8.0  -8.0  6
2350  8.0  -8.0  7
2351  12.0  -12.0  4
2352  12.0  -12.0  6
2353  8.0  -8.0  7
2354  8.0  -8.0  6
2355  8.0  -8.0  6
2356  8.0  -8.0  6
2357  8.0  -8.0  6
2358  0.0  0.0  100
2359  12.0  -12.0  6
2360  8.0  -8.0  6
2361  8.0  -8.0  6
2362  12.0  -12.0  6
2363  8.0  -8.0  6
2364  12.0  -12.0  4
2365  8.0  -8.0  6
2366  12.0  -12.0  6
2367  12.0  -12.0  4
2368  8.0  -8.0  6
2369  12.0  -12.0  4
2370  8.0  -8.0  6
2371  12.0  -12.0  4
2372  8.0  -8.0  6
2373  12.0  -12.0  4
2374  12.0  -12.0  4
2375  8.0  -8.0  6
2376  8.0  -8.0  6
2377  12.0  -12.0  6
2378  12.0  -12.0  6
2379  8.0  -8.0  6
2380  12.0  -12.0  4
2381  12.0  -12.0  4
2382  8.0  -8.0  6
2383  8.0  -8.0  6
2384  12.0  -12.0  4
2385  12.0  -12.0  6
2386  0.0  0.0  100
2387  8.0  -8.0  6
2388  8.0  -8.0  6
2389  12.0  -12.0  6
2390  12.0  -12.0  4
2391  12.0  -12.0  4
2392  12.0  -12.0  4
2393  12.0  -12.0  4
2394  8.0  -8.0  6
2395  8.0  -8.0  6
2396  12.0  -12.0  7
2397  8.0  -8.0  6
2398  0.0  0.0  100
2399  8.0  -8.0  6
2400  12.0  -12.0  7
2401  12.0  -12.0  6
2402  8.0  -8.0  6
2403  8.0  -8.0  6
2404  8.0  -8.0  6
2405  8.0  -8.0  6
2406  8.0  -8.0  6
2407  8.0  -8.0  6
2408  8.0  -8.0  6
2409  12.0  -12.0  4
2410  8.0  -8.0  6
2411  8.0  -8.0  6
2412  8.0  -8.0  6
2413  8.0  -8.0  6
2414  12.0  -12.0  4
2415  12.0  -12.0  6
2416  12.0  -12.0  4
2417  8.0  -8.0  6
2418  12.0  -12.0  4
2419  8.0  -8.0  6
2420  14.0  -14.0  7
2421  8.0  -8.0  6
2422  12.0  -12.0  4
2423  8.0  -8.0  6
2424  12.0  -12.0  6
2425  8.0  -8.0  6
2426  8.0  -8.0  6
2427  8.0  -8.0  6
2428  0.0  0.0  100
2429  8.0  -8.0  6
2430  8.0  -8.0  6
2431  8.0  -8.0  6
2432  8.0  -8.0  6
2433  8.0  -8.0  6
2434  12.0  -12.0  4
2435  12.0  -12.0  4
2436  12.0  -12.0  6
2437  12.0  -12.0  6
2438  8.0  -8.0  6
2439  8.0  -8.0  6
2440  12.0  -12.0  6
2441  12.0  -12.0  4
2442  14.0  -14.0  7
2443  8.0  -8.0  6
2444  12.0  -12.0  6
2445  12.0  -12.0  4
2446  8.0  -8.0  6
2447  12.0  -12.0  4
2448  12.0  -12.0  6
2449  8.0  -8.0  6
2450  12.0  -12.0  4
2451  8.0  -8.0  6
2452  8.0  -8.0  7
2453  8.0  -8.0  6
2454  8.0  -8.0  6
2455  12.0  -12.0  6
2456  12.0  -12.0  4
2457  8.0  -8.0  6
2458  8.0  -8.0  6
2459  12.0  -12.0  6
2460  8.0  -8.0  6
2461  12.0  -12.0  6
2462  8.0  -8.0  6
2463  8.0  -8.0  6
2464  8.0  -8.0  6
2465  12.0  -12.0  4
2466  12.0  -12.0  6
2467  12.0  -12.0  4
2468  8.0  -8.0  7
2469  8.0  -8.0  6
2470  12.0  -12.0  6
2471  8.0  -8.0  6
2472  14.0  -14.0  7
2473  8.0  -8.0  6
2474  8.0  -8.0  6
2475  12.0  -12.0  4
2476  8.0  -8.0  7
2477  8.0  -8.0  6
2478  12.0  -12.0  6
2479  8.0  -8.0  6
2480  12.0  -12.0  4
2481  8.0  -8.0  6
2482  0.0  0.0  100
2483  8.0  -8.0  6
2484  12.0  -12.0  4
2485  12.0  -12.0  4
2486  12.0  -12.0  4
2487  12.0  -12.0  6
2488  12.0  -12.0  6
2489  8.0  -8.0  6
2490  8.0  -8.0  6
2491  8.0  -8.0  6
2492  12.0  -12.0  6
2493  12.0  -12.0  4
2494  12.0  -12.0  6
2495  14.0  -14.0  7
2496  12.0  -12.0  4
2497  12.0  -12.0  4
2498  8.0  -8.0  6
2499  14.0  -14.0  7
2500  12.0  -12.0  6
2501  12.0  -12.0  4
2502  12.0  -12.0  6
2503  8.0  -8.0  6
2504  8.0  -8.0  6
2505  12.0  -12.0  6
2506  12.0  -12.0  4
2507  12.0  -12.0  6
2508  12.0  -12.0  6
2509  12.0  -12.0  6
2510  8.0  -8.0  6
2511  8.0  -8.0  6
2512  14.0  -14.0  7
2513  12.0  -12.0  6
2514  14.0  -14.0  7
2515  8.0  -8.0  6
2516  8.0  -8.0  6
2517  8.0  -8.0  8
2518  12.0  -12.0  4
2519  14.0  -14.0  7
2520  12.0  -12.0  4
2521  8.0  -8.0  6
2522  12.0  -12.0  6
2523  14.0  -14.0  7
2524  12.0  -12.0  6
2525  12.0  -12.0  6
2526  12.0  -12.0  6
2527  8.0  -8.0  6
2528  12.0  -12.0  7
2529  8.0  -8.0  6
2530  8.0  -8.0  6
2531  8.0  -8.0  6
2532  8.0  -8.0  6
2533  8.0  -8.0  6
2534  8.0  -8.0  6
2535  12.0  -12.0  6
2536  8.0  -8.0  6
2537  12.0  -12.0  4
2538  12.0  -12.0  6
2539  8.0  -8.0  6
2540  8.0  -8.0  6
2541  14.0  -14.0  7
2542  12.0  -12.0  6
2543  12.0  -12.0  6
2544  8.0  -8.0  6
2545  8.0  -8.0  6
2546  14.0  -14.0  7
2547  8.0  -8.0  6
2548  12.0  -12.0  4
2549  12.0  -12.0  4
2550  12.0  -12.0  6
2551  8.0  -8.0  6
2552  12.0  -12.0  6
2553  8.0  -8.0  6
2554  12.0  -12.0  7
2555  8.0  -8.0  6
2556  12.0  -12.0  6
2557  12.0  -12.0  4
2558  8.0  -8.0  7
2559  12.0  -12.0  4
2560  14.0  -14.0  5
2561  8.0  -8.0  7
2562  8.0  -8.0  6
2563  8.0  -8.0  6
2564  8.0  -8.0  6
2565  12.0  -12.0  6
2566  12.0  -12.0  4
2567  12.0  -12.0  6
2568  8.0  -8.0  6
2569  12.0  -12.0  6
2570  8.0  -8.0  6
2571  8.0  -8.0  6
2572  12.0  -12.0  6
2573  12.0  -12.0  4
2574  12.0  -12.0  6
2575  8.0  -8.0  6
2576  8.0  -8.0  6
2577  8.0  -8.0  6
2578  14.0  -14.0  7
2579  12.0  -12.0  4
2580  12.0  -12.0  4
2581  8.0  -8.0  6
2582  8.0  -8.0  6
2583  8.0  -8.0  6
2584  12.0  -12.0  7
2585  8.0  -8.0  6
2586  0.0  0.0  100
2587  12.0  -12.0  6
2588  8.0  -8.0  6
2589  8.0  -8.0  6
2590  12.0  -12.0  4
2591  8.0  -8.0  6
2592  12.0  -12.0  6
2593  12.0  -12.0  4
2594  12.0  -12.0  4
2595  8.0  -8.0  6
2596  12.0  -12.0  6
2597  8.0  -8.0  6
2598  12.0  -12.0  4
2599  8.0  -8.0  6
2600  8.0  -8.0  6
2601  12.0  -12.0  7
2602  8.0  -8.0  6
2603  8.0  -8.0  6
2604  8.0  -8.0  6
2605  8.0  -8.0  6
2606  12.0  -12.0  6
2607  12.0  -12.0  6
2608  8.0  -8.0  6
2609  8.0  -8.0  6
2610  12.0  -12.0  4
2611  12.0  -12.0  4
2612  12.0  -12.0  4
2613  8.0  -8.0  6
2614  8.0  -8.0  6
2615  8.0  -8.0  6
2616  12.0  -12.0  4
2617  8.0  -8.0  6
2618  8.0  -8.0  6
2619  0.0  0.0  100
2620  14.0  -14.0  7
2621  8.0  -8.0  6
2622  8.0  -8.0  6
2623  18.0  -18.0  19
2624  8.0  -8.0  6
2625  12.0  -12.0  4
2626  8.0  -8.0  6
2627  12.0  -12.0  4
2628  12.0  -12.0  6
2629  12.0  -12.0  4
2630  12.0  -12.0  6
2631  8.0  -8.0  6
2632  12.0  -12.0  4
2633  8.0  -8.0  6
2634  8.0  -8.0  6
2635  14.0  -14.0  7
2636  -4.0  4.0  100
2637  12.0  -12.0  6
2638  14.0  -14.0  5
2639  12.0  -12.0  4
2640  8.0  -8.0  7
2641  12.0  -12.0  6
2642  12.0  -12.0  6
2643  8.0  -8.0  6
2644  8.0  -8.0  6
2645  12.0  -12.0  4
2646  12.0  -12.0  6
2647  12.0  -12.0  4
2648  8.0  -8.0  6
2649  10.0  -10.0  7
2650  8.0  -8.0  6
2651  8.0  -8.0  6
2652  8.0  -8.0  6
2653  8.0  -8.0  6
2654  8.0  -8.0  6
2655  8.0  -8.0  6
2656  12.0  -12.0  6
2657  8.0  -8.0  6
2658  8.0  -8.0  6
2659  14.0  -14.0  5
2660  8.0  -8.0  7
2661  12.0  -12.0  4
2662  12.0  -12.0  4
2663  12.0  -12.0  6
2664  12.0  -12.0  6
2665  12.0  -12.0  6
2666  8.0  -8.0  6
2667  12.0  -12.0  4
2668  12.0  -12.0  6
2669  12.0  -12.0  4
2670  8.0  -8.0  6
2671  12.0  -12.0  6
2672  8.0  -8.0  6
2673  8.0  -8.0  6
2674  12.0  -12.0  4
2675  12.0  -12.0  6
2676  8.0  -8.0  6
2677  8.0  -8.0  6
2678  12.0  -12.0  4
2679  8.0  -8.0  6
2680  12.0  -12.0  4
2681  8.0  -8.0  6
2682  8.0  -8.0  6
2683  8.0  -8.0  6
2684  8.0  -8.0  6
2685  8.0  -8.0  6
2686  0.0  0.0  100
2687  12.0  -12.0  6
2688  12.0  -12.0  4
2689  8.0  -8.0  8
2690  8.0  -8.0  6
2691  8.0  -8.0  6
2692  12.0  -12.0  4
2693  0.0  0.0  100
2694  14.0  -14.0  7
2695  8.0  -8.0  6
2696  8.0  -8.0  6
2697  8.0  -8.0  6
2698  8.0  -8.0  6
2699  8.0  -8.0  6
2700  12.0  -12.0  4
2701  8.0  -8.0  6
2702  8.0  -8.0  8
2703  8.0  -8.0  6
2704  8.0  -8.0  6
2705  12.0  -12.0  6
2706  12.0  -12.0  4
2707  12.0  -12.0  4
2708  12.0  -12.0  7
2709  8.0  -8.0  6
2710  8.0  -8.0  6
2711  8.0  -8.0  6
2712  12.0  -12.0  4
2713  12.0  -12.0  6
2714  8.0  -8.0  6
2715  12.0  -12.0  4
2716  8.0  -8.0  6
2717  12.0  -12.0  6
2718  12.0  -12.0  6
2719  12.0  -12.0  7
2720  12.0  -12.0  4
2721  8.0  -8.0  6
2722  8.0  -8.0  6
2723  12.0  -12.0  4
2724  8.0  -8.0  8
2725  12.0  -12.0  6
2726  8.0  -8.0  6
2727  8.0  -8.0  6
2728  12.0  -12.0  4
2729  12.0  -12.0  4
2730  8.0  -8.0  6
2731  12.0  -12.0  6
2732  8.0  -8.0  6
2733  8.0  -8.0  6
2734  12.0  -12.0  4
2735  8.0  -8.0  6
2736  8.0  -8.0  6
2737  8.0  -8.0  6
2738  8.0  -8.0  6
2739  12.0  -12.0  6
2740  8.0  -8.0  6
2741  12.0  -12.0  6
2742  14.0  -14.0  7
2743  8.0  -8.0  6
2744  8.0  -8.0  6
2745  8.0  -8.0  6
2746  8.0  -8.0  6
2747  8.0  -8.0  6
2748  8.0  -8.0  6
2749  8.0  -8.0  6
2750  8.0  -8.0  6
2751  8.0  -8.0  7
2752  12.0  -12.0  4
2753  8.0  -8.0  7
2754  8.0  -8.0  6
2755  8.0  -8.0  6
2756  12.0  -12.0  4
2757  8.0  -8.0  6
2758  12.0  -12.0  6
2759  12.0  -12.0  4
2760  12.0  -12.0  4
2761  8.0  -8.0  7
2762  12.0  -12.0  6
2763  8.0  -8.0  6
2764  8.0  -8.0  6
2765  8.0  -8.0  6
2766  8.0  -8.0  6
2767  8.0  -8.0  6
2768  12.0  -12.0  6
2769  8.0  -8.0  6
2770  8.0  -8.0  6
2771  8.0  -8.0  6
2772  8.0  -8.0  6
2773  8.0  -8.0  6
2774  12.0  -12.0  6
2775  8.0  -8.0  6
2776  12.0  -12.0  4
2777  12.0  -12.0  6
2778  8.0  -8.0  6
2779  12.0  -12.0  6
2780  12.0  -12.0  4
2781  8.0  -8.0  6
2782  12.0  -12.0  6
2783  8.0  -8.0  8
2784  8.0  -8.0  6
2785  12.0  -12.0  4
2786  8.0  -8.0  7
2787  12.0  -12.0  7
2788  12.0  -12.0  6
2789  14.0  -14.0  7
2790  8.0  -8.0  6
2791  12.0  -12.0  6
2792  12.0  -12.0  6
2793  8.0  -8.0  6
2794  12.0  -12.0  6
2795  8.0  -8.0  7
2796  12.0  -12.0  6
2797  8.0  -8.0  6
2798  8.0  -8.0  6
2799  12.0  -12.0  6
2800  8.0  -8.0  7
2801  12.0  -12.0  7
2802  8.0  -8.0  6
2803  8.0  -8.0  6
2804  8.0  -8.0  6
2805  8.0  -8.0  6
2806  12.0  -12.0  6
2807  8.0  -8.0  6
2808  8.0  -8.0  6
2809  12.0  -12.0  6
2810  12.0  -12.0  4
2811  8.0  -8.0  7
2812  8.0  -8.0  6
2813  8.0  -8.0  6
2814  8.0  -8.0  6
2815  12.0  -12.0  4
2816  8.0  -8.0  6
2817  12.0  -12.0  6
2818  8.0  -8.0  6
2819  8.0  -8.0  6
2820  12.0  -12.0  6
2821  8.0  -8.0  6
2822  8.0  -8.0  6
2823  12.0  -12.0  4
2824  8.0  -8.0  6
2825  8.0  -8.0  6
2826  12.0  -12.0  4
2827  12.0  -12.0  4
2828  8.0  -8.0  6
2829  12.0  -12.0  6
2830  12.0  -12.0  6
2831  12.0  -12.0  4
2832  8.0  -8.0  6
2833  8.0  -8.0  6
2834  8.0  -8.0  6
2835  12.0  -12.0  6
2836  12.0  -12.0  4
2837  8.0  -8.0  8
2838  8.0  -8.0  6
2839  12.0  -12.0  6
2840  8.0  -8.0  6
2841  12.0  -12.0  4
2842  8.0  -8.0  7
2843  8.0  -8.0  6
2844  8.0  -8.0  6
2845  12.0  -12.0  6
2846  12.0  -12.0  4
2847  12.0  -12.0  4
2848  8.0  -8.0  6
2849  12.0  -12.0  4
2850  8.0  -8.0  6
2851  12.0  -12.0  4
2852  8.0  -8.0  7
2853  8.0  -8.0  6
2854  8.0  -8.0  6
2855  12.0  -12.0  4
2856  12.0  -12.0  4
2857  8.0  -8.0  6
2858  12.0  -12.0  7
2859  8.0  -8.0  6
2860  8.0  -8.0  6
2861  12.0  -12.0  6
2862  12.0  -12.0  6
2863  8.0  -8.0  6
2864  12.0  -12.0  4
2865  8.0  -8.0  6
2866  8.0  -8.0  7
2867  12.0  -12.0  6
2868  8.0  -8.0  6
2869  12.0  -12.0  7
2870  8.0  -8.0  6
2871  12.0  -12.0  4
2872  12.0  -12.0  4
2873  12.0  -12.0  4
2874  8.0  -8.0  6
2875  14.0  -14.0  7
2876  8.0  -8.0  6
2877  8.0  -8.0  6
2878  12.0  -12.0  6
2879  8.0  -8.0  6
2880  8.0  -8.0  6
2881  12.0  -12.0  4
2882  8.0  -8.0  6
2883  8.0  -8.0  6
2884  12.0  -12.0  4
2885  12.0  -12.0  6
2886  8.0  -8.0  6
2887  12.0  -12.0  6
2888  12.0  -12.0  6
2889  8.0  -8.0  6
2890  12.0  -12.0  6
2891  12.0  -12.0  6
2892  12.0  -12.0  6
2893  8.0  -8.0  6
2894  12.0  -12.0  4
2895  12.0  -12.0  4
2896  8.0  -8.0  6
2897  8.0  -8.0  6
2898  8.0  -8.0  6
2899  8.0  -8.0  6
2900  12.0  -12.0  6
2901  12.0  -12.0  6
2902  12.0  -12.0  6
2903  12.0  -12.0  4
2904  12.0  -12.0  6
2905  8.0  -8.0  6
2906  8.0  -8.0  7
2907  12.0  -12.0  4
2908  8.0  -8.0  6
2909  8.0  -8.0  6
2910  8.0  -8.0  6
2911  12.0  -12.0  4
2912  8.0  -8.0  6
2913  12.0  -12.0  6
2914  12.0  -12.0  6
2915  0.0  0.0  100
2916  12.0  -12.0  6
2917  12.0  -12.0  6
2918  8.0  -8.0  6
2919  12.0  -12.0  4
2920  12.0  -12.0  6
2921  12.0  -12.0  6
2922  12.0  -12.0  6
2923  12.0  -12.0  6
2924  12.0  -12.0  6
2925  12.0  -12.0  4
2926  12.0  -12.0  6
2927  8.0  -8.0  6
2928  8.0  -8.0  6
2929  12.0  -12.0  6
2930  8.0  -8.0  6
2931  8.0  -8.0  6
2932  12.0  -12.0  4
2933  8.0  -8.0  6
2934  8.0  -8.0  6
2935  8.0  -8.0  6
2936  8.0  -8.0  6
2937  8.0  -8.0  6
2938  12.0  -12.0  6
2939  8.0  -8.0  6
2940  12.0  -12.0  6
2941  12.0  -12.0  4
2942  12.0  -12.0  4
2943  8.0  -8.0  6
2944  12.0  -12.0  6
2945  14.0  -14.0  7
2946  12.0  -12.0  6
2947  14.0  -14.0  7
2948  8.0  -8.0  6
2949  8.0  -8.0  6
2950  8.0  -8.0  6
2951  8.0  -8.0  6
2952  8.0  -8.0  6
2953  12.0  -12.0  4
2954  0.0  0.0  100
2955  12.0  -12.0  6
2956  8.0  -8.0  6
2957  8.0  -8.0  6
2958  8.0  -8.0  6
2959  8.0  -8.0  6
2960  14.0  -14.0  7
2961  12.0  -12.0  4
2962  8.0  -8.0  6
2963  12.0  -12.0  4
2964  12.0  -12.0  4
2965  12.0  -12.0  6
2966  12.0  -12.0  4
2967  8.0  -8.0  6
2968  12.0  -12.0  7
2969  0.0  0.0  100
2970  8.0  -8.0  7
2971  12.0  -12.0  6
2972  8.0  -8.0  6
2973  8.0  -8.0  6
2974  12.0  -12.0  4
2975  8.0  -8.0  6
2976  0.0  0.0  100
2977  12.0  -12.0  7
2978  8.0  -8.0  6
2979  12.0  -12.0  6
2980  8.0  -8.0  6
2981  12.0  -12.0  4
2982  8.0  -8.0  6
2983  8.0  -8.0  6
2984  8.0  -8.0  6
2985  8.0  -8.0  6
2986  12.0  -12.0  4
2987  12.0  -12.0  4
2988  12.0  -12.0  4
2989  8.0  -8.0  6
2990  12.0  -12.0  4
2991  8.0  -8.0  6
2992  8.0  -8.0  7
2993  8.0  -8.0  6
2994  8.0  -8.0  6
2995  8.0  -8.0  6
2996  8.0  -8.0  6
2997  12.0  -12.0  4
2998  0.0  0.0  100
2999  12.0  -12.0  4
3000  8.0  -8.0  6
3001  8.0  -8.0  7
3002  8.0  -8.0  6
3003  12.0  -12.0  4
3004  8.0  -8.0  6
3005  8.0  -8.0  6
3006  12.0  -12.0  6
3007  12.0  -12.0  6
3008  12.0  -12.0  6
3009  12.0  -12.0  6
3010  8.0  -8.0  6
3011  8.0  -8.0  6
3012  8.0  -8.0  6
3013  8.0  -8.0  6
3014  12.0  -12.0  4
3015  8.0  -8.0  6
3016  8.0  -8.0  6
3017  8.0  -8.0  6
3018  12.0  -12.0  4
3019  8.0  -8.0  6
3020  8.0  -8.0  6
3021  8.0  -8.0  6
3022  12.0  -12.0  6
3023  8.0  -8.0  6
3024  8.0  -8.0  6
3025  12.0  -12.0  6
3026  12.0  -12.0  6
3027  8.0  -8.0  6
3028  12.0  -12.0  4
3029  8.0  -8.0  6
3030  12.0  -12.0  4
3031  12.0  -12.0  4
3032  8.0  -8.0  6
3033  8.0  -8.0  6
3034  12.0  -12.0  4
3035  8.0  -8.0  6
3036  12.0  -12.0  6
3037  8.0  -8.0  6
3038  12.0  -12.0  6
3039  12.0  -12.0  6
3040  8.0  -8.0  6
3041  8.0  -8.0  6
3042  12.0  -12.0  6
3043  12.0  -12.0  4
3044  8.0  -8.0  6
3045  12.0  -12.0  6
3046  12.0  -12.0  6
3047  8.0  -8.0  6
3048  8.0  -8.0  6
3049  12.0  -12.0  6
3050  8.0  -8.0  6
3051  8.0  -8.0  6
3052  12.0  -12.0  6
3053  8.0  -8.0  6
3054  12.0  -12.0  4
3055  8.0  -8.0  6
3056  8.0  -8.0  6
3057  8.0  -8.0  6
3058  12.0  -12.0  6
3059  8.0  -8.0  6
3060  8.0  -8.0  6
3061  12.0  -12.0  4
3062  8.0  -8.0  6
3063  8.0  -8.0  6
3064  8.0  -8.0  6
3065  8.0  -8.0  6
3066  8.0  -8.0  6
3067  12.0  -12.0  4
3068  8.0  -8.0  6
3069  8.0  -8.0  6
3070  8.0  -8.0  6
3071  8.0  -8.0  6
3072  8.0  -8.0  6
3073  12.0  -12.0  4
3074  8.0  -8.0  6
3075  8.0  -8.0  6
3076  12.0  -12.0  6
3077  8.0  -8.0  6
3078  8.0  -8.0  6
3079  8.0  -8.0  6
3080  8.0  -8.0  6
3081  14.0  -14.0  5
3082  12.0  -12.0  4
3083  8.0  -8.0  6
3084  12.0  -12.0  6
3085  0.0  0.0  100
3086  12.0  -12.0  6
3087  12.0  -12.0  6
3088  12.0  -12.0  6
3089  8.0  -8.0  6
3090  8.0  -8.0  6
3091  12.0  -12.0  6
3092  12.0  -12.0  6
3093  12.0  -12.0  6
3094  8.0  -8.0  6
3095  14.0  -14.0  5
3096  12.0  -12.0  6
3097  12.0  -12.0  6
3098  8.0  -8.0  6
3099  8.0  -8.0  6
3100  8.0  -8.0  6
3101  12.0  -12.0  4
3102  8.0  -8.0  7
3103  8.0  -8.0  6
3104  8.0  -8.0  6
3105  12.0  -12.0  6
3106  8.0  -8.0  7
3107  12.0  -12.0  4
3108  12.0  -12.0  6
3109  12.0  -12.0  4
3110  8.0  -8.0  6
3111  8.0  -8.0  6
3112  14.0  -14.0  7
3113  8.0  -8.0  6
3114  -4.0  4.0  100
3115  8.0  -8.0  6
3116  8.0  -8.0  6
3117  12.0  -12.0  6
3118  8.0  -8.0  6
3119  12.0  -12.0  6
3120  12.0  -12.0  6
3121  8.0  -8.0  6
3122  8.0  -8.0  6
3123  12.0  -12.0  6
3124  12.0  -12.0  7
3125  8.0  -8.0  6
3126  8.0  -8.0  6
3127  12.0  -12.0  4
3128  12.0  -12.0  6
3129  12.0  -12.0  6
3130  12.0  -12.0  4
3131  8.0  -8.0  6
3132  12.0  -12.0  6
3133  8.0  -8.0  6
3134  12.0  -12.0  6
3135  12.0  -12.0  6
3136  12.0  -12.0  6
3137  12.0  -12.0  6
3138  8.0  -8.0  6
3139  12.0  -12.0  4
3140  8.0  -8.0  6
3141  8.0  -8.0  6
3142  8.0  -8.0  6
3143  8.0  -8.0  6
3144  12.0  -12.0  4
3145  12.0  -12.0  4
3146  8.0  -8.0  6
3147  8.0  -8.0  6
3148  12.0  -12.0  6
3149  8.0  -8.0  6
3150  8.0  -8.0  6
3151  12.0  -12.0  6
3152  8.0  -8.0  6
3153  8.0  -8.0  6
3154  8.0  -8.0  6
3155  8.0  -8.0  6
3156  12.0  -12.0  4
3157  8.0  -8.0  6
3158  8.0  -8.0  6
3159  12.0  -12.0  6
3160  8.0  -8.0  6
3161  8.0  -8.0  6
3162  8.0  -8.0  6
3163  12.0  -12.0  4
3164  12.0  -12.0  6
3165  14.0  -14.0  7
3166  8.0  -8.0  7
3167  8.0  -8.0  6
3168  12.0  -12.0  6
3169  8.0  -8.0  7
3170  8.0  -8.0  6
3171  12.0  -12.0  4
3172  8.0  -8.0  6
3173  8.0  -8.0  8
3174  12.0  -12.0  4
3175  12.0  -12.0  4
3176  12.0  -12.0  6
3177  8.0  -8.0  6
3178  8.0  -8.0  6
3179  0.0  0.0  100
3180  8.0  -8.0  7
3181  8.0  -8.0  6
3182  12.0  -12.0  6
3183  12.0  -12.0  4
3184  12.0  -12.0  4
3185  12.0  -12.0  4
3186  12.0  -12.0  6
3187  12.0  -12.0  6
3188  8.0  -8.0  6
3189  12.0  -12.0  6
3190  12.0  -12.0  6
3191  8.0  -8.0  6
3192  -4.0  4.0  100
3193  8.0  -8.0  6
3194  12.0  -12.0  4
3195  8.0  -8.0  6
3196  12.0  -12.0  6
3197  8.0  -8.0  7
3198  8.0  -8.0  6
3199  8.0  -8.0  6
3200  8.0  -8.0  6
3201  12.0  -12.0  4
3202  8.0  -8.0  6
3203  12.0  -12.0  4
3204  8.0  -8.0  6
3205  8.0  -8.0  6
3206  8.0  -8.0  6
3207  8.0  -8.0  6
3208  12.0  -12.0  4
3209  12.0  -12.0  7
3210  8.0  -8.0  7
3211  8.0  -8.0  6
3212  12.0  -12.0  6
3213  8.0  -8.0  6
3214  12.0  -12.0  6
3215  12.0  -12.0  4
3216  12.0  -12.0  6
3217  8.0  -8.0  7
3218  8.0  -8.0  6
3219  8.0  -8.0  6
3220  12.0  -12.0  4
3221  12.0  -12.0  4
3222  12.0  -12.0  7
3223  8.0  -8.0  6
3224  8.0  -8.0  6
3225  8.0  -8.0  6
3226  8.0  -8.0  6
3227  12.0  -12.0  6
3228  12.0  -12.0  6
3229  12.0  -12.0  4
3230  12.0  -12.0  4
3231  8.0  -8.0  6
3232  8.0  -8.0  6
3233  8.0  -8.0  6
3234  8.0  -8.0  6
3235  8.0  -8.0  6
3236  12.0  -12.0  4
3237  8.0  -8.0  8
3238  8.0  -8.0  6
3239  14.0  -14.0  5
3240  8.0  -8.0  6
3241  8.0  -8.0  6
3242  8.0  -8.0  6
3243  12.0  -12.0  6
3244  8.0  -8.0  7
3245  12.0  -12.0  4
3246  8.0  -8.0  6
3247  8.0  -8.0  6
3248  8.0  -8.0  6
3249  8.0  -8.0  6
3250  8.0  -8.0  6
3251  8.0  -8.0  6
3252  12.0  -12.0  4
3253  12.0  -12.0  4
3254  8.0  -8.0  6
3255  8.0  -8.0  6
3256  8.0  -8.0  6
3257  8.0  -8.0  7
3258  8.0  -8.0  6
3259  12.0  -12.0  6
3260  12.0  -12.0  6
3261  12.0  -12.0  6
3262  12.0  -12.0  7
3263  8.0  -8.0  6
3264  8.0  -8.0  6
3265  8.0  -8.0  6
3266  12.0  -12.0  4
3267  8.0  -8.0  6
3268  0.0  0.0  100
3269  8.0  -8.0  6
3270  8.0  -8.0  6
3271  12.0  -12.0  6
3272  8.0  -8.0  6
3273  8.0  -8.0  6
3274  8.0  -8.0  7
3275  8.0  -8.0  6
3276  8.0  -8.0  7
3277  8.0  -8.0  6
3278  12.0  -12.0  4
3279  8.0  -8.0  6
3280  8.0  -8.0  6
3281  8.0  -8.0  6
3282  12.0  -12.0  6
3283  12.0  -12.0  4
3284  8.0  -8.0  6
3285  8.0  -8.0  6
3286  8.0  -8.0  6
3287  12.0  -12.0  6
3288  14.0  -14.0  7
3289  8.0  -8.0  6
3290  12.0  -12.0  4
3291  8.0  -8.0  6
3292  0.0  0.0  100
3293  8.0  -8.0  6
3294  8.0  -8.0  6
3295  8.0  -8.0  6
3296  12.0  -12.0  4
3297  12.0  -12.0  4
3298  12.0  -12.0  4
3299  12.0  -12.0  6
3300  12.0  -12.0  6
3301  8.0  -8.0  6
3302  8.0  -8.0  6
3303  8.0  -8.0  6
3304  12.0  -12.0  6
3305  12.0  -12.0  6
3306  12.0  -12.0  6
3307  8.0  -8.0  6
3308  8.0  -8.0  6
3309  12.0  -12.0  4
3310  8.0  -8.0  6
3311  12.0  -12.0  6
3312  12.0  -12.0  6
3313  8.0  -8.0  6
3314  8.0  -8.0  6
3315  12.0  -12.0  4
3316  12.0  -12.0  4
3317  12.0  -12.0  6
3318  8.0  -8.0  6
3319  12.0  -12.0  6
3320  12.0  -12.0  6
3321  8.0  -8.0  6
3322  12.0  -12.0  6
3323  12.0  -12.0  6
3324  8.0  -8.0  7
3325  12.0  -12.0  4
3326  12.0  -12.0  4
3327  8.0  -8.0  6
3328  12.0  -12.0  4
3329  12.0  -12.0  4
3330  8.0  -8.0  6
3331  8.0  -8.0  6
3332  12.0  -12.0  6
3333  8.0  -8.0  6
3334  8.0  -8.0  6
3335  8.0  -8.0  6
3336  8.0  -8.0  6
3337  8.0  -8.0  6
3338  8.0  -8.0  6
3339  12.0  -12.0  4
3340  12.0  -12.0  6
3341  12.0  -12.0  4
3342  12.0  -12.0  6
3343  8.0  -8.0  6
3344  12.0  -12.0  6
3345  14.0  -14.0  7
3346  12.0  -12.0  6
3347  12.0  -12.0  6
3348  8.0  -8.0  6
3349  8.0  -8.0  7
3350  12.0  -12.0  6
3351  8.0  -8.0  6
3352  12.0  -12.0  6
3353  12.0  -12.0  6
3354  12.0  -12.0  4
3355  8.0  -8.0  6
3356  8.0  -8.0  6
3357  8.0  -8.0  6
3358  12.0  -12.0  6
3359  8.0  -8.0  6
3360  12.0  -12.0  4
3361  12.0  -12.0  6
3362  8.0  -8.0  6
3363  12.0  -12.0  6
3364  12.0  -12.0  7
3365  8.0  -8.0  6
3366  12.0  -12.0  4
3367  8.0  -8.0  6
3368  12.0  -12.0  4
3369  8.0  -8.0  6
3370  8.0  -8.0  6
3371  8.0  -8.0  6
3372  8.0  -8.0  6
3373  12.0  -12.0  6
3374  8.0  -8.0  6
3375  12.0  -12.0  6
3376  12.0  -12.0  4
3377  8.0  -8.0  6
3378  12.0  -12.0  6
3379  12.0  -12.0  4
3380  12.0  -12.0  6
3381  12.0  -12.0  7
3382  8.0  -8.0  6
3383  8.0  -8.0  6
3384  8.0  -8.0  6
3385  8.0  -8.0  6
3386  8.0  -8.0  6
3387  12.0  -12.0  6
3388  8.0  -8.0  7
3389  8.0  -8.0  6
3390  8.0  -8.0  6
3391  8.0  -8.0  6
3392  12.0  -12.0  6
3393  8.0  -8.0  6
3394  12.0  -12.0  4
3395  8.0  -8.0  6
3396  8.0  -8.0  6
3397  12.0  -12.0  4
3398  8.0  -8.0  6
3399  12.0  -12.0  6
3400  12.0  -12.0  6
3401  12.0  -12.0  6
3402  12.0  -12.0  6
3403  12.0  -12.0  6
3404  8.0  -8.0  6
3405  8.0  -8.0  6
3406  12.0  -12.0  4
3407  8.0  -8.0  6
3408  8.0  -8.0  6
3409  8.0  -8.0  8
3410  8.0  -8.0  6
3411  0.0  0.0  100
3412  8.0  -8.0  6
3413  -2.0  2.0  100
3414  8.0  -8.0  6
3415  8.0  -8.0  6
3416  8.0  -8.0  6
3417  8.0  -8.0  6
3418  8.0  -8.0  6
3419  12.0  -12.0  4
3420  8.0  -8.0  6
3421  8.0  -8.0  6
3422  8.0  -8.0  6
3423  8.0  -8.0  6
3424  8.0  -8.0  6
3425  12.0  -12.0  4
3426  8.0  -8.0  6
3427  8.0  -8.0  6
3428  8.0  -8.0  6
3429  8.0  -8.0  6
3430  12.0  -12.0  4
3431  8.0  -8.0  6
3432  8.0  -8.0  6
3433  8.0  -8.0  6
3434  8.0  -8.0  6
3435  12.0  -12.0  4
3436  8.0  -8.0  6
3437  8.0  -8.0  6
3438  12.0  -12.0  4
3439  8.0  -8.0  8
3440  8.0  -8.0  6
3441  8.0  -8.0  7
3442  12.0  -12.0  4
3443  12.0  -12.0  6
3444  8.0  -8.0  6
3445  12.0  -12.0  6
3446  12.0  -12.0  4
3447  12.0  -12.0  6
3448  8.0  -8.0  6
3449  8.0  -8.0  6
3450  12.0  -12.0  4
3451  12.0  -12.0  4
3452  12.0  -12.0  6
3453  8.0  -8.0  7
3454  12.0  -12.0  6
3455  8.0  -8.0  6
3456  8.0  -8.0  6
3457  8.0  -8.0  7
3458  12.0  -12.0  4
3459  12.0  -12.0  6
3460  12.0  -12.0  4
3461  12.0  -12.0  6
3462  12.0  -12.0  4
3463  12.0  -12.0  6
3464  8.0  -8.0  6
3465  8.0  -8.0  7
3466  12.0  -12.0  4
3467  12.0  -12.0  6
3468  8.0  -8.0  7
3469  8.0  -8.0  6
3470  12.0  -12.0  4
3471  8.0  -8.0  6
3472  8.0  -8.0  6
3473  12.0  -12.0  4
3474  12.0  -12.0  4
3475  8.0  -8.0  6
3476  8.0  -8.0  6
3477  12.0  -12.0  6
3478  8.0  -8.0  6
3479  12.0  -12.0  6
3480  8.0  -8.0  6
3481  0.0  0.0  100
3482  12.0  -12.0  6
3483  8.0  -8.0  6
3484  8.0  -8.0  6
3485  8.0  -8.0  6
3486  8.0  -8.0  6
3487  12.0  -12.0  6
3488  8.0  -8.0  6
3489  12.0  -12.0  4
3490  8.0  -8.0  6
3491  12.0  -12.0  4
3492  12.0  -12.0  6
3493  12.0  -12.0  4
3494  12.0  -12.0  6
3495  8.0  -8.0  7
3496  12.0  -12.0  6
3497  12.0  -12.0  6
3498  8.0  -8.0  6
3499  0.0  0.0  100
3500  8.0  -8.0  6
3501  12.0  -12.0  4
3502  8.0  -8.0  6
3503  -4.0  4.0  100
3504  8.0  -8.0  6
3505  8.0  -8.0  6
3506  8.0  -8.0  6
3507  8.0  -8.0  6
3508  12.0  -12.0  6
3509  8.0  -8.0  6
3510  12.0  -12.0  4
3511  12.0  -12.0  4
3512  8.0  -8.0  6
3513  12.0  -12.0  6
3514  12.0  -12.0  4
3515  8.0  -8.0  6
3516  14.0  -14.0  5
3517  12.0  -12.0  6
3518  12.0  -12.0  4
3519  8.0  -8.0  6
3520  8.0  -8.0  6
3521  12.0  -12.0  4
3522  8.0  -8.0  6
3523  8.0  -8.0  6
3524  8.0  -8.0  6
3525  8.0  -8.0  7
3526  12.0  -12.0  6
3527  8.0  -8.0  6
3528  12.0  -12.0  4
3529  8.0  -8.0  6
3530  14.0  -14.0  5
3531  8.0  -8.0  6
3532  12.0  -12.0  6
3533  8.0  -8.0  6
3534  8.0  -8.0  6
3535  8.0  -8.0  6
3536  8.0  -8.0  6
3537  8.0  -8.0  6
3538  8.0  -8.0  6
3539  8.0  -8.0  6
3540  8.0  -8.0  6
3541  12.0  -12.0  4
3542  12.0  -12.0  6
3543  14.0  -14.0  7
3544  8.0  -8.0  6
3545  12.0  -12.0  4
3546  12.0  -12.0  4
3547  8.0  -8.0  6
3548  8.0  -8.0  6
3549  12.0  -12.0  6
3550  8.0  -8.0  6
3551  8.0  -8.0  6
3552  8.0  -8.0  6
3553  8.0  -8.0  6
3554  12.0  -12.0  6
3555  8.0  -8.0  8
3556  8.0  -8.0  6
3557  12.0  -12.0  4
3558  8.0  -8.0  8
3559  14.0  -14.0  5
3560  8.0  -8.0  6
3561  8.0  -8.0  6
3562  8.0  -8.0  6
3563  8.0  -8.0  6
3564  8.0  -8.0  6
3565  12.0  -12.0  4
3566  12.0  -12.0  4
3567  8.0  -8.0  6
3568  12.0  -12.0  6
3569  12.0  -12.0  4
3570  0.0  0.0  100
3571  12.0  -12.0  4
3572  12.0  -12.0  4
3573  12.0  -12.0  6
3574  8.0  -8.0  6
3575  12.0  -12.0  4
3576  12.0  -12.0  6
3577  0.0  0.0  100
3578  12.0  -12.0  7
3579  12.0  -12.0  4
3580  12.0  -12.0  6
3581  8.0  -8.0  6
3582  12.0  -12.0  6
3583  8.0  -8.0  6
3584  12.0  -12.0  7
3585  8.0  -8.0  7
3586  12.0  -12.0  4
3587  12.0  -12.0  6
3588  12.0  -12.0  6
3589  8.0  -8.0  8
3590  12.0  -12.0  6
3591  12.0  -12.0  4
3592  12.0  -12.0  6
3593  12.0  -12.0  4
3594  8.0  -8.0  6
3595  12.0  -12.0  6
3596  8.0  -8.0  6
3597  8.0  -8.0  6
3598  12.0  -12.0  6
3599  12.0  -12.0  6
3600  8.0  -8.0  6
3601  12.0  -12.0  6
3602  8.0  -8.0  6
3603  8.0  -8.0  6
3604  8.0  -8.0  6
3605  12.0  -12.0  4
3606  12.0  -12.0  6
3607  12.0  -12.0  4
3608  8.0  -8.0  6
3609  8.0  -8.0  7
3610  8.0  -8.0  6
3611  8.0  -8.0  6
3612  8.0  -8.0  6
3613  12.0  -12.0  4
3614  12.0  -12.0  6
3615  14.0  -14.0  5
3616  8.0  -8.0  6
3617  12.0  -12.0  4
3618  8.0  -8.0  7
3619  8.0  -8.0  6
3620  8.0  -8.0  6
3621  8.0  -8.0  6
3622  8.0  -8.0  6
3623  8.0  -8.0  6
3624  14.0  -14.0  7
3625  8.0  -8.0  6
3626  12.0  -12.0  6
3627  8.0  -8.0  6
3628  12.0  -12.0  6
3629  8.0  -8.0  6
3630  12.0  -12.0  6
3631  12.0  -12.0  4
3632  12.0  -12.0  4
3633  8.0  -8.0  6
3634  8.0  -8.0  6
3635  12.0  -12.0  7
3636  12.0  -12.0  4
3637  12.0  -12.0  6
3638  8.0  -8.0  6
3639  12.0  -12.0  4
3640  14.0  -14.0  5
3641  8.0  -8.0  6
3642  8.0  -8.0  6
3643  8.0  -8.0  6
3644  8.0  -8.0  6
3645  12.0  -12.0  6
3646  16.0  -16.0  9
3647  8.0  -8.0  6
3648  8.0  -8.0  6
3649  12.0  -12.0  6
3650  12.0  -12.0  6
3651  12.0  -12.0  4
3652  12.0  -12.0  6
3653  8.0  -8.0  6
3654  8.0  -8.0  6
3655  12.0  -12.0  6
3656  12.0  -12.0  6
3657  8.0  -8.0  6
3658  8.0  -8.0  6
3659  14.0  -14.0  5
3660  12.0  -12.0  6
3661  12.0  -12.0  6
3662  8.0  -8.0  6
3663  8.0  -8.0  6
3664  8.0  -8.0  6
3665  8.0  -8.0  6
3666  8.0  -8.0  6
3667  12.0  -12.0  6
3668  8.0  -8.0  6
3669  12.0  -12.0  4
3670  8.0  -8.0  6
3671  8.0  -8.0  6
3672  12.0  -12.0  6
3673  12.0  -12.0  6
3674  8.0  -8.0  6
3675  12.0  -12.0  4
3676  8.0  -8.0  6
3677  12.0  -12.0  6
3678  12.0  -12.0  4
3679  12.0  -12.0  6
3680  12.0  -12.0  6
3681  8.0  -8.0  6
3682  8.0  -8.0  6
3683  12.0  -12.0  6
3684  8.0  -8.0  6
3685  8.0  -8.0  6
3686  12.0  -12.0  4
3687  12.0  -12.0  7
3688  8.0  -8.0  6
3689  14.0  -14.0  5
3690  12.0  -12.0  6
3691  8.0  -8.0  6
3692  8.0  -8.0  6
3693  12.0  -12.0  6
3694  12.0  -12.0  4
3695  12.0  -12.0  6
3696  8.0  -8.0  6
3697  8.0  -8.0  6
3698  12.0  -12.0  6
3699  12.0  -12.0  4
3700  8.0  -8.0  6
3701  8.0  -8.0  6
3702  12.0  -12.0  7
3703  12.0  -12.0  4
3704  8.0  -8.0  6
3705  12.0  -12.0  4
3706  8.0  -8.0  6
3707  8.0  -8.0  6
3708  8.0  -8.0  6
3709  12.0  -12.0  6
3710  12.0  -12.0  4
3711  12.0  -12.0  4
3712  8.0  -8.0  6
3713  12.0  -12.0  4
3714  8.0  -8.0  6
3715  8.0  -8.0  6
3716  8.0  -8.0  6
3717  8.0  -8.0  6
3718  12.0  -12.0  6
3719  8.0  -8.0  6
3720  8.0  -8.0  6
3721  12.0  -12.0  4
3722  12.0  -12.0  6
3723  12.0  -12.0  6
3724  12.0  -12.0  4
3725  12.0  -12.0  4
3726  14.0  -14.0  5
3727  12.0  -12.0  4
3728  8.0  -8.0  6
3729  8.0  -8.0  6
3730  8.0  -8.0  6
3731  8.0  -8.0  6
3732  12.0  -12.0  6
3733  12.0  -12.0  4
3734  8.0  -8.0  6
3735  12.0  -12.0  4
3736  8.0  -8.0  6
3737  8.0  -8.0  6
3738  8.0  -8.0  6
3739  12.0  -12.0  4
3740  12.0  -12.0  6
3741  8.0  -8.0  6
3742  8.0  -8.0  6
3743  12.0  -12.0  4
3744  8.0  -8.0  6
3745  12.0  -12.0  4
3746  12.0  -12.0  6
3747  12.0  -12.0  4
3748  12.0  -12.0  4
3749  8.0  -8.0  6
3750  8.0  -8.0  6
3751  12.0  -12.0  6
3752  12.0  -12.0  6
3753  12.0  -12.0  6
3754  0.0  0.0  100
3755  12.0  -12.0  4
3756  8.0  -8.0  6
3757  8.0  -8.0  6
3758  12.0  -12.0  6
3759  8.0  -8.0  6
3760  12.0  -12.0  4
3761  8.0  -8.0  6
3762  8.0  -8.0  6
3763  8.0  -8.0  6
3764  8.0  -8.0  6
3765  12.0  -12.0  4
3766  8.0  -8.0  6
3767  8.0  -8.0  6
3768  8.0  -8.0  6
3769  8.0  -8.0  6
3770  12.0  -12.0  4
3771  12.0  -12.0  6
3772  8.0  -8.0  6
3773  8.0  -8.0  6
3774  8.0  -8.0  6
3775  12.0  -12.0  4
3776  12.0  -12.0  4
3777  12.0  -12.0  4
3778  8.0  -8.0  6
3779  8.0  -8.0  6
3780  12.0  -12.0  4
3781  12.0  -12.0  7
3782  12.0  -12.0  6
3783  8.0  -8.0  6
3784  12.0  -12.0  4
3785  12.0  -12.0  6
3786  12.0  -12.0  6
3787  8.0  -8.0  6
3788  14.0  -14.0  7
3789  12.0  -12.0  4
3790  0.0  0.0  100
3791  8.0  -8.0  6
3792  12.0  -12.0  9
3793  8.0  -8.0  6
3794  8.0  -8.0  6
3795  12.0  -12.0  4
3796  8.0  -8.0  6
3797  8.0  -8.0  6
3798  8.0  -8.0  6
3799  12.0  -12.0  4
3800  8.0  -8.0  6
3801  8.0  -8.0  6
3802  12.0  -12.0  6
3803  8.0  -8.0  6
3804  12.0  -12.0  6
3805  12.0  -12.0  7
3806  8.0  -8.0  6
3807  8.0  -8.0  6
3808  12.0  -12.0  6
3809  8.0  -8.0  6
3810  8.0  -8.0  6
3811  8.0  -8.0  7
3812  12.0  -12.0  4
3813  8.0  -8.0  6
3814  12.0  -12.0  4
3815  8.0  -8.0  6
3816  8.0  -8.0  6
3817  8.0  -8.0  6
3818  8.0  -8.0  7
3819  12.0  -12.0  6
3820  12.0  -12.0  4
3821  12.0  -12.0  4
3822  12.0  -12.0  7
3823  12.0  -12.0  6
3824  8.0  -8.0  6
3825  12.0  -12.0  4
3826  8.0  -8.0  6
3827  12.0  -12.0  4
3828  12.0  -12.0  4
3829  8.0  -8.0  6
3830  8.0  -8.0  6
3831  12.0  -12.0  6
3832  12.0  -12.0  7
3833  12.0  -12.0  4
3834  8.0  -8.0  6
3835  8.0  -8.0  6
3836  8.0  -8.0  6
3837  12.0  -12.0  6
3838  8.0  -8.0  6
3839  12.0  -12.0  6
3840  8.0  -8.0  6
3841  8.0  -8.0  6
3842  12.0  -12.0  6
3843  8.0  -8.0  6
3844  12.0  -12.0  4
3845  12.0  -12.0  6
3846  8.0  -8.0  6
3847  14.0  -14.0  7
3848  12.0  -12.0  6
3849  8.0  -8.0  6
3850  12.0  -12.0  4
3851  8.0  -8.0  6
3852  12.0  -12.0  7
3853  8.0  -8.0  6
3854  8.0  -8.0  6
3855  8.0  -8.0  6
3856  12.0  -12.0  4
3857  12.0  -12.0  6
3858  8.0  -8.0  6
3859  8.0  -8.0  6
3860  8.0  -8.0  7
3861  8.0  -8.0  6
3862  8.0  -8.0  6
3863  8.0  -8.0  6
3864  8.0  -8.0  6
3865  8.0  -8.0  6
3866  8.0  -8.0  6
3867  12.0  -12.0  6
3868  12.0  -12.0  4
3869  8.0  -8.0  6
3870  12.0  -12.0  4
3871  8.0  -8.0  7
3872  12.0  -12.0  9
3873  8.0  -8.0  7
3874  8.0  -8.0  6
3875  12.0  -12.0  4
3876  8.0  -8.0  6
3877  12.0  -12.0  4
3878  12.0  -12.0  6
3879  8.0  -8.0  9
3880  8.0  -8.0  6
3881  8.0  -8.0  6
3882  14.0  -14.0  7
3883  12.0  -12.0  6
3884  12.0  -12.0  6
3885  8.0  -8.0  6
3886  8.0  -8.0  6
3887  8.0  -8.0  6
3888  8.0  -8.0  6
3889  8.0  -8.0  6
3890  8.0  -8.0  6
3891  14.0  -14.0  5
3892  8.0  -8.0  6
3893  12.0  -12.0  6
3894  12.0  -12.0  4
3895  8.0  -8.0  6
3896  12.0  -12.0  4
3897  12.0  -12.0  6
3898  12.0  -12.0  6
3899  12.0  -12.0  6
3900  8.0  -8.0  6
3901  14.0  -14.0  5
3902  12.0  -12.0  4
3903  8.0  -8.0  6
3904  8.0  -8.0  8
3905  12.0  -12.0  6
3906  8.0  -8.0  6
3907  12.0  -12.0  6
3908  12.0  -12.0  4
3909  12.0  -12.0  6
3910  8.0  -8.0  6
3911  12.0  -12.0  6
3912  8.0  -8.0  6
3913  8.0  -8.0  6
3914  8.0  -8.0  7
3915  8.0  -8.0  6
3916  8.0  -8.0  6
3917  12.0  -12.0  6
3918  12.0  -12.0  6
3919  12.0  -12.0  4
3920  8.0  -8.0  6
3921  8.0  -8.0  6
3922  12.0  -12.0  4
3923  12.0  -12.0  6
3924  8.0  -8.0  7
3925  8.0  -8.0  6
3926  8.0  -8.0  6
3927  12.0  -12.0  6
3928  12.0  -12.0  4
3929  14.0  -14.0  7
3930  8.0  -8.0  7
3931  8.0  -8.0  6
3932  12.0  -12.0  6
3933  8.0  -8.0  6
3934  8.0  -8.0  6
3935  8.0  -8.0  6
3936  12.0  -12.0  6
3937  8.0  -8.0  6
3938  8.0  -8.0  6
3939  8.0  -8.0  6
3940  12.0  -12.0  6
3941  8.0  -8.0  6
3942  12.0  -12.0  4
3943  12.0  -12.0  6
3944  8.0  -8.0  6
3945  8.0  -8.0  6
3946  12.0  -12.0  4
3947  12.0  -12.0  6
3948  12.0  -12.0  4
3949  12.0  -12.0  6
3950  12.0  -12.0  4
3951  8.0  -8.0  6
3952  8.0  -8.0  6
3953  12.0  -12.0  6
3954  8.0  -8.0  6
3955  8.0  -8.0  6
3956  8.0  -8.0  6
3957  12.0  -12.0  4
3958  12.0  -12.0  4
3959  12.0  -12.0  4
3960  8.0  -8.0  6
3961  12.0  -12.0  4
3962  8.0  -8.0  6
3963  12.0  -12.0  6
3964  14.0  -14.0  7
3965  12.0  -12.0  6
3966  12.0  -12.0  4
3967  8.0  -8.0  6
3968  8.0  -8.0  6
3969  8.0  -8.0  6
3970  12.0  -12.0  6
3971  12.0  -12.0  4
3972  8.0  -8.0  6
3973  12.0  -12.0  6
3974  12.0  -12.0  4
3975  8.0  -8.0  6
3976  8.0  -8.0  6
3977  14.0  -14.0  5
3978  8.0  -8.0  6
3979  12.0  -12.0  6
3980  12.0  -12.0  6
3981  8.0  -8.0  6
3982  8.0  -8.0  6
3983  8.0  -8.0  6
3984  8.0  -8.0  6
3985  8.0  -8.0  6
3986  8.0  -8.0  7
3987  12.0  -12.0  6
3988  8.0  -8.0  6
3989  12.0  -12.0  4
3990  8.0  -8.0  6
3991  8.0  -8.0  6
3992  12.0  -12.0  6
3993  8.0  -8.0  6
3994  12.0  -12.0  4
3995  8.0  -8.0  6
3996  12.0  -12.0  7
3997  8.0  -8.0  6
3998  8.0  -8.0  6
3999  12.0  -12.0  4
4000  8.0  -8.0  6
4001  12.0  -12.0  7
4002  12.0  -12.0  6
4003  8.0  -8.0  6
4004  12.0  -12.0  6
4005  12.0  -12.0  4
4006  8.0  -8.0  6
4007  8.0  -8.0  6
4008  8.0  -8.0  6
4009  8.0  -8.0  6
4010  8.0  -8.0  7
4011  8.0  -8.0  6
4012  12.0  -12.0  6
4013  12.0  -12.0  4
4014  12.0  -12.0  6
4015  12.0  -12.0  6
4016  12.0  -12.0  4
4017  8.0  -8.0  6
4018  12.0  -12.0  6
4019  8.0  -8.0  6
4020  12.0  -12.0  4
4021  12.0  -12.0  6
4022  12.0  -12.0  6
4023  8.0  -8.0  8
4024  12.0  -12.0  6
4025  8.0  -8.0  6
4026  8.0  -8.0  6
4027  8.0  -8.0  6
4028  8.0  -8.0  6
4029  12.0  -12.0  4
4030  12.0  -12.0  6
4031  8.0  -8.0  6
4032  8.0  -8.0  6
4033  12.0  -12.0  7
4034  12.0  -12.0  4
4035  12.0  -12.0  6
4036  12.0  -12.0  4
4037  8.0  -8.0  6
4038  8.0  -8.0  6
4039  12.0  -12.0  6
4040  8.0  -8.0  6
4041  12.0  -12.0  6
4042  12.0  -12.0  6
4043  12.0  -12.0  6
4044  12.0  -12.0  7
4045  8.0  -8.0  7
4046  12.0  -12.0  4
4047  12.0  -12.0  6
4048  12.0  -12.0  4
4049  8.0  -8.0  6
4050  8.0  -8.0  6
4051  8.0  -8.0  6
4052  12.0  -12.0  4
4053  12.0  -12.0  6
4054  12.0  -12.0  4
4055  8.0  -8.0  6
4056  8.0  -8.0  6
4057  8.0  -8.0  6
4058  8.0  -8.0  7
4059  8.0  -8.0  6
4060  8.0  -8.0  6
4061  12.0  -12.0  4
4062  8.0  -8.0  6
4063  12.0  -12.0  6
4064  12.0  -12.0  4
4065  12.0  -12.0  4
4066  8.0  -8.0  6
4067  12.0  -12.0  6
4068  8.0  -8.0  6
4069  8.0  -8.0  6
4070  8.0  -8.0  6
4071  8.0  -8.0  6
4072  8.0  -8.0  6
4073  8.0  -8.0  6
4074  12.0  -12.0  4
4075  8.0  -8.0  6
4076  12.0  -12.0  6
4077  12.0  -12.0  6
4078  12.0  -12.0  4
4079  8.0  -8.0  6
4080  12.0  -12.0  6
4081  12.0  -12.0  4
4082  12.0  -12.0  4
4083  8.0  -8.0  6
4084  8.0  -8.0  6
4085  8.0  -8.0  6
4086  8.0  -8.0  6
4087  8.0  -8.0  6
4088  8.0  -8.0  6
4089  8.0  -8.0  6
4090  8.0  -8.0  6
4091  12.0  -12.0  4
4092  0.0  0.0  100
4093  8.0  -8.0  7
4094  12.0  -12.0  4
4095  12.0  -12.0  4
4096  8.0  -8.0  6
4097  12.0  -12.0  4
4098  8.0  -8.0  6
4099  8.0  -8.0  6
4100  12.0  -12.0  4
4101  8.0  -8.0  6
4102  12.0  -12.0  6
4103  12.0  -12.0  4
4104  12.0  -12.0  4
4105  8.0  -8.0  6
4106  12.0  -12.0  6
4107  8.0  -8.0  6
4108  12.0  -12.0  9
4109  8.0  -8.0  6
4110  8.0  -8.0  6
4111  8.0  -8.0  6
4112  12.0  -12.0  6
4113  8.0  -8.0  6
4114  12.0  -12.0  6
4115  8.0  -8.0  6
4116  8.0  -8.0  6
4117  12.0  -12.0  6
4118  8.0  -8.0  7
4119  8.0  -8.0  6
4120  8.0  -8.0  6
4121  12.0  -12.0  4
4122  8.0  -8.0  6
4123  12.0  -12.0  6
4124  12.0  -12.0  4
4125  8.0  -8.0  6
4126  8.0  -8.0  6
4127  8.0  -8.0  6
4128  8.0  -8.0  6
4129  10.0  -10.0  7
4130  12.0  -12.0  4
4131  8.0  -8.0  6
4132  12.0  -12.0  6
4133  8.0  -8.0  6
4134  8.0  -8.0  6
4135  8.0  -8.0  6
4136  12.0  -12.0  4
4137  12.0  -12.0  4
4138  12.0  -12.0  7
4139  8.0  -8.0  6
4140  8.0  -8.0  6
4141  8.0  -8.0  6
4142  12.0  -12.0  4
4143  12.0  -12.0  4
4144  12.0  -12.0  4
4145  12.0  -12.0  4
4146  8.0  -8.0  6
4147  8.0  -8.0  6
4148  12.0  -12.0  4
4149  8.0  -8.0  6
4150  8.0  -8.0  6
4151  12.0  -12.0  6
4152  14.0  -14.0  7
4153  12.0  -12.0  6
4154  12.0  -12.0  7
4155  8.0  -8.0  6
4156  12.0  -12.0  4
4157  8.0  -8.0  6
4158  8.0  -8.0  6
4159  14.0  -14.0  7
4160  8.0  -8.0  6
4161  12.0  -12.0  4
4162  12.0  -12.0  6
4163  8.0  -8.0  6
4164  8.0  -8.0  6
4165  8.0  -8.0  6
4166  8.0  -8.0  6
4167  8.0  -8.0  6
4168  8.0  -8.0  7
4169  12.0  -12.0  6
4170  8.0  -8.0  6
4171  8.0  -8.0  6
4172  8.0  -8.0  6
4173  8.0  -8.0  6
4174  12.0  -12.0  4
4175  8.0  -8.0  6
4176  8.0  -8.0  6
4177  8.0  -8.0  7
4178  8.0  -8.0  6
4179  8.0  -8.0  6
4180  12.0  -12.0  4
4181  8.0  -8.0  6
4182  8.0  -8.0  6
4183  8.0  -8.0  6
4184  8.0  -8.0  6
4185  14.0  -14.0  5
4186  12.0  -12.0  4
4187  12.0  -12.0  6
4188  8.0  -8.0  6
4189  8.0  -8.0  7
4190  12.0  -12.0  6
4191  8.0  -8.0  6
4192  8.0  -8.0  6
4193  12.0  -12.0  4
4194  12.0  -12.0  6
4195  8.0  -8.0  6
4196  12.0  -12.0  6
4197  8.0  -8.0  6
4198  12.0  -12.0  6
4199  8.0  -8.0  6
4200  12.0  -12.0  6
4201  12.0  -12.0  6
4202  8.0  -8.0  6
4203  8.0  -8.0  6
4204  8.0  -8.0  6
4205  8.0  -8.0  6
4206  8.0  -8.0  6
4207  8.0  -8.0  6
4208  12.0  -12.0  4
4209  8.0  -8.0  6
4210  8.0  -8.0  6
4211  8.0  -8.0  6
4212  12.0  -12.0  6
4213  8.0  -8.0  7
4214  8.0  -8.0  6
4215  12.0  -12.0  6
4216  12.0  -12.0  6
4217  12.0  -12.0  6
4218  8.0  -8.0  7
4219  8.0  -8.0  6
4220  8.0  -8.0  6
4221  12.0  -12.0  4
4222  8.0  -8.0  8
4223  12.0  -12.0  4
4224  12.0  -12.0  4
4225  8.0  -8.0  6
4226  12.0  -12.0  4
4227  12.0  -12.0  6
4228  8.0  -8.0  6
4229  12.0  -12.0  4
4230  8.0  -8.0  7
4231  8.0  -8.0  6
4232  8.0  -8.0  6
4233  12.0  -12.0  4
4234  12.0  -12.0  4
4235  12.0  -12.0  6
4236  12.0  -12.0  4
4237  8.0  -8.0  7
4238  12.0  -12.0  6
4239  12.0  -12.0  4
4240  12.0  -12.0  7
4241  8.0  -8.0  6
4242  8.0  -8.0  6
4243  0.0  0.0  100
4244  12.0  -12.0  4
4245  12.0  -12.0  4
4246  12.0  -12.0  6
4247  8.0  -8.0  6
4248  8.0  -8.0  6
4249  12.0  -12.0  6
4250  14.0  -14.0  7
4251  8.0  -8.0  6
4252  12.0  -12.0  6
4253  8.0  -8.0  6
4254  8.0  -8.0  6
4255  8.0  -8.0  6
4256  12.0  -12.0  4
4257  12.0  -12.0  4
4258  8.0  -8.0  6
4259  8.0  -8.0  6
4260  12.0  -12.0  4
4261  12.0  -12.0  4
4262  12.0  -12.0  4
4263  12.0  -12.0  6
4264  12.0  -12.0  4
4265  12.0  -12.0  4
4266  12.0  -12.0  4
4267  12.0  -12.0  6
4268  8.0  -8.0  6
4269  8.0  -8.0  6
4270  12.0  -12.0  4
4271  12.0  -12.0  4
4272  12.0  -12.0  4
4273  12.0  -12.0  4
4274  8.0  -8.0  6
4275  8.0  -8.0  6
4276  12.0  -12.0  6
4277  12.0  -12.0  4
4278  8.0  -8.0  7
4279  12.0  -12.0  6
4280  12.0  -12.0  4
4281  12.0  -12.0  6
4282  8.0  -8.0  6
4283  12.0  -12.0  6
4284  12.0  -12.0  4
4285  8.0  -8.0  6
4286  8.0  -8.0  6
4287  8.0  -8.0  6
4288  12.0  -12.0  6
4289  8.0  -8.0  6
4290  12.0  -12.0  6
4291  14.0  -14.0  7
4292  8.0  -8.0  6
4293  12.0  -12.0  4
4294  12.0  -12.0  6
4295  8.0  -8.0  6
4296  14.0  -14.0  7
4297  12.0  -12.0  6
4298  12.0  -12.0  6
4299  12.0  -12.0  4
4300  12.0  -12.0  6
4301  12.0  -12.0  6
4302  12.0  -12.0  4
4303  12.0  -12.0  6
4304  12.0  -12.0  6
4305  8.0  -8.0  6
4306  12.0  -12.0  7
4307  12.0  -12.0  6
4308  12.0  -12.0  6
4309  8.0  -8.0  6
4310  12.0  -12.0  4
4311  8.0  -8.0  7
4312  8.0  -8.0  6
4313  12.0  -12.0  6
4314  8.0  -8.0  6
4315  8.0  -8.0  6
4316  8.0  -8.0  6
4317  8.0  -8.0  6
4318  12.0  -12.0  6
4319  14.0  -14.0  7
4320  8.0  -8.0  6
4321  8.0  -8.0  6
4322  8.0  -8.0  6
4323  12.0  -12.0  6
4324  8.0  -8.0  6
4325  8.0  -8.0  6
4326  12.0  -12.0  4
4327  8.0  -8.0  6
4328  8.0  -8.0  6
4329  8.0  -8.0  6
4330  8.0  -8.0  6
4331  8.0  -8.0  6
4332  12.0  -12.0  6
4333  12.0  -12.0  6
4334  8.0  -8.0  6
4335  8.0  -8.0  6
4336  12.0  -12.0  6
4337  12.0  -12.0  6
4338  8.0  -8.0  8
4339  8.0  -8.0  6
4340  12.0  -12.0  6
4341  12.0  -12.0  6
4342  14.0  -14.0  5
4343  12.0  -12.0  6
4344  8.0  -8.0  6
4345  12.0  -12.0  6
4346  8.0  -8.0  6
4347  8.0  -8.0  6
4348  8.0  -8.0  7
4349  8.0  -8.0  6
4350  12.0  -12.0  6
4351  0.0  0.0  100
4352  8.0  -8.0  6
4353  12.0  -12.0  6
4354  12.0  -12.0  6
4355  8.0  -8.0  6
4356  12.0  -12.0  6
4357  12.0  -12.0  4
4358  8.0  -8.0  6
4359  8.0  -8.0  6
4360  12.0  -12.0  4
4361  12.0  -12.0  4
4362  8.0  -8.0  6
4363  8.0  -8.0  6
4364  8.0  -8.0  6
4365  14.0  -14.0  7
4366  12.0  -12.0  6
4367  14.0  -14.0  7
4368  12.0  -12.0  4
4369  8.0  -8.0  6
4370  14.0  -14.0  7
4371  8.0  -8.0  6
4372  12.0  -12.0  4
4373  12.0  -12.0  6
4374  12.0  -12.0  6
4375  12.0  -12.0  6
4376  12.0  -12.0  6
4377  8.0  -8.0  6
4378  8.0  -8.0  6
4379  12.0  -12.0  4
4380  8.0  -8.0  6
4381  12.0  -12.0  4
4382  12.0  -12.0  7
4383  8.0  -8.0  6
4384  8.0  -8.0  6
4385  14.0  -14.0  7
4386  14.0  -14.0  5
4387  12.0  -12.0  6
4388  8.0  -8.0  6
4389  8.0  -8.0  6
4390  8.0  -8.0  6
4391  8.0  -8.0  6
4392  8.0  -8.0  6
4393  12.0  -12.0  6
4394  12.0  -12.0  4
4395  12.0  -12.0  4
4396  12.0  -12.0  4
4397  8.0  -8.0  6
4398  8.0  -8.0  6
4399  12.0  -12.0  6
4400  8.0  -8.0  6
4401  12.0  -12.0  6
4402  12.0  -12.0  4
4403  12.0  -12.0  4
4404  8.0  -8.0  6
4405  12.0  -12.0  7
4406  12.0  -12.0  4
4407  12.0  -12.0  4
4408  12.0  -12.0  6
4409  8.0  -8.0  6
4410  12.0  -12.0  4
4411  12.0  -12.0  6
4412  8.0  -8.0  6
4413  8.0  -8.0  6
4414  8.0  -8.0  6
4415  8.0  -8.0  6
4416  8.0  -8.0  6
4417  8.0  -8.0  6
4418  12.0  -12.0  4
4419  12.0  -12.0  4
4420  8.0  -8.0  6
4421  12.0  -12.0  6
4422  12.0  -12.0  6
4423  8.0  -8.0  6
4424  12.0  -12.0  4
4425  8.0  -8.0  6
4426  8.0  -8.0  6
4427  12.0  -12.0  6
4428  12.0  -12.0  4
4429  8.0  -8.0  6
4430  12.0  -12.0  4
4431  12.0  -12.0  7
4432  8.0  -8.0  6
4433  8.0  -8.0  6
4434  8.0  -8.0  6
4435  8.0  -8.0  6
4436  8.0  -8.0  6
4437  8.0  -8.0  6
4438  8.0  -8.0  6
4439  8.0  -8.0  6
4440  12.0  -12.0  4
4441  8.0  -8.0  6
4442  12.0  -12.0  6
4443  12.0  -12.0  6
4444  12.0  -12.0  6
4445  8.0  -8.0  6
4446  8.0  -8.0  6
4447  8.0  -8.0  6
4448  8.0  -8.0  6
4449  12.0  -12.0  6
4450  12.0  -12.0  6
4451  8.0  -8.0  6
4452  8.0  -8.0  6
4453  12.0  -12.0  6
4454  12.0  -12.0  6
4455  8.0  -8.0  6
4456  8.0  -8.0  6
4457  8.0  -8.0  6
4458  12.0  -12.0  6
4459  8.0  -8.0  6
4460  12.0  -12.0  4
4461  8.0  -8.0  6
4462  8.0  -8.0  6
4463  12.0  -12.0  6
4464  12.0  -12.0  4
4465  8.0  -8.0  6
4466  12.0  -12.0  4
4467  8.0  -8.0  6
4468  12.0  -12.0  4
4469  12.0  -12.0  6
4470  8.0  -8.0  6
4471  8.0  -8.0  6
4472  12.0  -12.0  6
4473  8.0  -8.0  7
4474  8.0  -8.0  6
4475  8.0  -8.0  6
4476  8.0  -8.0  6
4477  8.0  -8.0  6
4478  8.0  -8.0  6
4479  8.0  -8.0  6
4480  8.0  -8.0  6
4481  8.0  -8.0  6
4482  8.0  -8.0  6
4483  8.0  -8.0  6
4484  8.0  -8.0  6
4485  12.0  -12.0  4
4486  8.0  -8.0  6
4487  8.0  -8.0  6
4488  12.0  -12.0  6
4489  8.0  -8.0  6
4490  8.0  -8.0  6
4491  8.0  -8.0  7
4492  8.0  -8.0  6
4493  8.0  -8.0  6
4494  8.0  -8.0  6
4495  8.0  -8.0  6
4496  12.0  -12.0  4
4497  12.0  -12.0  7
4498  12.0  -12.0  6
4499  8.0  -8.0  8
4500  8.0  -8.0  6
4501  12.0  -12.0  6
4502  8.0  -8.0  6
4503  12.0  -12.0  4
4504  8.0  -8.0  6
4505  8.0  -8.0  6
4506  12.0  -12.0  6
4507  8.0  -8.0  6
4508  12.0  -12.0  4
4509  8.0  -8.0  7
4510  8.0  -8.0  6
4511  12.0  -12.0  4
4512  8.0  -8.0  6
4513  12.0  -12.0  4
4514  8.0  -8.0  6
4515  12.0  -12.0  6
4516  8.0  -8.0  6
4517  12.0  -12.0  6
4518  8.0  -8.0  6
4519  8.0  -8.0  6
4520  8.0  -8.0  6
4521  12.0  -12.0  4
4522  8.0  -8.0  6
4523  12.0  -12.0  6
4524  8.0  -8.0  6
4525  12.0  -12.0  7
4526  12.0  -12.0  4
4527  8.0  -8.0  6
4528  8.0  -8.0  6
4529  8.0  -8.0  6
4530  8.0  -8.0  6
4531  12.0  -12.0  4
4532  12.0  -12.0  4
4533  12.0  -12.0  6
4534  12.0  -12.0  6
4535  0.0  0.0  100
4536  12.0  -12.0  4
4537  14.0  -14.0  7
4538  8.0  -8.0  6
4539  12.0  -12.0  6
4540  12.0  -12.0  4
4541  12.0  -12.0  4
4542  12.0  -12.0  6
4543  14.0  -14.0  7
4544  12.0  -12.0  4
4545  12.0  -12.0  6
4546  12.0  -12.0  4
4547  8.0  -8.0  6
4548  8.0  -8.0  6
4549  8.0  -8.0  6
4550  8.0  -8.0  6
4551  12.0  -12.0  6
4552  8.0  -8.0  6
4553  12.0  -12.0  6
4554  12.0  -12.0  6
4555  8.0  -8.0  6
4556  8.0  -8.0  6
4557  12.0  -12.0  4
4558  8.0  -8.0  6
4559  12.0  -12.0  6
4560  12.0  -12.0  6
4561  8.0  -8.0  6
4562  12.0  -12.0  6
4563  8.0  -8.0  6
4564  8.0  -8.0  7
4565  8.0  -8.0  6
4566  12.0  -12.0  6
4567  8.0  -8.0  6
4568  8.0  -8.0  6
4569  14.0  -14.0  5
4570  12.0  -12.0  6
4571  8.0  -8.0  6
4572  12.0  -12.0  6
4573  8.0  -8.0  6
4574  12.0  -12.0  7
4575  8.0  -8.0  6
4576  12.0  -12.0  7
4577  12.0  -12.0  4
4578  8.0  -8.0  6
4579  8.0  -8.0  6
4580  12.0  -12.0  6
4581  12.0  -12.0  4
4582  12.0  -12.0  4
4583  14.0  -14.0  5
4584  12.0  -12.0  6
4585  12.0  -12.0  6
4586  12.0  -12.0  4
4587  8.0  -8.0  6
4588  12.0  -12.0  4
4589  8.0  -8.0  6
4590  8.0  -8.0  6
4591  8.0  -8.0  8
4592  8.0  -8.0  6
4593  12.0  -12.0  4
4594  8.0  -8.0  6
4595  8.0  -8.0  6
4596  8.0  -8.0  6
4597  12.0  -12.0  4
4598  12.0  -12.0  6
4599  12.0  -12.0  4
4600  12.0  -12.0  4
4601  8.0  -8.0  6
4602  8.0  -8.0  6
4603  8.0  -8.0  6
4604  8.0  -8.0  6
4605  8.0  -8.0  6
4606  8.0  -8.0  6
4607  12.0  -12.0  6
4608  8.0  -8.0  6
4609  12.0  -12.0  6
4610  8.0  -8.0  6
4611  12.0  -12.0  6
4612  12.0  -12.0  4
4613  12.0  -12.0  4
4614  12.0  -12.0  6
4615  12.0  -12.0  6
4616  8.0  -8.0  6
4617  8.0  -8.0  6
4618  12.0  -12.0  4
4619  8.0  -8.0  6
4620  8.0  -8.0  6
4621  8.0  -8.0  6
4622  8.0  -8.0  6
4623  12.0  -12.0  4
4624  12.0  -12.0  4
4625  12.0  -12.0  6
4626  8.0  -8.0  6
4627  12.0  -12.0  6
4628  8.0  -8.0  6
4629  0.0  0.0  100
4630  8.0  -8.0  6
4631  8.0  -8.0  6
4632  8.0  -8.0  6
4633  8.0  -8.0  6
4634  8.0  -8.0  6
4635  8.0  -8.0  6
4636  8.0  -8.0  6
4637  8.0  -8.0  8
4638  12.0  -12.0  4
4639  8.0  -8.0  6
4640  8.0  -8.0  6
4641  12.0  -12.0  4
4642  8.0  -8.0  6
4643  12.0  -12.0  4
4644  12.0  -12.0  6
4645  8.0  -8.0  6
4646  12.0  -12.0  6
4647  12.0  -12.0  4
4648  12.0  -12.0  6
4649  8.0  -8.0  6
4650  8.0  -8.0  6
4651  12.0  -12.0  6
4652  8.0  -8.0  6
4653  12.0  -12.0  6
4654  12.0  -12.0  4
4655  8.0  -8.0  6
4656  8.0  -8.0  6
4657  12.0  -12.0  6
4658  12.0  -12.0  4
4659  14.0  -14.0  7
4660  12.0  -12.0  6
4661  8.0  -8.0  6
4662  12.0  -12.0  6
4663  12.0  -12.0  6
4664  12.0  -12.0  6
4665  12.0  -12.0  6
4666  8.0  -8.0  6
4667  12.0  -12.0  4
4668  8.0  -8.0  6
4669  8.0  -8.0  6
4670  12.0  -12.0  6
4671  8.0  -8.0  7
4672  12.0  -12.0  6
4673  14.0  -14.0  5
4674  8.0  -8.0  6
4675  12.0  -12.0  6
4676  8.0  -8.0  6
4677  8.0  -8.0  6
4678  8.0  -8.0  6
4679  8.0  -8.0  6
4680  14.0  -14.0  7
4681  12.0  -12.0  4
4682  8.0  -8.0  6
4683  12.0  -12.0  6
4684  8.0  -8.0  7
4685  12.0  -12.0  6
4686  12.0  -12.0  6
4687  8.0  -8.0  6
4688  14.0  -14.0  8
4689  12.0  -12.0  4
4690  8.0  -8.0  6
4691  12.0  -12.0  4
4692  8.0  -8.0  6
4693  12.0  -12.0  6
4694  8.0  -8.0  6
4695  12.0  -12.0  6
4696  12.0  -12.0  4
4697  8.0  -8.0  6
4698  12.0  -12.0  6
4699  8.0  -8.0  6
4700  8.0  -8.0  6
4701  12.0  -12.0  4
4702  8.0  -8.0  6
4703  12.0  -12.0  6
4704  8.0  -8.0  6
4705  12.0  -12.0  4
4706  12.0  -12.0  6
4707  12.0  -12.0  4
4708  8.0  -8.0  6
4709  8.0  -8.0  6
4710  8.0  -8.0  6
4711  12.0  -12.0  4
4712  8.0  -8.0  6
4713  8.0  -8.0  6
4714  8.0  -8.0  6
4715  8.0  -8.0  6
4716  8.0  -8.0  6
4717  8.0  -8.0  6
4718  8.0  -8.0  6
4719  12.0  -12.0  6
4720  12.0  -12.0  6
4721  8.0  -8.0  6
4722  8.0  -8.0  6
4723  8.0  -8.0  6
4724  8.0  -8.0  6
4725  12.0  -12.0  4
4726  8.0  -8.0  6
4727  12.0  -12.0  6
4728  12.0  -12.0  6
4729  8.0  -8.0  6
4730  14.0  -14.0  7
4731  12.0  -12.0  4
4732  12.0  -12.0  4
4733  8.0  -8.0  6
4734  8.0  -8.0  6
4735  8.0  -8.0  6
4736  8.0  -8.0  6
4737  12.0  -12.0  4
4738  8.0  -8.0  6
4739  12.0  -12.0  6
4740  8.0  -8.0  7
4741  8.0  -8.0  6
4742  8.0  -8.0  6
4743  8.0  -8.0  6
4744  8.0  -8.0  6
4745  12.0  -12.0  6
4746  8.0  -8.0  6
4747  8.0  -8.0  6
4748  12.0  -12.0  4
4749  12.0  -12.0  6
4750  8.0  -8.0  6
4751  12.0  -12.0  6
4752  12.0  -12.0  4
4753  8.0  -8.0  6
4754  12.0  -12.0  6
4755  8.0  -8.0  6
4756  12.0  -12.0  4
4757  0.0  0.0  100
4758  8.0  -8.0  6
4759  8.0  -8.0  6
4760  8.0  -8.0  6
4761  12.0  -12.0  7
4762  12.0  -12.0  4
4763  8.0  -8.0  6
4764  8.0  -8.0  6
4765  8.0  -8.0  6
4766  8.0  -8.0  6
4767  12.0  -12.0  6
4768  12.0  -12.0  6
4769  8.0  -8.0  6
4770  8.0  -8.0  6
4771  8.0  -8.0  7
4772  8.0  -8.0  6
4773  12.0  -12.0  6
4774  12.0  -12.0  7
4775  8.0  -8.0  6
4776  8.0  -8.0  6
4777  8.0  -8.0  6
4778  12.0  -12.0  4
4779  8.0  -8.0  7
4780  8.0  -8.0  6
4781  12.0  -12.0  4
4782  8.0  -8.0  6
4783  8.0  -8.0  6
4784  12.0  -12.0  4
4785  12.0  -12.0  4
4786  8.0  -8.0  6
4787  8.0  -8.0  6
4788  8.0  -8.0  6
4789  12.0  -12.0  4
4790  8.0  -8.0  6
4791  12.0  -12.0  4
4792  8.0  -8.0  6
4793  12.0  -12.0  6
4794  8.0  -8.0  6
4795  8.0  -8.0  6
4796  12.0  -12.0  4
4797  8.0  -8.0  6
4798  12.0  -12.0  4
4799  8.0  -8.0  6
4800  8.0  -8.0  7
4801  8.0  -8.0  6
4802  12.0  -12.0  4
4803  8.0  -8.0  6
4804  12.0  -12.0  6
4805  8.0  -8.0  6
4806  14.0  -14.0  7
4807  8.0  -8.0  6
4808  12.0  -12.0  4
4809  8.0  -8.0  6
4810  8.0  -8.0  6
4811  12.0  -12.0  4
4812  12.0  -12.0  4
4813  8.0  -8.0  6
4814  12.0  -12.0  6
4815  8.0  -8.0  7
4816  8.0  -8.0  6
4817  8.0  -8.0  6
4818  12.0  -12.0  6
4819  12.0  -12.0  4
4820  8.0  -8.0  6
4821  8.0  -8.0  6
4822  8.0  -8.0  6
4823  8.0  -8.0  6
4824  12.0  -12.0  6
4825  12.0  -12.0  4
4826  12.0  -12.0  6
4827  12.0  -12.0  6
4828  12.0  -12.0  4
4829  8.0  -8.0  6
4830  12.0  -12.0  4
4831  8.0  -8.0  6
4832  8.0  -8.0  6
4833  12.0  -12.0  4
4834  14.0  -14.0  7
4835  12.0  -12.0  6
4836  12.0  -12.0  4
4837  12.0  -12.0  4
4838  8.0  -8.0  6
4839  12.0  -12.0  4
4840  8.0  -8.0  6
4841  12.0  -12.0  6
4842  8.0  -8.0  6
4843  12.0  -12.0  6
4844  12.0  -12.0  6
4845  8.0  -8.0  6
4846  8.0  -8.0  6
4847  8.0  -8.0  7
4848  8.0  -8.0  6
4849  8.0  -8.0  6
4850  12.0  -12.0  4
4851  12.0  -12.0  4
4852  8.0  -8.0  6
4853  8.0  -8.0  6
4854  8.0  -8.0  6
4855  12.0  -12.0  6
4856  12.0  -12.0  6
4857  8.0  -8.0  6
4858  8.0  -8.0  6
4859  12.0  -12.0  6
4860  8.0  -8.0  6
4861  12.0  -12.0  4
4862  8.0  -8.0  6
4863  8.0  -8.0  6
4864  12.0  -12.0  6
4865  8.0  -8.0  6
4866  8.0  -8.0  6
4867  8.0  -8.0  6
4868  12.0  -12.0  6
4869  8.0  -8.0  6
4870  12.0  -12.0  6
4871  8.0  -8.0  6
4872  12.0  -12.0  4
4873  14.0  -14.0  5
4874  12.0  -12.0  4
4875  12.0  -12.0  4
4876  12.0  -12.0  6
4877  12.0  -12.0  6
4878  8.0  -8.0  6
4879  12.0  -12.0  7
4880  8.0  -8.0  6
4881  8.0  -8.0  6
4882  8.0  -8.0  6
4883  12.0  -12.0  6
4884  8.0  -8.0  6
4885  12.0  -12.0  6
4886  8.0  -8.0  6
4887  12.0  -12.0  4
4888  8.0  -8.0  6
4889  12.0  -12.0  4
4890  12.0  -12.0  6
4891  12.0  -12.0  4
4892  8.0  -8.0  6
4893  12.0  -12.0  4
4894  8.0  -8.0  8
4895  12.0  -12.0  9
4896  12.0  -12.0  6
4897  12.0  -12.0  6
4898  8.0  -8.0  6
4899  8.0  -8.0  6
4900  8.0  -8.0  6
4901  12.0  -12.0  6
4902  12.0  -12.0  6
4903  8.0  -8.0  6
4904  8.0  -8.0  7
4905  8.0  -8.0  6
4906  12.0  -12.0  6
4907  12.0  -12.0  6
4908  12.0  -12.0  6
4909  8.0  -8.0  6
4910  12.0  -12.0  6
4911  14.0  -14.0  7
4912  12.0  -12.0  6
4913  12.0  -12.0  4
4914  -6.0  6.0  100
4915  12.0  -12.0  6
4916  8.0  -8.0  6
4917  -4.0  4.0  100
4918  8.0  -8.0  6
4919  12.0  -12.0  6
4920  8.0  -8.0  6
4921  12.0  -12.0  6
4922  8.0  -8.0  6
4923  14.0  -14.0  7
4924  12.0  -12.0  4
4925  8.0  -8.0  6
4926  12.0  -12.0  4
4927  12.0  -12.0  6
4928  12.0  -12.0  6
4929  8.0  -8.0  6
4930  12.0  -12.0  6
4931  12.0  -12.0  4
4932  8.0  -8.0  7
4933  12.0  -12.0  4
4934  8.0  -8.0  6
4935  12.0  -12.0  6
4936  12.0  -12.0  4
4937  8.0  -8.0  9
4938  8.0  -8.0  6
4939  12.0  -12.0  4
4940  8.0  -8.0  6
4941  12.0  -12.0  4
4942  8.0  -8.0  6
4943  12.0  -12.0  4
4944  8.0  -8.0  6
4945  12.0  -12.0  6
4946  12.0  -12.0  4
4947  8.0  -8.0  6
4948  12.0  -12.0  4
4949  8.0  -8.0  6
4950  8.0  -8.0  6
4951  12.0  -12.0  4
4952  8.0  -8.0  6
4953  12.0  -12.0  6
4954  12.0  -12.0  4
4955  12.0  -12.0  6
4956  8.0  -8.0  8
4957  12.0  -12.0  6
4958  8.0  -8.0  6
4959  8.0  -8.0  6
4960  8.0  -8.0  6
4961  8.0  -8.0  6
4962  8.0  -8.0  6
4963  8.0  -8.0  6
4964  8.0  -8.0  6
4965  8.0  -8.0  6
4966  12.0  -12.0  6
4967  12.0  -12.0  4
4968  12.0  -12.0  6
4969  8.0  -8.0  6
4970  8.0  -8.0  6
4971  12.0  -12.0  6
4972  8.0  -8.0  6
4973  8.0  -8.0  6
4974  8.0  -8.0  7
4975  12.0  -12.0  4
4976  12.0  -12.0  4
4977  12.0  -12.0  6
4978  8.0  -8.0  6
4979  12.0  -12.0  6
4980  12.0  -12.0  4
4981  8.0  -8.0  6
4982  12.0  -12.0  4
4983  8.0  -8.0  6
4984  12.0  -12.0  6
4985  12.0  -12.0  6
4986  12.0  -12.0  4
4987  12.0  -12.0  4
4988  8.0  -8.0  6
4989  12.0  -12.0  4
4990  8.0  -8.0  6
4991  12.0  -12.0  6
4992  8.0  -8.0  6
4993  12.0  -12.0  7
4994  12.0  -12.0  4
4995  12.0  -12.0  6
4996  8.0  -8.0  6
4997  8.0  -8.0  6
4998  8.0  -8.0  6
4999  12.0  -12.0  4
