0  0.0  0.0  12
1  20.0  -20.0  6
2  -4.0  4.0  100
3  -2.0  2.0  100
4  6.0  -6.0  7
5  -2.0  2.0  100
6  -4.0  4.0  100
7  0.0  0.0  12
8  0.0  0.0  100
9  -6.0  6.0  100
10  -6.0  6.0  100
11  0.0  0.0  12
12  0.0  0.0  100
13  0.0  0.0  12
14  -8.0  8.0  100
15  20.0  -20.0  6
16  -4.0  4.0  100
17  0.0  0.0  100
18  -4.0  4.0  100
19  -2.0  2.0  100
20  0.0  0.0  100
21  0.0  0.0  12
22  0.0  0.0  12
23  -8.0  8.0  100
24  0.0  0.0  12
25  0.0  0.0  12
26  0.0  0.0  12
27  0.0  0.0  100
28  -4.0  4.0  100
29  0.0  0.0  12
30  -2.0  2.0  100
31  0.0  0.0  12
32  -6.0  6.0  100
33  0.0  0.0  12
34  0.0  0.0  100
35  0.0  0.0  12
36  -6.0  6.0  100
37  10.0  -10.0  7
38  -2.0  2.0  100
39  0.0  0.0  12
40  0.0  0.0  100
41  -8.0  8.0  100
42  0.0  0.0  12
43  0.0  0.0  12
44  -2.0  2.0  100
45  0.0  0.0  100
46  0.0  0.0  12
47  -8.0  8.0  100
48  -2.0  2.0  100
49  0.0  0.0  100
50  -2.0  2.0  11
51  0.0  0.0  100
52  0.0  0.0  12
53  -2.0  2.0  100
54  -6.0  6.0  100
55  0.0  0.0  100
56  -8.0  8.0  100
57  -4.0  4.0  100
58  0.0  0.0  12
59  0.0  0.0  100
60  0.0  0.0  12
61  0.0  0.0  100
62  20.0  -20.0  6
63  0.0  0.0  100
64  0.0  0.0  12
65  -2.0  2.0  100
66  -4.0  4.0  100
67  -2.0  2.0  100
68  -4.0  4.0  100
69  -2.0  2.0  100
70  -4.0  4.0  100
71  0.0  0.0  100
72  -10.0  10.0  100
73  8.0  -8.0  8
74  0.0  0.0  12
75  -8.0  8.0  100
76  0.0  0.0  100
77  0.0  0.0  12
78  0.0  0.0  100
79  20.0  -20.0  6
80  -4.0  4.0  100
81  -2.0  2.0  100
82  -2.0  2.0  100
83  0.0  0.0  100
84  0.0  0.0  12
85  6.0  -6.0  9
86  -4.0  4.0  100
87  -2.0  2.0  11
88  0.0  0.0  100
89  -2.0  2.0  11
90  0.0  0.0  100
91  8.0  -8.0  8
92  0.0  0.0  12
93  0.0  0.0  100
94  -4.0  4.0  100
95  0.0  0.0  12
96  -4.0  4.0  100
97  0.0  0.0  12
98  0.0  0.0  12
99  0.0  0.0  100
100  -10.0  10.0  100
101  0.0  0.0  12
102  0.0  0.0  100
103  -8.0  8.0  100
104  -10.0  10.0  100
105  -2.0  2.0  100
106  0.0  0.0  12
107  -10.0  10.0  100
108  0.0  0.0  12
109  0.0  0.0  12
110  0.0  0.0  100
111  0.0  0.0  100
112  -6.0  6.0  100
113  0.0  0.0  100
114  -2.0  2.0  11
115  -4.0  4.0  100
116  0.0  0.0  12
117  0.0  0.0  12
118  -2.0  2.0  100
119  -2.0  2.0  100
120  -8.0  8.0  100
121  0.0  0.0  12
122  0.0  0.0  100
123  0.0  0.0  12
124  0.0  0.0  12
125  0.0  0.0  12
126  0.0  0.0  100
127  10.0  -10.0  7
128  -2.0  2.0  100
129  0.0  0.0  12
130  10.0  -10.0  7
131  0.0  0.0  12
132  0.0  0.0  100
133  0.0  0.0  12
134  -4.0  4.0  100
135  0.0  0.0  100
136  0.0  0.0  12
137  0.0  0.0  12
138  0.0  0.0  100
139  -2.0  2.0  100
140  -2.0  2.0  11
141  0.0  0.0  12
142  0.0  0.0  100
143  -6.0  6.0  100
144  -4.0  4.0  100
145  -8.0  8.0  100
146  -4.0  4.0  100
147  0.0  0.0  100
148  -4.0  4.0  100
149  0.0  0.0  12
150  6.0  -6.0  9
151  0.0  0.0  12
152  0.0  0.0  12
153  0.0  0.0  12
154  -8.0  8.0  100
155  0.0  0.0  12
156  8.0  -8.0  8
157  0.0  0.0  12
158  -6.0  6.0  100
159  -6.0  6.0  100
160  -4.0  4.0  100
161  -8.0  8.0  100
162  0.0  0.0  12
163  -2.0  2.0  100
164  0.0  0.0  12
165  -4.0  4.0  100
166  -2.0  2.0  100
167  0.0  0.0  12
168  0.0  0.0  12
169  0.0  0.0  12
170  0.0  0.0  12
171  0.0  0.0  12
172  0.0  0.0  12
173  0.0  0.0  12
174  0.0  0.0  12
175  0.0  0.0  12
176  4.0  -4.0  10
177  0.0  0.0  12
178  -2.0  2.0  11
179  0.0  0.0  12
180  0.0  0.0  100
181  0.0  0.0  100
182  0.0  0.0  100
183  0.0  0.0  100
184  6.0  -6.0  9
185  -6.0  6.0  100
186  0.0  0.0  100
187  0.0  0.0  12
188  0.0  0.0  12
189  -8.0  8.0  100
190  -4.0  4.0  100
191  -6.0  6.0  100
192  0.0  0.0  100
193  0.0  0.0  12
194  -2.0  2.0  100
195  0.0  0.0  12
196  0.0  0.0  12
197  0.0  0.0  100
198  -2.0  2.0  100
199  -4.0  4.0  100
200  -4.0  4.0  100
201  0.0  0.0  12
202  -6.0  6.0  100
203  0.0  0.0  100
204  -6.0  6.0  100
205  0.0  0.0  12
206  8.0  -8.0  8
207  20.0  -20.0  6
208  -2.0  2.0  100
209  0.0  0.0  12
210  0.0  0.0  12
211  0.0  0.0  100
212  0.0  0.0  100
213  0.0  0.0  100
214  -2.0  2.0  100
215  0.0  0.0  100
216  -12.0  12.0  100
217  -2.0  2.0  11
218  -4.0  4.0  100
219  -8.0  8.0  100
220  0.0  0.0  100
221  -8.0  8.0  100
222  0.0  0.0  12
223  -4.0  4.0  100
224  0.0  0.0  12
225  -2.0  2.0  100
226  -6.0  6.0  100
227  0.0  0.0  12
228  0.0  0.0  100
229  0.0  0.0  100
230  0.0  0.0  12
231  -2.0  2.0  100
232  -2.0  2.0  100
233  0.0  0.0  12
234  -2.0  2.0  100
235  -4.0  4.0  100
236  20.0  -20.0  6
237  0.0  0.0  12
238  -4.0  4.0  100
239  0.0  0.0  12
240  -4.0  4.0  100
241  0.0  0.0  100
242  -4.0  4.0  100
243  0.0  0.0  12
244  -10.0  10.0  100
245  0.0  0.0  12
246  20.0  -20.0  6
247  -2.0  2.0  11
248  0.0  0.0  12
249  20.0  -20.0  6
250  2.0  -2.0  11
251  0.0  0.0  100
252  -4.0  4.0  100
253  20.0  -20.0  6
254  0.0  0.0  12
255  0.0  0.0  100
256  0.0  0.0  100
257  0.0  0.0  12
258  0.0  0.0  12
259  0.0  0.0  12
260  -4.0  4.0  100
261  0.0  0.0  12
262  -2.0  2.0  11
263  -6.0  6.0  100
264  -4.0  4.0  100
265  -4.0  4.0  100
266  -2.0  2.0  100
267  -4.0  4.0  100
268  0.0  0.0  100
269  0.0  0.0  100
270  0.0  0.0  12
271  0.0  0.0  12
272  -2.0  2.0  100
273  -2.0  2.0  100
274  0.0  0.0  100
275  0.0  0.0  100
276  0.0  0.0  100
277  0.0  0.0  12
278  -6.0  6.0  100
279  -2.0  2.0  100
280  2.0  -2.0  11
281  8.0  -8.0  8
282  0.0  0.0  100
283  -2.0  2.0  100
284  -2.0  2.0  100
285  20.0  -20.0  6
286  0.0  0.0  100
287  0.0  0.0  12
288  -8.0  8.0  100
289  -2.0  2.0  100
290  4.0  -4.0  8
291  0.0  0.0  12
292  0.0  0.0  12
293  0.0  0.0  100
294  0.0  0.0  12
295  10.0  -10.0  7
296  -2.0  2.0  100
297  0.0  0.0  12
298  0.0  0.0  12
299  0.0  0.0  100
300  0.0  0.0  12
301  0.0  0.0  12
302  0.0  0.0  12
303  0.0  0.0  12
304  0.0  0.0  12
305  0.0  0.0  100
306  0.0  0.0  12
307  4.0  -4.0  8
308  -4.0  4.0  100
309  0.0  0.0  12
310  -2.0  2.0  100
311  0.0  0.0  12
312  -6.0  6.0  100
313  -10.0  10.0  100
314  0.0  0.0  100
315  0.0  0.0  100
316  0.0  0.0  12
317  -6.0  6.0  100
318  -4.0  4.0  100
319  -2.0  2.0  11
320  -2.0  2.0  100
321  0.0  0.0  100
322  -6.0  6.0  100
323  -6.0  6.0  100
324  0.0  0.0  12
325  0.0  0.0  12
326  -4.0  4.0  100
327  -6.0  6.0  100
328  20.0  -20.0  6
329  0.0  0.0  12
330  0.0  0.0  12
331  0.0  0.0  12
332  0.0  0.0  12
333  0.0  0.0  12
334  -2.0  2.0  11
335  -8.0  8.0  100
336  20.0  -20.0  6
337  20.0  -20.0  6
338  0.0  0.0  12
339  -4.0  4.0  100
340  -6.0  6.0  100
341  -12.0  12.0  100
342  20.0  -20.0  6
343  0.0  0.0  100
344  0.0  0.0  12
345  0.0  0.0  12
346  0.0  0.0  12
347  0.0  0.0  12
348  -6.0  6.0  100
349  0.0  0.0  100
350  0.0  0.0  12
351  0.0  0.0  12
352  0.0  0.0  12
353  -6.0  6.0  100
354  0.0  0.0  12
355  0.0  0.0  100
356  -6.0  6.0  100
357  0.0  0.0  12
358  0.0  0.0  12
359  0.0  0.0  100
360  0.0  0.0  12
361  -4.0  4.0  100
362  -8.0  8.0  100
363  0.0  0.0  12
364  -8.0  8.0  100
365  -2.0  2.0  11
366  0.0  0.0  12
367  -4.0  4.0  100
368  0.0  0.0  12
369  8.0  -8.0  8
370  0.0  0.0  12
371  8.0  -8.0  8
372  0.0  0.0  100
373  -6.0  6.0  100
374  0.0  0.0  100
375  0.0  0.0  12
376  -4.0  4.0  100
377  -4.0  4.0  100
378  20.0  -20.0  6
379  0.0  0.0  12
380  0.0  0.0  100
381  -2.0  2.0  11
382  0.0  0.0  12
383  0.0  0.0  12
384  0.0  0.0  12
385  -2.0  2.0  11
386  0.0  0.0  100
387  -2.0  2.0  11
388  -2.0  2.0  100
389  0.0  0.0  12
390  8.0  -8.0  8
391  0.0  0.0  12
392  0.0  0.0  12
393  -2.0  2.0  100
394  0.0  0.0  12
395  -2.0  2.0  100
396  -6.0  6.0  100
397  -6.0  6.0  100
398  0.0  0.0  12
399  0.0  0.0  100
400  10.0  -10.0  7
401  -6.0  6.0  100
402  0.0  0.0  12
403  0.0  0.0  100
404  -2.0  2.0  100
405  -2.0  2.0  100
406  0.0  0.0  100
407  0.0  0.0  12
408  -8.0  8.0  100
409  0.0  0.0  100
410  0.0  0.0  12
411  0.0  0.0  100
412  0.0  0.0  100
413  -6.0  6.0  100
414  -4.0  4.0  100
415  0.0  0.0  12
416  0.0  0.0  12
417  0.0  0.0  100
418  0.0  0.0  100
419  0.0  0.0  100
420  0.0  0.0  12
421  0.0  0.0  100
422  0.0  0.0  100
423  0.0  0.0  12
424  0.0  0.0  12
425  0.0  0.0  100
426  -8.0  8.0  100
427  0.0  0.0  12
428  -2.0  2.0  100
429  -8.0  8.0  100
430  0.0  0.0  12
431  0.0  0.0  12
432  -4.0  4.0  100
433  -4.0  4.0  100
434  -2.0  2.0  100
435  0.0  0.0  12
436  -6.0  6.0  100
437  0.0  0.0  100
438  -2.0  2.0  11
439  0.0  0.0  100
440  0.0  0.0  12
441  -2.0  2.0  11
442  8.0  -8.0  8
443  0.0  0.0  12
444  0.0  0.0  12
445  0.0  0.0  12
446  -2.0  2.0  100
447  -4.0  4.0  100
448  0.0  0.0  12
449  -4.0  4.0  100
450  -2.0  2.0  100
451  20.0  -20.0  6
452  -2.0  2.0  100
453  -6.0  6.0  100
454  6.0  -6.0  9
455  0.0  0.0  12
456  0.0  0.0  12
457  -4.0  4.0  100
458  -2.0  2.0  100
459  -2.0  2.0  11
460  0.0  0.0  12
461  0.0  0.0  12
462  0.0  0.0  12
463  0.0  0.0  12
464  0.0  0.0  12
465  -4.0  4.0  10
466  0.0  0.0  12
467  -4.0  4.0  100
468  0.0  0.0  12
469  0.0  0.0  100
470  0.0  0.0  100
471  0.0  0.0  12
472  -2.0  2.0  11
473  -8.0  8.0  100
474  -4.0  4.0  100
475  0.0  0.0  100
476  0.0  0.0  12
477  -4.0  4.0  100
478  0.0  0.0  100
479  0.0  0.0  100
480  -6.0  6.0  100
481  8.0  -8.0  8
482  0.0  0.0  12
483  0.0  0.0  12
484  -2.0  2.0  100
485  0.0  0.0  100
486  -2.0  2.0  100
487  0.0  0.0  12
488  0.0  0.0  12
489  -6.0  6.0  100
490  0.0  0.0  12
491  0.0  0.0  12
492  0.0  0.0  12
493  0.0  0.0  100
494  0.0  0.0  12
495  0.0  0.0  12
496  0.0  0.0  12
497  0.0  0.0  100
498  0.0  0.0  12
499  -2.0  2.0  100
500  -6.0  6.0  100
501  0.0  0.0  12
502  0.0  0.0  100
503  0.0  0.0  12
504  0.0  0.0  12
505  -2.0  2.0  100
506  -2.0  2.0  100
507  0.0  0.0  100
508  0.0  0.0  12
509  0.0  0.0  100
510  0.0  0.0  12
511  0.0  0.0  12
512  -10.0  10.0  100
513  0.0  0.0  12
514  -2.0  2.0  100
515  -8.0  8.0  100
516  0.0  0.0  12
517  0.0  0.0  100
518  -6.0  6.0  100
519  -6.0  6.0  100
520  10.0  -10.0  7
521  0.0  0.0  12
522  0.0  0.0  12
523  0.0  0.0  100
524  0.0  0.0  12
525  20.0  -20.0  6
526  0.0  0.0  12
527  0.0  0.0  12
528  -2.0  2.0  100
529  8.0  -8.0  8
530  -4.0  4.0  100
531  0.0  0.0  12
532  -10.0  10.0  100
533  0.0  0.0  12
534  0.0  0.0  12
535  0.0  0.0  100
536  -2.0  2.0  11
537  0.0  0.0  100
538  0.0  0.0  12
539  -10.0  10.0  100
540  0.0  0.0  12
541  -4.0  4.0  100
542  0.0  0.0  12
543  0.0  0.0  12
544  0.0  0.0  12
545  0.0  0.0  12
546  0.0  0.0  100
547  -2.0  2.0  100
548  -2.0  2.0  100
549  0.0  0.0  100
550  4.0  -4.0  10
551  0.0  0.0  12
552  20.0  -20.0  6
553  0.0  0.0  100
554  0.0  0.0  100
555  0.0  0.0  12
556  0.0  0.0  12
557  -6.0  6.0  100
558  0.0  0.0  100
559  -4.0  4.0  100
560  -2.0  2.0  100
561  0.0  0.0  12
562  -2.0  2.0  100
563  -6.0  6.0  100
564  6.0  -6.0  9
565  -2.0  2.0  11
566  0.0  0.0  100
567  0.0  0.0  100
568  -4.0  4.0  100
569  0.0  0.0  12
570  16.0  -16.0  6
571  -8.0  8.0  100
572  0.0  0.0  100
573  0.0  0.0  12
574  0.0  0.0  100
575  -8.0  8.0  100
576  -2.0  2.0  11
577  0.0  0.0  12
578  -8.0  8.0  100
579  -6.0  6.0  100
580  -6.0  6.0  100
581  0.0  0.0  12
582  0.0  0.0  100
583  0.0  0.0  100
584  0.0  0.0  12
585  -4.0  4.0  100
586  0.0  0.0  12
587  -6.0  6.0  100
588  0.0  0.0  12
589  0.0  0.0  100
590  0.0  0.0  100
591  0.0  0.0  100
592  0.0  0.0  12
593  -6.0  6.0  100
594  0.0  0.0  12
595  -4.0  4.0  100
596  0.0  0.0  12
597  -2.0  2.0  100
598  -6.0  6.0  100
599  -4.0  4.0  100
600  0.0  0.0  12
601  0.0  0.0  12
602  20.0  -20.0  6
603  -6.0  6.0  100
604  0.0  0.0  100
605  -6.0  6.0  100
606  0.0  0.0  12
607  0.0  0.0  12
608  0.0  0.0  100
609  0.0  0.0  100
610  0.0  0.0  12
611  0.0  0.0  12
612  -2.0  2.0  11
613  0.0  0.0  100
614  10.0  -10.0  7
615  -2.0  2.0  11
616  0.0  0.0  12
617  -6.0  6.0  100
618  0.0  0.0  12
619  -6.0  6.0  100
620  -6.0  6.0  100
621  0.0  0.0  12
622  -6.0  6.0  100
623  -2.0  2.0  100
624  0.0  0.0  12
625  -2.0  2.0  11
626  0.0  0.0  12
627  0.0  0.0  12
628  10.0  -10.0  7
629  -4.0  4.0  100
630  0.0  0.0  12
631  -8.0  8.0  100
632  0.0  0.0  100
633  0.0  0.0  12
634  -4.0  4.0  100
635  -4.0  4.0  100
636  -4.0  4.0  100
637  -4.0  4.0  100
638  0.0  0.0  12
639  0.0  0.0  12
640  -2.0  2.0  100
641  20.0  -20.0  6
642  0.0  0.0  100
643  0.0  0.0  100
644  0.0  0.0  12
645  0.0  0.0  12
646  -2.0  2.0  11
647  -6.0  6.0  100
648  0.0  0.0  12
649  -2.0  2.0  100
650  0.0  0.0  12
651  -4.0  4.0  100
652  -8.0  8.0  100
653  0.0  0.0  12
654  0.0  0.0  12
655  0.0  0.0  12
656  0.0  0.0  100
657  0.0  0.0  12
658  0.0  0.0  100
659  0.0  0.0  100
660  0.0  0.0  12
661  -6.0  6.0  100
662  0.0  0.0  12
663  0.0  0.0  12
664  -2.0  2.0  100
665  20.0  -20.0  6
666  -2.0  2.0  11
667  0.0  0.0  12
668  0.0  0.0  12
669  0.0  0.0  12
670  -4.0  4.0  100
671  0.0  0.0  12
672  0.0  0.0  100
673  0.0  0.0  100
674  0.0  0.0  12
675  0.0  0.0  100
676  0.0  0.0  12
677  4.0  -4.0  10
678  0.0  0.0  100
679  0.0  0.0  12
680  -4.0  4.0  100
681  0.0  0.0  100
682  0.0  0.0  100
683  20.0  -20.0  6
684  20.0  -20.0  6
685  0.0  0.0  100
686  -8.0  8.0  100
687  0.0  0.0  100
688  0.0  0.0  12
689  -8.0  8.0  100
690  -6.0  6.0  100
691  0.0  0.0  100
692  0.0  0.0  12
693  -2.0  2.0  100
694  0.0  0.0  100
695  -10.0  10.0  100
696  -2.0  2.0  100
697  8.0  -8.0  8
698  0.0  0.0  100
699  16.0  -16.0  6
700  0.0  0.0  100
701  -4.0  4.0  100
702  2.0  -2.0  11
703  20.0  -20.0  6
704  0.0  0.0  100
705  0.0  0.0  100
706  0.0  0.0  12
707  0.0  0.0  100
708  -2.0  2.0  11
709  -4.0  4.0  100
710  0.0  0.0  100
711  -2.0  2.0  100
712  2.0  -2.0  11
713  0.0  0.0  12
714  0.0  0.0  12
715  -4.0  4.0  100
716  0.0  0.0  12
717  0.0  0.0  100
718  0.0  0.0  12
719  0.0  0.0  100
720  0.0  0.0  100
721  -4.0  4.0  100
722  0.0  0.0  100
723  -2.0  2.0  100
724  0.0  0.0  12
725  0.0  0.0  100
726  0.0  0.0  12
727  0.0  0.0  100
728  -2.0  2.0  100
729  20.0  -20.0  6
730  -4.0  4.0  100
731  20.0  -20.0  6
732  0.0  0.0  12
733  0.0  0.0  12
734  -8.0  8.0  100
735  0.0  0.0  100
736  20.0  -20.0  6
737  20.0  -20.0  6
738  8.0  -8.0  8
739  4.0  -4.0  10
740  8.0  -8.0  8
741  -2.0  2.0  100
742  0.0  0.0  100
743  -6.0  6.0  100
744  0.0  0.0  12
745  0.0  0.0  12
746  20.0  -20.0  6
747  0.0  0.0  12
748  0.0  0.0  12
749  0.0  0.0  100
750  0.0  0.0  100
751  -2.0  2.0  11
752  0.0  0.0  12
753  0.0  0.0  100
754  0.0  0.0  100
755  0.0  0.0  100
756  0.0  0.0  12
757  -6.0  6.0  100
758  0.0  0.0  12
759  20.0  -20.0  6
760  0.0  0.0  12
761  -12.0  12.0  100
762  0.0  0.0  100
763  -6.0  6.0  100
764  -8.0  8.0  100
765  -6.0  6.0  100
766  0.0  0.0  100
767  -2.0  2.0  11
768  0.0  0.0  100
769  -4.0  4.0  100
770  0.0  0.0  12
771  -4.0  4.0  100
772  -8.0  8.0  100
773  -4.0  4.0  100
774  -10.0  10.0  100
775  -8.0  8.0  100
776  0.0  0.0  12
777  6.0  -6.0  9
778  2.0  -2.0  11
779  8.0  -8.0  8
780  0.0  0.0  12
781  0.0  0.0  12
782  0.0  0.0  12
783  0.0  0.0  12
784  -6.0  6.0  100
785  -2.0  2.0  11
786  0.0  0.0  100
787  0.0  0.0  12
788  0.0  0.0  12
789  0.0  0.0  12
790  8.0  -8.0  8
791  0.0  0.0  12
792  0.0  0.0  12
793  0.0  0.0  100
794  0.0  0.0  100
795  0.0  0.0  100
796  -4.0  4.0  100
797  -8.0  8.0  100
798  0.0  0.0  12
799  -6.0  6.0  100
800  0.0  0.0  12
801  0.0  0.0  12
802  -2.0  2.0  100
803  -6.0  6.0  100
804  -8.0  8.0  100
805  0.0  0.0  12
806  6.0  -6.0  9
807  6.0  -6.0  9
808  -4.0  4.0  100
809  0.0  0.0  12
810  -2.0  2.0  11
811  0.0  0.0  100
812  0.0  0.0  12
813  0.0  0.0  12
814  0.0  0.0  12
815  0.0  0.0  100
816  0.0  0.0  12
817  -2.0  2.0  100
818  0.0  0.0  100
819  0.0  0.0  12
820  -10.0  10.0  100
821  -4.0  4.0  100
822  0.0  0.0  100
823  0.0  0.0  12
824  -2.0  2.0  11
825  0.0  0.0  12
826  0.0  0.0  12
827  -4.0  4.0  10
828  -6.0  6.0  100
829  0.0  0.0  12
830  0.0  0.0  12
831  -2.0  2.0  100
832  -8.0  8.0  100
833  0.0  0.0  100
834  -10.0  10.0  100
835  -2.0  2.0  100
836  -6.0  6.0  100
837  0.0  0.0  12
838  0.0  0.0  12
839  0.0  0.0  100
840  20.0  -20.0  6
841  -4.0  4.0  100
842  -2.0  2.0  100
843  -2.0  2.0  11
844  -2.0  2.0  100
845  -8.0  8.0  100
846  -2.0  2.0  100
847  10.0  -10.0  7
848  0.0  0.0  12
849  0.0  0.0  12
850  0.0  0.0  100
851  0.0  0.0  12
852  0.0  0.0  12
853  0.0  0.0  12
854  0.0  0.0  12
855  0.0  0.0  12
856  0.0  0.0  100
857  -6.0  6.0  100
858  -4.0  4.0  100
859  0.0  0.0  12
860  0.0  0.0  12
861  0.0  0.0  100
862  0.0  0.0  100
863  0.0  0.0  12
864  -6.0  6.0  100
865  -2.0  2.0  100
866  0.0  0.0  12
867  -6.0  6.0  100
868  0.0  0.0  12
869  10.0  -10.0  7
870  -2.0  2.0  11
871  0.0  0.0  100
872  0.0  0.0  100
873  -2.0  2.0  100
874  0.0  0.0  12
875  0.0  0.0  12
876  0.0  0.0  100
877  0.0  0.0  100
878  0.0  0.0  12
879  -2.0  2.0  100
880  0.0  0.0  12
881  0.0  0.0  12
882  2.0  -2.0  11
883  0.0  0.0  12
884  0.0  0.0  12
885  0.0  0.0  100
886  0.0  0.0  12
887  -2.0  2.0  11
888  -8.0  8.0  100
889  0.0  0.0  12
890  10.0  -10.0  7
891  0.0  0.0  12
892  0.0  0.0  12
893  -2.0  2.0  100
894  -2.0  2.0  11
895  -2.0  2.0  100
896  -2.0  2.0  100
897  -2.0  2.0  100
898  0.0  0.0  12
899  0.0  0.0  12
900  0.0  0.0  12
901  -6.0  6.0  100
902  0.0  0.0  100
903  -2.0  2.0  11
904  0.0  0.0  12
905  -2.0  2.0  11
906  0.0  0.0  12
907  0.0  0.0  100
908  0.0  0.0  12
909  -10.0  10.0  100
910  0.0  0.0  12
911  -4.0  4.0  100
912  0.0  0.0  100
913  -2.0  2.0  11
914  0.0  0.0  12
915  -4.0  4.0  10
916  10.0  -10.0  7
917  -4.0  4.0  100
918  0.0  0.0  12
919  0.0  0.0  100
920  -2.0  2.0  11
921  -2.0  2.0  100
922  0.0  0.0  12
923  20.0  -20.0  6
924  -2.0  2.0  11
925  0.0  0.0  12
926  0.0  0.0  12
927  -8.0  8.0  100
928  0.0  0.0  12
929  -4.0  4.0  100
930  0.0  0.0  100
931  -6.0  6.0  100
932  -2.0  2.0  11
933  0.0  0.0  100
934  -2.0  2.0  11
935  0.0  0.0  12
936  0.0  0.0  12
937  0.0  0.0  100
938  0.0  0.0  100
939  0.0  0.0  12
940  0.0  0.0  100
941  0.0  0.0  100
942  0.0  0.0  12
943  0.0  0.0  100
944  0.0  0.0  12
945  0.0  0.0  12
946  -4.0  4.0  100
947  0.0  0.0  12
948  -2.0  2.0  11
949  0.0  0.0  12
950  0.0  0.0  12
951  -2.0  2.0  100
952  0.0  0.0  100
953  6.0  -6.0  7
954  0.0  0.0  100
955  0.0  0.0  12
956  -4.0  4.0  100
957  -4.0  4.0  100
958  -2.0  2.0  100
959  -2.0  2.0  11
960  0.0  0.0  100
961  8.0  -8.0  8
962  20.0  -20.0  6
963  0.0  0.0  12
964  0.0  0.0  100
965  0.0  0.0  12
966  0.0  0.0  12
967  -4.0  4.0  100
968  0.0  0.0  100
969  -2.0  2.0  11
970  0.0  0.0  100
971  0.0  0.0  12
972  4.0  -4.0  10
973  -2.0  2.0  100
974  0.0  0.0  12
975  0.0  0.0  100
976  0.0  0.0  12
977  0.0  0.0  12
978  20.0  -20.0  6
979  -2.0  2.0  100
980  0.0  0.0  12
981  6.0  -6.0  9
982  0.0  0.0  100
983  0.0  0.0  12
984  0.0  0.0  12
985  -6.0  6.0  100
986  0.0  0.0  100
987  -2.0  2.0  100
988  10.0  -10.0  7
989  0.0  0.0  12
990  0.0  0.0  12
991  0.0  0.0  12
992  0.0  0.0  12
993  0.0  0.0  100
994  0.0  0.0  100
995  0.0  0.0  12
996  0.0  0.0  100
997  -6.0  6.0  100
998  10.0  -10.0  7
999  0.0  0.0  100
1000  -12.0  12.0  100
1001  0.0  0.0  12
1002  -4.0  4.0  100
1003  -4.0  4.0  100
1004  0.0  0.0  12
1005  -4.0  4.0  100
1006  0.0  0.0  12
1007  0.0  0.0  12
1008  0.0  0.0  12
1009  -2.0  2.0  100
1010  -2.0  2.0  100
1011  0.0  0.0  100
1012  0.0  0.0  12
1013  -2.0  2.0  100
1014  0.0  0.0  12
1015  10.0  -10.0  7
1016  20.0  -20.0  6
1017  0.0  0.0  100
1018  -8.0  8.0  100
1019  -2.0  2.0  100
1020  -2.0  2.0  11
1021  0.0  0.0  12
1022  0.0  0.0  12
1023  0.0  0.0  100
1024  0.0  0.0  12
1025  0.0  0.0  12
1026  -2.0  2.0  11
1027  0.0  0.0  12
1028  -6.0  6.0  100
1029  -4.0  4.0  100
1030  8.0  -8.0  32
1031  0.0  0.0  100
1032  0.0  0.0  100
1033  -2.0  2.0  100
1034  0.0  0.0  12
1035  0.0  0.0  12
1036  -6.0  6.0  100
1037  -8.0  8.0  100
1038  -4.0  4.0  100
1039  0.0  0.0  12
1040  0.0  0.0  100
1041  0.0  0.0  12
1042  -2.0  2.0  100
1043  0.0  0.0  100
1044  0.0  0.0  12
1045  0.0  0.0  12
1046  -4.0  4.0  100
1047  -8.0  8.0  100
1048  0.0  0.0  12
1049  20.0  -20.0  6
1050  0.0  0.0  12
1051  0.0  0.0  100
1052  -4.0  4.0  100
1053  0.0  0.0  12
1054  -8.0  8.0  100
1055  0.0  0.0  100
1056  10.0  -10.0  7
1057  -4.0  4.0  100
1058  0.0  0.0  12
1059  0.0  0.0  100
1060  4.0  -4.0  8
1061  -6.0  6.0  100
1062  0.0  0.0  100
1063  0.0  0.0  12
1064  -2.0  2.0  100
1065  -10.0  10.0  100
1066  0.0  0.0  100
1067  0.0  0.0  12
1068  0.0  0.0  12
1069  0.0  0.0  12
1070  0.0  0.0  12
1071  16.0  -16.0  6
1072  -2.0  2.0  100
1073  0.0  0.0  12
1074  0.0  0.0  12
1075  0.0  0.0  12
1076  -2.0  2.0  11
1077  -2.0  2.0  100
1078  0.0  0.0  100
1079  -6.0  6.0  100
1080  0.0  0.0  12
1081  -2.0  2.0  100
1082  -6.0  6.0  100
1083  0.0  0.0  12
1084  -6.0  6.0  100
1085  0.0  0.0  12
1086  -2.0  2.0  100
1087  -2.0  2.0  11
1088  0.0  0.0  100
1089  -6.0  6.0  100
1090  0.0  0.0  12
1091  -2.0  2.0  100
1092  -2.0  2.0  100
1093  -6.0  6.0  100
1094  0.0  0.0  12
1095  0.0  0.0  12
1096  10.0  -10.0  7
1097  20.0  -20.0  6
1098  0.0  0.0  100
1099  -6.0  6.0  100
1100  -8.0  8.0  100
1101  0.0  0.0  12
1102  -4.0  4.0  100
1103  0.0  0.0  100
1104  -4.0  4.0  100
1105  20.0  -20.0  6
1106  0.0  0.0  100
1107  8.0  -8.0  51
1108  0.0  0.0  100
1109  0.0  0.0  12
1110  0.0  0.0  12
1111  0.0  0.0  12
1112  0.0  0.0  12
1113  -6.0  6.0  100
1114  0.0  0.0  100
1115  0.0  0.0  12
1116  0.0  0.0  12
1117  0.0  0.0  12
1118  -2.0  2.0  100
1119  -6.0  6.0  100
1120  -10.0  10.0  100
1121  0.0  0.0  12
1122  0.0  0.0  10
1123  0.0  0.0  12
1124  8.0  -8.0  8
1125  0.0  0.0  12
1126  -8.0  8.0  100
1127  0.0  0.0  100
1128  -8.0  8.0  100
1129  -8.0  8.0  100
1130  -6.0  6.0  100
1131  -4.0  4.0  100
1132  -4.0  4.0  100
1133  0.0  0.0  12
1134  -6.0  6.0  100
1135  0.0  0.0  100
1136  0.0  0.0  100
1137  -2.0  2.0  100
1138  0.0  0.0  12
1139  0.0  0.0  100
1140  0.0  0.0  12
1141  -8.0  8.0  100
1142  0.0  0.0  100
1143  0.0  0.0  12
1144  -2.0  2.0  11
1145  6.0  -6.0  7
1146  0.0  0.0  12
1147  0.0  0.0  100
1148  0.0  0.0  12
1149  8.0  -8.0  8
1150  -4.0  4.0  100
1151  -8.0  8.0  100
1152  0.0  0.0  12
1153  0.0  0.0  12
1154  0.0  0.0  12
1155  0.0  0.0  12
1156  -2.0  2.0  11
1157  -4.0  4.0  100
1158  -2.0  2.0  11
1159  -2.0  2.0  100
1160  0.0  0.0  12
1161  0.0  0.0  100
1162  20.0  -20.0  6
1163  -4.0  4.0  100
1164  0.0  0.0  12
1165  -10.0  10.0  100
1166  0.0  0.0  12
1167  20.0  -20.0  6
1168  0.0  0.0  12
1169  0.0  0.0  100
1170  0.0  0.0  100
1171  -2.0  2.0  100
1172  20.0  -20.0  6
1173  0.0  0.0  12
1174  -2.0  2.0  11
1175  0.0  0.0  12
1176  0.0  0.0  12
1177  -2.0  2.0  11
1178  0.0  0.0  12
1179  -2.0  2.0  11
1180  0.0  0.0  100
1181  0.0  0.0  12
1182  -2.0  2.0  11
1183  -2.0  2.0  11
1184  0.0  0.0  12
1185  0.0  0.0  100
1186  -2.0  2.0  100
1187  -4.0  4.0  100
1188  -2.0  2.0  11
1189  0.0  0.0  12
1190  4.0  -4.0  10
1191  0.0  0.0  12
1192  0.0  0.0  12
1193  -4.0  4.0  100
1194  0.0  0.0  100
1195  0.0  0.0  12
1196  -8.0  8.0  100
1197  -4.0  4.0  100
1198  2.0  -2.0  9
1199  -2.0  2.0  100
1200  0.0  0.0  100
1201  0.0  0.0  12
1202  10.0  -10.0  7
1203  -6.0  6.0  100
1204  20.0  -20.0  6
1205  0.0  0.0  12
1206  0.0  0.0  12
1207  -10.0  10.0  100
1208  0.0  0.0  12
1209  0.0  0.0  12
1210  -2.0  2.0  11
1211  -8.0  8.0  100
1212  -2.0  2.0  100
1213  0.0  0.0  12
1214  0.0  0.0  12
1215  -2.0  2.0  100
1216  -4.0  4.0  100
1217  -2.0  2.0  100
1218  0.0  0.0  12
1219  -2.0  2.0  100
1220  0.0  0.0  12
1221  0.0  0.0  100
1222  20.0  -20.0  6
1223  -8.0  8.0  100
1224  -2.0  2.0  100
1225  0.0  0.0  100
1226  0.0  0.0  12
1227  -6.0  6.0  100
1228  0.0  0.0  12
1229  -10.0  10.0  100
1230  0.0  0.0  12
1231  0.0  0.0  12
1232  -2.0  2.0  100
1233  -2.0  2.0  100
1234  -2.0  2.0  100
1235  0.0  0.0  12
1236  2.0  -2.0  11
1237  0.0  0.0  12
1238  -4.0  4.0  100
1239  20.0  -20.0  6
1240  0.0  0.0  100
1241  0.0  0.0  12
1242  0.0  0.0  12
1243  10.0  -10.0  7
1244  -2.0  2.0  11
1245  0.0  0.0  12
1246  0.0  0.0  12
1247  0.0  0.0  12
1248  0.0  0.0  12
1249  0.0  0.0  12
1250  0.0  0.0  12
1251  20.0  -20.0  6
1252  -4.0  4.0  100
1253  0.0  0.0  12
1254  0.0  0.0  12
1255  0.0  0.0  12
1256  0.0  0.0  100
1257  0.0  0.0  12
1258  0.0  0.0  12
1259  0.0  0.0  12
1260  0.0  0.0  12
1261  -2.0  2.0  11
1262  -4.0  4.0  100
1263  0.0  0.0  100
1264  -4.0  4.0  10
1265  0.0  0.0  12
1266  -2.0  2.0  100
1267  -2.0  2.0  11
1268  0.0  0.0  12
1269  0.0  0.0  100
1270  0.0  0.0  12
1271  0.0  0.0  12
1272  0.0  0.0  12
1273  0.0  0.0  12
1274  -6.0  6.0  100
1275  0.0  0.0  100
1276  0.0  0.0  12
1277  0.0  0.0  12
1278  0.0  0.0  12
1279  -4.0  4.0  100
1280  20.0  -20.0  6
1281  -4.0  4.0  100
1282  0.0  0.0  12
1283  -2.0  2.0  100
1284  0.0  0.0  100
1285  0.0  0.0  100
1286  20.0  -20.0  6
1287  10.0  -10.0  7
1288  -4.0  4.0  100
1289  0.0  0.0  12
1290  0.0  0.0  100
1291  0.0  0.0  100
1292  0.0  0.0  100
1293  -4.0  4.0  100
1294  4.0  -4.0  8
1295  0.0  0.0  100
1296  -6.0  6.0  100
1297  0.0  0.0  12
1298  0.0  0.0  100
1299  -6.0  6.0  100
1300  -6.0  6.0  100
1301  0.0  0.0  12
1302  0.0  0.0  100
1303  0.0  0.0  100
1304  10.0  -10.0  7
1305  -2.0  2.0  100
1306  -6.0  6.0  100
1307  -2.0  2.0  11
1308  0.0  0.0  12
1309  0.0  0.0  12
1310  20.0  -20.0  6
1311  -2.0  2.0  11
1312  0.0  0.0  100
1313  -2.0  2.0  11
1314  8.0  -8.0  53
1315  0.0  0.0  12
1316  0.0  0.0  12
1317  0.0  0.0  12
1318  20.0  -20.0  6
1319  20.0  -20.0  6
1320  0.0  0.0  100
1321  0.0  0.0  12
1322  -2.0  2.0  100
1323  0.0  0.0  12
1324  -6.0  6.0  100
1325  -10.0  10.0  100
1326  -2.0  2.0  100
1327  0.0  0.0  12
1328  0.0  0.0  100
1329  0.0  0.0  12
1330  0.0  0.0  12
1331  0.0  0.0  12
1332  8.0  -8.0  8
1333  0.0  0.0  100
1334  0.0  0.0  100
1335  0.0  0.0  12
1336  -2.0  2.0  100
1337  8.0  -8.0  8
1338  0.0  0.0  12
1339  -8.0  8.0  100
1340  8.0  -8.0  8
1341  0.0  0.0  100
1342  0.0  0.0  12
1343  0.0  0.0  12
1344  0.0  0.0  12
1345  -8.0  8.0  100
1346  -6.0  6.0  100
1347  0.0  0.0  100
1348  0.0  0.0  100
1349  -2.0  2.0  11
1350  0.0  0.0  12
1351  -6.0  6.0  100
1352  0.0  0.0  100
1353  0.0  0.0  100
1354  -4.0  4.0  100
1355  -2.0  2.0  100
1356  0.0  0.0  100
1357  0.0  0.0  100
1358  0.0  0.0  12
1359  0.0  0.0  12
1360  0.0  0.0  100
1361  0.0  0.0  12
1362  -2.0  2.0  100
1363  0.0  0.0  100
1364  -2.0  2.0  100
1365  -10.0  10.0  100
1366  0.0  0.0  12
1367  0.0  0.0  100
1368  0.0  0.0  100
1369  -2.0  2.0  100
1370  -2.0  2.0  11
1371  0.0  0.0  12
1372  0.0  0.0  100
1373  -2.0  2.0  100
1374  20.0  -20.0  6
1375  0.0  0.0  12
1376  -6.0  6.0  100
1377  0.0  0.0  12
1378  -2.0  2.0  100
1379  0.0  0.0  12
1380  -2.0  2.0  100
1381  0.0  0.0  12
1382  0.0  0.0  100
1383  0.0  0.0  12
1384  -2.0  2.0  100
1385  -4.0  4.0  100
1386  0.0  0.0  100
1387  0.0  0.0  12
1388  0.0  0.0  12
1389  0.0  0.0  12
1390  -2.0  2.0  11
1391  0.0  0.0  12
1392  0.0  0.0  12
1393  0.0  0.0  12
1394  0.0  0.0  100
1395  0.0  0.0  12
1396  6.0  -6.0  9
1397  0.0  0.0  12
1398  0.0  0.0  100
1399  0.0  0.0  100
1400  0.0  0.0  12
1401  0.0  0.0  12
1402  0.0  0.0  100
1403  0.0  0.0  100
1404  0.0  0.0  12
1405  0.0  0.0  12
1406  -10.0  10.0  100
1407  0.0  0.0  12
1408  -6.0  6.0  100
1409  0.0  0.0  100
1410  -8.0  8.0  100
1411  0.0  0.0  12
1412  -2.0  2.0  100
1413  0.0  0.0  100
1414  0.0  0.0  12
1415  20.0  -20.0  6
1416  0.0  0.0  100
1417  0.0  0.0  100
1418  0.0  0.0  12
1419  -2.0  2.0  100
1420  0.0  0.0  12
1421  0.0  0.0  12
1422  -8.0  8.0  100
1423  0.0  0.0  100
1424  0.0  0.0  12
1425  0.0  0.0  100
1426  20.0  -20.0  6
1427  0.0  0.0  100
1428  -2.0  2.0  100
1429  -6.0  6.0  100
1430  -2.0  2.0  100
1431  0.0  0.0  12
1432  -4.0  4.0  100
1433  0.0  0.0  12
1434  20.0  -20.0  6
1435  0.0  0.0  12
1436  0.0  0.0  12
1437  -2.0  2.0  11
1438  0.0  0.0  12
1439  -4.0  4.0  100
1440  -4.0  4.0  100
1441  0.0  0.0  12
1442  0.0  0.0  12
1443  -10.0  10.0  100
1444  0.0  0.0  12
1445  -6.0  6.0  100
1446  -6.0  6.0  100
1447  0.0  0.0  100
1448  -4.0  4.0  100
1449  0.0  0.0  100
1450  -6.0  6.0  100
1451  -6.0  6.0  100
1452  0.0  0.0  12
1453  0.0  0.0  12
1454  0.0  0.0  12
1455  0.0  0.0  12
1456  8.0  -8.0  8
1457  0.0  0.0  12
1458  -2.0  2.0  100
1459  0.0  0.0  12
1460  0.0  0.0  12
1461  -2.0  2.0  100
1462  0.0  0.0  100
1463  0.0  0.0  12
1464  -2.0  2.0  100
1465  0.0  0.0  100
1466  -8.0  8.0  100
1467  8.0  -8.0  8
1468  -2.0  2.0  100
1469  -6.0  6.0  100
1470  -2.0  2.0  100
1471  0.0  0.0  12
1472  0.0  0.0  12
1473  0.0  0.0  12
1474  0.0  0.0  12
1475  0.0  0.0  12
1476  0.0  0.0  12
1477  0.0  0.0  12
1478  0.0  0.0  100
1479  0.0  0.0  12
1480  0.0  0.0  12
1481  -6.0  6.0  100
1482  20.0  -20.0  6
1483  -2.0  2.0  11
1484  0.0  0.0  12
1485  0.0  0.0  12
1486  0.0  0.0  12
1487  0.0  0.0  12
1488  0.0  0.0  12
1489  0.0  0.0  12
1490  -8.0  8.0  100
1491  0.0  0.0  12
1492  0.0  0.0  12
1493  -8.0  8.0  100
1494  0.0  0.0  100
1495  0.0  0.0  100
1496  -2.0  2.0  100
1497  0.0  0.0  12
1498  0.0  0.0  100
1499  -6.0  6.0  100
1500  0.0  0.0  100
1501  0.0  0.0  12
1502  8.0  -8.0  8
1503  -4.0  4.0  100
1504  20.0  -20.0  6
1505  -2.0  2.0  100
1506  0.0  0.0  100
1507  -10.0  10.0  100
1508  -4.0  4.0  100
1509  -4.0  4.0  100
1510  -12.0  12.0  100
1511  -4.0  4.0  100
1512  0.0  0.0  12
1513  -4.0  4.0  100
1514  0.0  0.0  100
1515  0.0  0.0  12
1516  -2.0  2.0  100
1517  0.0  0.0  100
1518  0.0  0.0  12
1519  -2.0  2.0  100
1520  -6.0  6.0  100
1521  0.0  0.0  12
1522  0.0  0.0  100
1523  -2.0  2.0  100
1524  0.0  0.0  12
1525  20.0  -20.0  6
1526  0.0  0.0  12
1527  0.0  0.0  12
1528  0.0  0.0  12
1529  0.0  0.0  100
1530  0.0  0.0  12
1531  0.0  0.0  100
1532  0.0  0.0  12
1533  -4.0  4.0  100
1534  0.0  0.0  12
1535  0.0  0.0  12
1536  -2.0  2.0  11
1537  -4.0  4.0  100
1538  0.0  0.0  100
1539  0.0  0.0  100
1540  -6.0  6.0  100
1541  0.0  0.0  12
1542  0.0  0.0  12
1543  0.0  0.0  12
1544  -2.0  2.0  11
1545  0.0  0.0  100
1546  0.0  0.0  100
1547  -2.0  2.0  100
1548  0.0  0.0  12
1549  0.0  0.0  12
1550  -6.0  6.0  100
1551  0.0  0.0  12
1552  -4.0  4.0  100
1553  -4.0  4.0  100
1554  -6.0  6.0  100
1555  -2.0  2.0  100
1556  8.0  -8.0  8
1557  0.0  0.0  12
1558  20.0  -20.0  6
1559  0.0  0.0  12
1560  -8.0  8.0  100
1561  2.0  -2.0  11
1562  20.0  -20.0  6
1563  0.0  0.0  100
1564  -10.0  10.0  100
1565  0.0  0.0  12
1566  -6.0  6.0  100
1567  -2.0  2.0  100
1568  -6.0  6.0  100
1569  0.0  0.0  100
1570  20.0  -20.0  6
1571  -6.0  6.0  100
1572  0.0  0.0  12
1573  0.0  0.0  12
1574  0.0  0.0  100
1575  10.0  -10.0  7
1576  -2.0  2.0  100
1577  0.0  0.0  12
1578  0.0  0.0  12
1579  0.0  0.0  12
1580  -4.0  4.0  100
1581  0.0  0.0  12
1582  -4.0  4.0  100
1583  0.0  0.0  12
1584  -2.0  2.0  100
1585  0.0  0.0  100
1586  -4.0  4.0  100
1587  -4.0  4.0  100
1588  -2.0  2.0  100
1589  -8.0  8.0  100
1590  -6.0  6.0  100
1591  -4.0  4.0  100
1592  -2.0  2.0  11
1593  0.0  0.0  100
1594  0.0  0.0  100
1595  0.0  0.0  100
1596  0.0  0.0  100
1597  0.0  0.0  12
1598  -4.0  4.0  100
1599  0.0  0.0  12
1600  20.0  -20.0  6
1601  0.0  0.0  100
1602  0.0  0.0  12
1603  -8.0  8.0  100
1604  0.0  0.0  12
1605  -4.0  4.0  100
1606  0.0  0.0  100
1607  0.0  0.0  100
1608  0.0  0.0  100
1609  0.0  0.0  12
1610  0.0  0.0  12
1611  0.0  0.0  12
1612  0.0  0.0  100
1613  0.0  0.0  12
1614  6.0  -6.0  9
1615  0.0  0.0  12
1616  -8.0  8.0  100
1617  0.0  0.0  12
1618  0.0  0.0  12
1619  0.0  0.0  12
1620  -8.0  8.0  100
1621  0.0  0.0  12
1622  -2.0  2.0  11
1623  0.0  0.0  100
1624  -2.0  2.0  11
1625  -2.0  2.0  100
1626  -4.0  4.0  100
1627  0.0  0.0  12
1628  -6.0  6.0  100
1629  0.0  0.0  100
1630  -8.0  8.0  100
1631  0.0  0.0  12
1632  0.0  0.0  12
1633  0.0  0.0  12
1634  -6.0  6.0  100
1635  0.0  0.0  100
1636  -2.0  2.0  11
1637  -8.0  8.0  100
1638  0.0  0.0  100
1639  20.0  -20.0  6
1640  0.0  0.0  100
1641  -2.0  2.0  100
1642  -2.0  2.0  100
1643  0.0  0.0  100
1644  0.0  0.0  12
1645  -2.0  2.0  100
1646  0.0  0.0  12
1647  6.0  -6.0  9
1648  -2.0  2.0  100
1649  -4.0  4.0  100
1650  -6.0  6.0  100
1651  -2.0  2.0  100
1652  10.0  -10.0  7
1653  0.0  0.0  100
1654  -2.0  2.0  100
1655  -4.0  4.0  100
1656  0.0  0.0  12
1657  0.0  0.0  100
1658  -8.0  8.0  100
1659  -10.0  10.0  100
1660  0.0  0.0  12
1661  0.0  0.0  12
1662  0.0  0.0  12
1663  -6.0  6.0  100
1664  -6.0  6.0  100
1665  0.0  0.0  12
1666  -8.0  8.0  100
1667  0.0  0.0  12
1668  -4.0  4.0  100
1669  -4.0  4.0  100
1670  -8.0  8.0  100
1671  0.0  0.0  12
1672  0.0  0.0  12
1673  0.0  0.0  12
1674  -2.0  2.0  11
1675  0.0  0.0  12
1676  0.0  0.0  12
1677  4.0  -4.0  10
1678  -6.0  6.0  100
1679  0.0  0.0  12
1680  -4.0  4.0  100
1681  0.0  0.0  100
1682  0.0  0.0  100
1683  0.0  0.0  12
1684  0.0  0.0  12
1685  -6.0  6.0  100
1686  0.0  0.0  12
1687  0.0  0.0  100
1688  0.0  0.0  12
1689  0.0  0.0  12
1690  -6.0  6.0  100
1691  0.0  0.0  12
1692  -6.0  6.0  100
1693  0.0  0.0  12
1694  -6.0  6.0  100
1695  0.0  0.0  12
1696  -2.0  2.0  11
1697  -6.0  6.0  100
1698  -4.0  4.0  100
1699  0.0  0.0  100
1700  0.0  0.0  100
1701  -4.0  4.0  100
1702  -2.0  2.0  100
1703  -4.0  4.0  100
1704  -6.0  6.0  100
1705  -2.0  2.0  100
1706  -2.0  2.0  100
1707  0.0  0.0  12
1708  -6.0  6.0  100
1709  20.0  -20.0  6
1710  0.0  0.0  12
1711  -8.0  8.0  100
1712  -2.0  2.0  100
1713  -4.0  4.0  100
1714  -4.0  4.0  100
1715  -2.0  2.0  100
1716  0.0  0.0  100
1717  -2.0  2.0  11
1718  20.0  -20.0  6
1719  6.0  -6.0  9
1720  -6.0  6.0  100
1721  16.0  -16.0  6
1722  -4.0  4.0  100
1723  20.0  -20.0  6
1724  0.0  0.0  12
1725  0.0  0.0  12
1726  -2.0  2.0  100
1727  0.0  0.0  12
1728  -4.0  4.0  100
1729  0.0  0.0  100
1730  20.0  -20.0  6
1731  0.0  0.0  100
1732  0.0  0.0  12
1733  -8.0  8.0  100
1734  20.0  -20.0  6
1735  0.0  0.0  12
1736  8.0  -8.0  8
1737  2.0  -2.0  11
1738  -6.0  6.0  100
1739  -2.0  2.0  100
1740  -8.0  8.0  100
1741  0.0  0.0  12
1742  0.0  0.0  12
1743  0.0  0.0  12
1744  -4.0  4.0  100
1745  0.0  0.0  100
1746  0.0  0.0  100
1747  20.0  -20.0  6
1748  0.0  0.0  100
1749  0.0  0.0  100
1750  -2.0  2.0  11
1751  12.0  -12.0  38
1752  0.0  0.0  12
1753  -4.0  4.0  100
1754  -2.0  2.0  100
1755  0.0  0.0  100
1756  -8.0  8.0  100
1757  -8.0  8.0  100
1758  0.0  0.0  12
1759  -2.0  2.0  11
1760  -6.0  6.0  100
1761  0.0  0.0  12
1762  -4.0  4.0  100
1763  0.0  0.0  12
1764  0.0  0.0  100
1765  -2.0  2.0  11
1766  0.0  0.0  12
1767  -4.0  4.0  100
1768  -8.0  8.0  100
1769  -4.0  4.0  100
1770  8.0  -8.0  8
1771  8.0  -8.0  8
1772  -2.0  2.0  100
1773  0.0  0.0  100
1774  -2.0  2.0  100
1775  0.0  0.0  12
1776  0.0  0.0  100
1777  -4.0  4.0  100
1778  -6.0  6.0  100
1779  0.0  0.0  12
1780  -2.0  2.0  100
1781  0.0  0.0  12
1782  0.0  0.0  12
1783  0.0  0.0  12
1784  0.0  0.0  12
1785  0.0  0.0  100
1786  0.0  0.0  100
1787  -4.0  4.0  100
1788  0.0  0.0  12
1789  -4.0  4.0  100
1790  2.0  -2.0  11
1791  0.0  0.0  12
1792  0.0  0.0  100
1793  20.0  -20.0  6
1794  -2.0  2.0  11
1795  0.0  0.0  12
1796  -2.0  2.0  100
1797  0.0  0.0  12
1798  0.0  0.0  12
1799  0.0  0.0  12
1800  -4.0  4.0  100
1801  0.0  0.0  12
1802  -2.0  2.0  11
1803  0.0  0.0  12
1804  -10.0  10.0  100
1805  6.0  -6.0  9
1806  -4.0  4.0  100
1807  -4.0  4.0  100
1808  0.0  0.0  12
1809  0.0  0.0  100
1810  -6.0  6.0  100
1811  0.0  0.0  12
1812  0.0  0.0  12
1813  0.0  0.0  12
1814  0.0  0.0  100
1815  -2.0  2.0  100
1816  0.0  0.0  12
1817  0.0  0.0  100
1818  0.0  0.0  12
1819  10.0  -10.0  7
1820  0.0  0.0  12
1821  0.0  0.0  12
1822  0.0  0.0  12
1823  0.0  0.0  12
1824  -2.0  2.0  100
1825  0.0  0.0  100
1826  0.0  0.0  100
1827  0.0  0.0  12
1828  -2.0  2.0  100
1829  0.0  0.0  12
1830  0.0  0.0  12
1831  0.0  0.0  12
1832  -2.0  2.0  11
1833  0.0  0.0  100
1834  -8.0  8.0  100
1835  0.0  0.0  100
1836  20.0  -20.0  6
1837  10.0  -10.0  7
1838  0.0  0.0  12
1839  -4.0  4.0  100
1840  0.0  0.0  100
1841  0.0  0.0  12
1842  -6.0  6.0  100
1843  0.0  0.0  100
1844  0.0  0.0  12
1845  2.0  -2.0  9
1846  0.0  0.0  100
1847  -6.0  6.0  100
1848  0.0  0.0  12
1849  -2.0  2.0  11
1850  6.0  -6.0  9
1851  -6.0  6.0  100
1852  0.0  0.0  12
1853  0.0  0.0  100
1854  -4.0  4.0  100
1855  -4.0  4.0  100
1856  -8.0  8.0  100
1857  0.0  0.0  12
1858  0.0  0.0  100
1859  -2.0  2.0  100
1860  0.0  0.0  12
1861  0.0  0.0  100
1862  -2.0  2.0  11
1863  20.0  -20.0  6
1864  -4.0  4.0  100
1865  -6.0  6.0  100
1866  0.0  0.0  12
1867  -8.0  8.0  100
1868  -2.0  2.0  100
1869  0.0  0.0  12
1870  -2.0  2.0  100
1871  -2.0  2.0  100
1872  -8.0  8.0  100
1873  -4.0  4.0  100
1874  -6.0  6.0  100
1875  -4.0  4.0  100
1876  0.0  0.0  12
1877  -6.0  6.0  100
1878  -2.0  2.0  11
1879  0.0  0.0  12
1880  -2.0  2.0  100
1881  -2.0  2.0  11
1882  0.0  0.0  100
1883  4.0  -4.0  10
1884  0.0  0.0  12
1885  20.0  -20.0  6
1886  0.0  0.0  100
1887  0.0  0.0  100
1888  0.0  0.0  12
1889  0.0  0.0  100
1890  0.0  0.0  12
1891  0.0  0.0  12
1892  0.0  0.0  12
1893  0.0  0.0  100
1894  20.0  -20.0  6
1895  0.0  0.0  12
1896  -2.0  2.0  11
1897  0.0  0.0  12
1898  0.0  0.0  12
1899  0.0  0.0  100
1900  0.0  0.0  12
1901  0.0  0.0  12
1902  -10.0  10.0  100
1903  0.0  0.0  12
1904  -2.0  2.0  100
1905  0.0  0.0  12
1906  -2.0  2.0  100
1907  0.0  0.0  100
1908  0.0  0.0  100
1909  20.0  -20.0  6
1910  0.0  0.0  12
1911  -6.0  6.0  100
1912  0.0  0.0  100
1913  -2.0  2.0  100
1914  -4.0  4.0  100
1915  0.0  0.0  12
1916  0.0  0.0  12
1917  -2.0  2.0  11
1918  0.0  0.0  100
1919  -6.0  6.0  100
1920  0.0  0.0  12
1921  -6.0  6.0  100
1922  0.0  0.0  12
1923  0.0  0.0  12
1924  20.0  -20.0  6
1925  4.0  -4.0  10
1926  -6.0  6.0  100
1927  0.0  0.0  12
1928  -2.0  2.0  100
1929  0.0  0.0  100
1930  0.0  0.0  12
1931  0.0  0.0  100
1932  -4.0  4.0  100
1933  -6.0  6.0  100
1934  0.0  0.0  100
1935  -2.0  2.0  11
1936  8.0  -8.0  8
1937  -6.0  6.0  100
1938  20.0  -20.0  6
1939  -4.0  4.0  100
1940  0.0  0.0  12
1941  -4.0  4.0  100
1942  -2.0  2.0  100
1943  -4.0  4.0  100
1944  -2.0  2.0  100
1945  0.0  0.0  12
1946  0.0  0.0  12
1947  0.0  0.0  12
1948  -8.0  8.0  100
1949  0.0  0.0  12
1950  -6.0  6.0  100
1951  0.0  0.0  12
1952  0.0  0.0  100
1953  0.0  0.0  12
1954  0.0  0.0  12
1955  -2.0  2.0  11
1956  0.0  0.0  12
1957  0.0  0.0  12
1958  0.0  0.0  100
1959  -10.0  10.0  100
1960  6.0  -6.0  9
1961  0.0  0.0  12
1962  0.0  0.0  12
1963  0.0  0.0  12
1964  -12.0  12.0  100
1965  -2.0  2.0  11
1966  -4.0  4.0  100
1967  0.0  0.0  12
1968  0.0  0.0  12
1969  -2.0  2.0  100
1970  0.0  0.0  100
1971  0.0  0.0  12
1972  -6.0  6.0  100
1973  0.0  0.0  100
1974  0.0  0.0  100
1975  0.0  0.0  100
1976  0.0  0.0  100
1977  0.0  0.0  12
1978  0.0  0.0  12
1979  0.0  0.0  12
1980  0.0  0.0  12
1981  -8.0  8.0  100
1982  0.0  0.0  12
1983  -6.0  6.0  100
1984  0.0  0.0  12
1985  -6.0  6.0  100
1986  -4.0  4.0  10
1987  0.0  0.0  12
1988  0.0  0.0  12
1989  -8.0  8.0  100
1990  0.0  0.0  100
1991  0.0  0.0  12
1992  -4.0  4.0  100
1993  0.0  0.0  100
1994  0.0  0.0  12
1995  -6.0  6.0  100
1996  0.0  0.0  12
1997  -2.0  2.0  100
1998  8.0  -8.0  8
1999  0.0  0.0  100
2000  -2.0  2.0  11
2001  -4.0  4.0  100
2002  0.0  0.0  12
2003  -8.0  8.0  100
2004  0.0  0.0  12
2005  0.0  0.0  100
2006  -2.0  2.0  11
2007  0.0  0.0  12
2008  0.0  0.0  12
2009  0.0  0.0  12
2010  0.0  0.0  12
2011  -2.0  2.0  100
2012  20.0  -20.0  6
2013  -2.0  2.0  11
2014  0.0  0.0  12
2015  0.0  0.0  12
2016  -2.0  2.0  100
2017  0.0  0.0  12
2018  20.0  -20.0  6
2019  0.0  0.0  12
2020  -2.0  2.0  100
2021  0.0  0.0  12
2022  0.0  0.0  12
2023  0.0  0.0  100
2024  -2.0  2.0  100
2025  0.0  0.0  12
2026  0.0  0.0  12
2027  -6.0  6.0  100
2028  0.0  0.0  12
2029  0.0  0.0  12
2030  -2.0  2.0  11
2031  0.0  0.0  12
2032  -2.0  2.0  100
2033  0.0  0.0  100
2034  0.0  0.0  100
2035  0.0  0.0  100
2036  -2.0  2.0  11
2037  0.0  0.0  12
2038  0.0  0.0  12
2039  -8.0  8.0  100
2040  -6.0  6.0  100
2041  0.0  0.0  12
2042  -4.0  4.0  100
2043  0.0  0.0  12
2044  -10.0  10.0  100
2045  0.0  0.0  12
2046  0.0  0.0  12
2047  0.0  0.0  100
2048  0.0  0.0  100
2049  0.0  0.0  12
2050  20.0  -20.0  6
2051  -4.0  4.0  100
2052  -2.0  2.0  11
2053  0.0  0.0  100
2054  4.0  -4.0  10
2055  -6.0  6.0  100
2056  -2.0  2.0  100
2057  0.0  0.0  100
2058  0.0  0.0  100
2059  -2.0  2.0  100
2060  0.0  0.0  12
2061  0.0  0.0  12
2062  -2.0  2.0  11
2063  -2.0  2.0  100
2064  -4.0  4.0  100
2065  -2.0  2.0  100
2066  -2.0  2.0  100
2067  -4.0  4.0  10
2068  -2.0  2.0  100
2069  -2.0  2.0  100
2070  -2.0  2.0  100
2071  0.0  0.0  12
2072  -4.0  4.0  100
2073  0.0  0.0  12
2074  0.0  0.0  12
2075  0.0  0.0  100
2076  0.0  0.0  100
2077  -2.0  2.0  100
2078  0.0  0.0  12
2079  20.0  -20.0  6
2080  0.0  0.0  12
2081  -4.0  4.0  100
2082  0.0  0.0  12
2083  -6.0  6.0  100
2084  -2.0  2.0  100
2085  0.0  0.0  12
2086  0.0  0.0  100
2087  -2.0  2.0  100
2088  -6.0  6.0  100
2089  0.0  0.0  100
2090  -6.0  6.0  100
2091  0.0  0.0  12
2092  0.0  0.0  12
2093  10.0  -10.0  7
2094  -10.0  10.0  100
2095  0.0  0.0  100
2096  0.0  0.0  12
2097  0.0  0.0  12
2098  0.0  0.0  100
2099  -4.0  4.0  100
2100  -2.0  2.0  11
2101  0.0  0.0  12
2102  0.0  0.0  12
2103  -6.0  6.0  100
2104  0.0  0.0  100
2105  0.0  0.0  12
2106  -4.0  4.0  100
2107  2.0  -2.0  11
2108  20.0  -20.0  6
2109  0.0  0.0  12
2110  -2.0  2.0  100
2111  0.0  0.0  12
2112  0.0  0.0  12
2113  0.0  0.0  100
2114  0.0  0.0  12
2115  0.0  0.0  12
2116  -4.0  4.0  100
2117  -2.0  2.0  11
2118  0.0  0.0  12
2119  0.0  0.0  12
2120  0.0  0.0  12
2121  0.0  0.0  12
2122  0.0  0.0  100
2123  0.0  0.0  100
2124  -6.0  6.0  100
2125  0.0  0.0  12
2126  20.0  -20.0  6
2127  0.0  0.0  12
2128  -6.0  6.0  100
2129  -8.0  8.0  100
2130  0.0  0.0  100
2131  -4.0  4.0  100
2132  -6.0  6.0  100
2133  0.0  0.0  12
2134  0.0  0.0  12
2135  0.0  0.0  12
2136  0.0  0.0  12
2137  -2.0  2.0  100
2138  0.0  0.0  12
2139  0.0  0.0  100
2140  0.0  0.0  100
2141  0.0  0.0  12
2142  0.0  0.0  100
2143  -4.0  4.0  100
2144  -2.0  2.0  11
2145  0.0  0.0  100
2146  -10.0  10.0  100
2147  0.0  0.0  100
2148  0.0  0.0  12
2149  0.0  0.0  12
2150  0.0  0.0  12
2151  0.0  0.0  12
2152  0.0  0.0  100
2153  0.0  0.0  12
2154  10.0  -10.0  7
2155  0.0  0.0  100
2156  0.0  0.0  12
2157  0.0  0.0  12
2158  0.0  0.0  12
2159  0.0  0.0  100
2160  0.0  0.0  12
2161  0.0  0.0  12
2162  0.0  0.0  12
2163  0.0  0.0  12
2164  0.0  0.0  12
2165  0.0  0.0  100
2166  -6.0  6.0  100
2167  0.0  0.0  100
2168  0.0  0.0  100
2169  10.0  -10.0  7
2170  0.0  0.0  12
2171  20.0  -20.0  6
2172  20.0  -20.0  6
2173  0.0  0.0  12
2174  0.0  0.0  12
2175  0.0  0.0  12
2176  0.0  0.0  12
2177  -8.0  8.0  100
2178  0.0  0.0  12
2179  -8.0  8.0  100
2180  0.0  0.0  12
2181  -2.0  2.0  11
2182  0.0  0.0  12
2183  -8.0  8.0  100
2184  -2.0  2.0  100
2185  0.0  0.0  12
2186  0.0  0.0  100
2187  -6.0  6.0  100
2188  0.0  0.0  100
2189  -6.0  6.0  100
2190  10.0  -10.0  7
2191  0.0  0.0  100
2192  4.0  -4.0  10
2193  0.0  0.0  100
2194  -6.0  6.0  100
2195  -6.0  6.0  100
2196  -6.0  6.0  100
2197  0.0  0.0  100
2198  -2.0  2.0  100
2199  0.0  0.0  12
2200  -6.0  6.0  100
2201  -8.0  8.0  100
2202  -4.0  4.0  100
2203  -8.0  8.0  100
2204  6.0  -6.0  9
2205  -4.0  4.0  100
2206  -4.0  4.0  100
2207  0.0  0.0  12
2208  0.0  0.0  100
2209  0.0  0.0  12
2210  -2.0  2.0  100
2211  0.0  0.0  100
2212  -6.0  6.0  100
2213  20.0  -20.0  6
2214  -6.0  6.0  100
2215  -2.0  2.0  100
2216  0.0  0.0  12
2217  -8.0  8.0  100
2218  0.0  0.0  12
2219  -2.0  2.0  100
2220  0.0  0.0  12
2221  0.0  0.0  12
2222  0.0  0.0  100
2223  0.0  0.0  12
2224  -2.0  2.0  100
2225  0.0  0.0  12
2226  -6.0  6.0  100
2227  0.0  0.0  100
2228  0.0  0.0  100
2229  -2.0  2.0  11
2230  4.0  -4.0  10
2231  0.0  0.0  12
2232  0.0  0.0  100
2233  0.0  0.0  100
2234  -2.0  2.0  100
2235  0.0  0.0  12
2236  0.0  0.0  100
2237  4.0  -4.0  10
2238  0.0  0.0  12
2239  0.0  0.0  12
2240  0.0  0.0  100
2241  -6.0  6.0  100
2242  0.0  0.0  12
2243  0.0  0.0  12
2244  20.0  -20.0  6
2245  -2.0  2.0  100
2246  0.0  0.0  12
2247  0.0  0.0  12
2248  0.0  0.0  100
2249  0.0  0.0  100
2250  0.0  0.0  12
2251  0.0  0.0  12
2252  0.0  0.0  100
2253  20.0  -20.0  6
2254  -2.0  2.0  11
2255  -2.0  2.0  11
2256  0.0  0.0  12
2257  0.0  0.0  12
2258  -6.0  6.0  100
2259  -6.0  6.0  100
2260  0.0  0.0  100
2261  0.0  0.0  12
2262  0.0  0.0  100
2263  -2.0  2.0  100
2264  0.0  0.0  12
2265  0.0  0.0  12
2266  0.0  0.0  100
2267  0.0  0.0  12
2268  -6.0  6.0  100
2269  -2.0  2.0  11
2270  -2.0  2.0  11
2271  -8.0  8.0  100
2272  -6.0  6.0  100
2273  -8.0  8.0  100
2274  -2.0  2.0  11
2275  0.0  0.0  100
2276  10.0  -10.0  7
2277  0.0  0.0  12
2278  0.0  0.0  12
2279  -2.0  2.0  100
2280  20.0  -20.0  6
2281  0.0  0.0  12
2282  -10.0  10.0  100
2283  -6.0  6.0  100
2284  -8.0  8.0  100
2285  0.0  0.0  12
2286  -6.0  6.0  100
2287  0.0  0.0  100
2288  2.0  -2.0  11
2289  -4.0  4.0  100
2290  0.0  0.0  12
2291  0.0  0.0  12
2292  -8.0  8.0  100
2293  -2.0  2.0  11
2294  0.0  0.0  12
2295  20.0  -20.0  6
2296  0.0  0.0  12
2297  -4.0  4.0  100
2298  0.0  0.0  12
2299  0.0  0.0  100
2300  -8.0  8.0  100
2301  -6.0  6.0  100
2302  0.0  0.0  12
2303  0.0  0.0  100
2304  0.0  0.0  12
2305  -6.0  6.0  100
2306  -2.0  2.0  100
2307  0.0  0.0  100
2308  0.0  0.0  12
2309  -2.0  2.0  11
2310  0.0  0.0  12
2311  -2.0  2.0  11
2312  0.0  0.0  12
2313  -4.0  4.0  100
2314  -2.0  2.0  100
2315  -4.0  4.0  10
2316  20.0  -20.0  6
2317  -2.0  2.0  100
2318  4.0  -4.0  10
2319  0.0  0.0  12
2320  0.0  0.0  12
2321  20.0  -20.0  6
2322  0.0  0.0  12
2323  -6.0  6.0  100
2324  -6.0  6.0  100
2325  -2.0  2.0  11
2326  0.0  0.0  12
2327  0.0  0.0  12
2328  10.0  -10.0  7
2329  -2.0  2.0  100
2330  0.0  0.0  12
2331  20.0  -20.0  6
2332  0.0  0.0  12
2333  -8.0  8.0  100
2334  -4.0  4.0  100
2335  -2.0  2.0  11
2336  0.0  0.0  100
2337  0.0  0.0  100
2338  -2.0  2.0  100
2339  0.0  0.0  100
2340  -2.0  2.0  100
2341  0.0  0.0  12
2342  16.0  -16.0  66
2343  8.0  -8.0  8
2344  -4.0  4.0  100
2345  -2.0  2.0  11
2346  -2.0  2.0  100
2347  0.0  0.0  100
2348  0.0  0.0  100
2349  0.0  0.0  12
2350  -2.0  2.0  100
2351  -4.0  4.0  100
2352  0.0  0.0  12
2353  -2.0  2.0  11
2354  0.0  0.0  12
2355  -4.0  4.0  100
2356  0.0  0.0  100
2357  20.0  -20.0  6
2358  0.0  0.0  12
2359  -2.0  2.0  11
2360  0.0  0.0  12
2361  -8.0  8.0  100
2362  0.0  0.0  100
2363  0.0  0.0  12
2364  -6.0  6.0  100
2365  0.0  0.0  100
2366  -8.0  8.0  100
2367  0.0  0.0  12
2368  0.0  0.0  12
2369  0.0  0.0  100
2370  0.0  0.0  12
2371  -2.0  2.0  100
2372  -6.0  6.0  100
2373  0.0  0.0  100
2374  0.0  0.0  12
2375  0.0  0.0  12
2376  -4.0  4.0  100
2377  8.0  -8.0  8
2378  -2.0  2.0  100
2379  0.0  0.0  12
2380  0.0  0.0  12
2381  0.0  0.0  100
2382  -8.0  8.0  100
2383  -10.0  10.0  100
2384  -2.0  2.0  100
2385  0.0  0.0  100
2386  -8.0  8.0  100
2387  -4.0  4.0  100
2388  -4.0  4.0  100
2389  -2.0  2.0  100
2390  0.0  0.0  12
2391  -8.0  8.0  100
2392  0.0  0.0  12
2393  -2.0  2.0  11
2394  0.0  0.0  12
2395  0.0  0.0  12
2396  -2.0  2.0  11
2397  0.0  0.0  100
2398  0.0  0.0  100
2399  20.0  -20.0  6
2400  -4.0  4.0  100
2401  0.0  0.0  12
2402  2.0  -2.0  11
2403  -6.0  6.0  100
2404  -6.0  6.0  100
2405  -2.0  2.0  100
2406  -2.0  2.0  100
2407  -8.0  8.0  100
2408  0.0  0.0  100
2409  0.0  0.0  12
2410  10.0  -10.0  7
2411  6.0  -6.0  100
2412  0.0  0.0  12
2413  0.0  0.0  12
2414  0.0  0.0  12
2415  0.0  0.0  12
2416  0.0  0.0  100
2417  -2.0  2.0  100
2418  -2.0  2.0  100
2419  -2.0  2.0  11
2420  0.0  0.0  12
2421  0.0  0.0  100
2422  0.0  0.0  100
2423  0.0  0.0  100
2424  8.0  -8.0  8
2425  -8.0  8.0  100
2426  -6.0  6.0  100
2427  0.0  0.0  100
2428  16.0  -16.0  6
2429  -4.0  4.0  100
2430  -2.0  2.0  100
2431  -2.0  2.0  100
2432  0.0  0.0  12
2433  -4.0  4.0  100
2434  -4.0  4.0  100
2435  20.0  -20.0  6
2436  -8.0  8.0  100
2437  -2.0  2.0  11
2438  0.0  0.0  100
2439  0.0  0.0  12
2440  -2.0  2.0  100
2441  0.0  0.0  12
2442  0.0  0.0  12
2443  -2.0  2.0  100
2444  0.0  0.0  12
2445  -6.0  6.0  100
2446  20.0  -20.0  6
2447  -8.0  8.0  100
2448  -2.0  2.0  11
2449  0.0  0.0  100
2450  -6.0  6.0  100
2451  -2.0  2.0  100
2452  -2.0  2.0  100
2453  0.0  0.0  100
2454  -10.0  10.0  100
2455  10.0  -10.0  7
2456  0.0  0.0  12
2457  0.0  0.0  12
2458  0.0  0.0  100
2459  6.0  -6.0  7
2460  0.0  0.0  100
2461  0.0  0.0  100
2462  -6.0  6.0  100
2463  -8.0  8.0  100
2464  -2.0  2.0  100
2465  -4.0  4.0  100
2466  0.0  0.0  100
2467  0.0  0.0  12
2468  0.0  0.0  12
2469  -6.0  6.0  100
2470  20.0  -20.0  6
2471  0.0  0.0  12
2472  0.0  0.0  12
2473  -4.0  4.0  100
2474  8.0  -8.0  8
2475  -2.0  2.0  11
2476  -8.0  8.0  100
2477  0.0  0.0  12
2478  -2.0  2.0  100
2479  0.0  0.0  12
2480  0.0  0.0  100
2481  0.0  0.0  100
2482  0.0  0.0  12
2483  0.0  0.0  12
2484  0.0  0.0  12
2485  0.0  0.0  100
2486  0.0  0.0  12
2487  20.0  -20.0  6
2488  0.0  0.0  12
2489  0.0  0.0  100
2490  0.0  0.0  100
2491  0.0  0.0  12
2492  10.0  -10.0  7
2493  0.0  0.0  12
2494  -4.0  4.0  100
2495  0.0  0.0  12
2496  0.0  0.0  12
2497  0.0  0.0  12
2498  0.0  0.0  100
2499  0.0  0.0  100
2500  -6.0  6.0  100
2501  -2.0  2.0  100
2502  -2.0  2.0  11
2503  -6.0  6.0  100
2504  0.0  0.0  12
2505  -2.0  2.0  11
2506  -2.0  2.0  100
2507  -6.0  6.0  100
2508  0.0  0.0  12
2509  -8.0  8.0  100
2510  0.0  0.0  12
2511  -4.0  4.0  100
2512  0.0  0.0  100
2513  0.0  0.0  12
2514  -2.0  2.0  11
2515  -2.0  2.0  11
2516  0.0  0.0  12
2517  0.0  0.0  100
2518  8.0  -8.0  8
2519  -2.0  2.0  11
2520  -4.0  4.0  100
2521  20.0  -20.0  6
2522  0.0  0.0  100
2523  10.0  -10.0  7
2524  0.0  0.0  12
2525  0.0  0.0  100
2526  -4.0  4.0  100
2527  -2.0  2.0  100
2528  0.0  0.0  12
2529  0.0  0.0  100
2530  -2.0  2.0  100
2531  0.0  0.0  12
2532  -2.0  2.0  11
2533  0.0  0.0  100
2534  -2.0  2.0  100
2535  0.0  0.0  12
2536  -2.0  2.0  100
2537  -12.0  12.0  100
2538  4.0  -4.0  10
2539  10.0  -10.0  7
2540  0.0  0.0  12
2541  0.0  0.0  12
2542  0.0  0.0  100
2543  -4.0  4.0  100
2544  0.0  0.0  100
2545  0.0  0.0  100
2546  -4.0  4.0  100
2547  -2.0  2.0  11
2548  -2.0  2.0  11
2549  -2.0  2.0  11
2550  0.0  0.0  12
2551  -2.0  2.0  11
2552  -6.0  6.0  100
2553  -2.0  2.0  11
2554  0.0  0.0  12
2555  -4.0  4.0  100
2556  0.0  0.0  100
2557  0.0  0.0  12
2558  0.0  0.0  12
2559  0.0  0.0  100
2560  0.0  0.0  100
2561  -2.0  2.0  11
2562  -4.0  4.0  100
2563  0.0  0.0  12
2564  0.0  0.0  12
2565  -2.0  2.0  100
2566  0.0  0.0  12
2567  2.0  -2.0  11
2568  20.0  -20.0  6
2569  0.0  0.0  12
2570  -8.0  8.0  100
2571  0.0  0.0  100
2572  -4.0  4.0  10
2573  0.0  0.0  100
2574  -6.0  6.0  100
2575  -6.0  6.0  100
2576  0.0  0.0  12
2577  -10.0  10.0  100
2578  0.0  0.0  100
2579  0.0  0.0  12
2580  -2.0  2.0  11
2581  0.0  0.0  100
2582  -10.0  10.0  100
2583  0.0  0.0  100
2584  20.0  -20.0  6
2585  0.0  0.0  12
2586  -8.0  8.0  100
2587  0.0  0.0  100
2588  0.0  0.0  12
2589  0.0  0.0  100
2590  -2.0  2.0  100
2591  0.0  0.0  12
2592  0.0  0.0  100
2593  0.0  0.0  12
2594  0.0  0.0  12
2595  20.0  -20.0  6
2596  0.0  0.0  12
2597  0.0  0.0  12
2598  -8.0  8.0  100
2599  -6.0  6.0  100
2600  -2.0  2.0  11
2601  0.0  0.0  12
2602  -6.0  6.0  100
2603  0.0  0.0  12
2604  0.0  0.0  100
2605  0.0  0.0  12
2606  0.0  0.0  100
2607  0.0  0.0  12
2608  0.0  0.0  12
2609  0.0  0.0  100
2610  0.0  0.0  100
2611  0.0  0.0  12
2612  0.0  0.0  12
2613  0.0  0.0  100
2614  -8.0  8.0  100
2615  -2.0  2.0  100
2616  20.0  -20.0  6
2617  0.0  0.0  12
2618  0.0  0.0  12
2619  -4.0  4.0  100
2620  -4.0  4.0  100
2621  -2.0  2.0  11
2622  -2.0  2.0  100
2623  0.0  0.0  100
2624  0.0  0.0  12
2625  -8.0  8.0  100
2626  -4.0  4.0  100
2627  -4.0  4.0  100
2628  -6.0  6.0  100
2629  -6.0  6.0  100
2630  0.0  0.0  12
2631  -4.0  4.0  100
2632  -4.0  4.0  100
2633  -4.0  4.0  100
2634  0.0  0.0  100
2635  -2.0  2.0  11
2636  0.0  0.0  12
2637  0.0  0.0  12
2638  0.0  0.0  12
2639  0.0  0.0  12
2640  -8.0  8.0  100
2641  -6.0  6.0  100
2642  0.0  0.0  100
2643  0.0  0.0  100
2644  0.0  0.0  12
2645  -6.0  6.0  100
2646  0.0  0.0  12
2647  0.0  0.0  12
2648  0.0  0.0  100
2649  -2.0  2.0  11
2650  20.0  -20.0  6
2651  0.0  0.0  100
2652  -8.0  8.0  100
2653  0.0  0.0  12
2654  -2.0  2.0  100
2655  20.0  -20.0  6
2656  -4.0  4.0  100
2657  0.0  0.0  12
2658  0.0  0.0  12
2659  -6.0  6.0  100
2660  0.0  0.0  100
2661  -8.0  8.0  100
2662  8.0  -8.0  8
2663  0.0  0.0  12
2664  -2.0  2.0  100
2665  0.0  0.0  12
2666  -2.0  2.0  11
2667  -6.0  6.0  100
2668  10.0  -10.0  7
2669  -4.0  4.0  100
2670  0.0  0.0  100
2671  0.0  0.0  100
2672  8.0  -8.0  8
2673  0.0  0.0  12
2674  -4.0  4.0  100
2675  -4.0  4.0  100
2676  -4.0  4.0  100
2677  0.0  0.0  12
2678  -6.0  6.0  100
2679  0.0  0.0  12
2680  0.0  0.0  12
2681  0.0  0.0  12
2682  0.0  0.0  100
2683  20.0  -20.0  6
2684  8.0  -8.0  8
2685  -4.0  4.0  100
2686  -2.0  2.0  11
2687  0.0  0.0  100
2688  -2.0  2.0  100
2689  0.0  0.0  100
2690  2.0  -2.0  11
2691  -6.0  6.0  100
2692  -4.0  4.0  100
2693  -10.0  10.0  100
2694  0.0  0.0  100
2695  0.0  0.0  100
2696  0.0  0.0  100
2697  -10.0  10.0  100
2698  -2.0  2.0  100
2699  0.0  0.0  100
2700  0.0  0.0  100
2701  -2.0  2.0  11
2702  0.0  0.0  100
2703  -4.0  4.0  100
2704  -6.0  6.0  100
2705  0.0  0.0  10
2706  0.0  0.0  100
2707  0.0  0.0  12
2708  20.0  -20.0  6
2709  0.0  0.0  12
2710  -2.0  2.0  11
2711  -2.0  2.0  11
2712  0.0  0.0  12
2713  0.0  0.0  100
2714  -2.0  2.0  100
2715  -2.0  2.0  100
2716  0.0  0.0  12
2717  0.0  0.0  12
2718  0.0  0.0  12
2719  0.0  0.0  12
2720  0.0  0.0  100
2721  0.0  0.0  12
2722  -2.0  2.0  11
2723  0.0  0.0  12
2724  0.0  0.0  12
2725  -4.0  4.0  10
2726  0.0  0.0  12
2727  0.0  0.0  100
2728  8.0  -8.0  8
2729  -6.0  6.0  100
2730  0.0  0.0  12
2731  -2.0  2.0  11
2732  6.0  -6.0  100
2733  0.0  0.0  12
2734  6.0  -6.0  9
2735  20.0  -20.0  6
2736  0.0  0.0  12
2737  -6.0  6.0  100
2738  0.0  0.0  12
2739  -2.0  2.0  100
2740  0.0  0.0  12
2741  0.0  0.0  12
2742  0.0  0.0  12
2743  0.0  0.0  12
2744  -6.0  6.0  100
2745  0.0  0.0  12
2746  0.0  0.0  12
2747  0.0  0.0  100
2748  0.0  0.0  12
2749  0.0  0.0  100
2750  -4.0  4.0  100
2751  2.0  -2.0  11
2752  8.0  -8.0  8
2753  0.0  0.0  12
2754  -8.0  8.0  100
2755  0.0  0.0  100
2756  -4.0  4.0  100
2757  0.0  0.0  100
2758  0.0  0.0  12
2759  -6.0  6.0  100
2760  -8.0  8.0  100
2761  0.0  0.0  12
2762  0.0  0.0  12
2763  0.0  0.0  100
2764  0.0  0.0  12
2765  -8.0  8.0  100
2766  0.0  0.0  100
2767  -6.0  6.0  100
2768  -6.0  6.0  100
2769  -8.0  8.0  100
2770  0.0  0.0  12
2771  -6.0  6.0  100
2772  0.0  0.0  12
2773  0.0  0.0  12
2774  -4.0  4.0  100
2775  -2.0  2.0  11
2776  0.0  0.0  12
2777  -2.0  2.0  100
2778  0.0  0.0  12
2779  -2.0  2.0  100
2780  -4.0  4.0  10
2781  -4.0  4.0  100
2782  0.0  0.0  12
2783  0.0  0.0  100
2784  0.0  0.0  12
2785  0.0  0.0  100
2786  -2.0  2.0  11
2787  -2.0  2.0  100
2788  0.0  0.0  100
2789  -2.0  2.0  100
2790  -4.0  4.0  100
2791  -4.0  4.0  100
2792  0.0  0.0  12
2793  -4.0  4.0  10
2794  0.0  0.0  100
2795  0.0  0.0  100
2796  -2.0  2.0  11
2797  -10.0  10.0  100
2798  0.0  0.0  100
2799  0.0  0.0  100
2800  -2.0  2.0  100
2801  0.0  0.0  12
2802  0.0  0.0  100
2803  -4.0  4.0  100
2804  8.0  -8.0  8
2805  -2.0  2.0  100
2806  0.0  0.0  12
2807  -6.0  6.0  100
2808  0.0  0.0  12
2809  0.0  0.0  12
2810  -8.0  8.0  100
2811  -6.0  6.0  100
2812  0.0  0.0  100
2813  0.0  0.0  12
2814  -2.0  2.0  100
2815  0.0  0.0  100
2816  -6.0  6.0  100
2817  0.0  0.0  12
2818  -6.0  6.0  100
2819  0.0  0.0  12
2820  0.0  0.0  12
2821  0.0  0.0  12
2822  -4.0  4.0  100
2823  0.0  0.0  12
2824  0.0  0.0  12
2825  0.0  0.0  12
2826  0.0  0.0  12
2827  4.0  -4.0  10
2828  -2.0  2.0  11
2829  -2.0  2.0  100
2830  0.0  0.0  12
2831  0.0  0.0  100
2832  0.0  0.0  12
2833  -4.0  4.0  100
2834  -2.0  2.0  11
2835  0.0  0.0  12
2836  4.0  -4.0  10
2837  -8.0  8.0  100
2838  -2.0  2.0  11
2839  20.0  -20.0  6
2840  0.0  0.0  12
2841  0.0  0.0  12
2842  0.0  0.0  12
2843  0.0  0.0  12
2844  0.0  0.0  12
2845  8.0  -8.0  8
2846  -8.0  8.0  100
2847  0.0  0.0  12
2848  0.0  0.0  12
2849  2.0  -2.0  11
2850  -6.0  6.0  100
2851  0.0  0.0  12
2852  0.0  0.0  12
2853  0.0  0.0  12
2854  0.0  0.0  12
2855  0.0  0.0  12
2856  -2.0  2.0  100
2857  0.0  0.0  100
2858  0.0  0.0  100
2859  0.0  0.0  100
2860  0.0  0.0  12
2861  0.0  0.0  100
2862  0.0  0.0  12
2863  0.0  0.0  100
2864  0.0  0.0  12
2865  0.0  0.0  12
2866  20.0  -20.0  6
2867  -2.0  2.0  11
2868  16.0  -16.0  30
2869  0.0  0.0  12
2870  -2.0  2.0  100
2871  0.0  0.0  100
2872  0.0  0.0  12
2873  -2.0  2.0  100
2874  -4.0  4.0  100
2875  -2.0  2.0  100
2876  -8.0  8.0  100
2877  0.0  0.0  100
2878  0.0  0.0  12
2879  0.0  0.0  12
2880  -12.0  12.0  100
2881  0.0  0.0  100
2882  -10.0  10.0  100
2883  0.0  0.0  12
2884  -4.0  4.0  100
2885  0.0  0.0  12
2886  0.0  0.0  12
2887  0.0  0.0  12
2888  -4.0  4.0  100
2889  0.0  0.0  12
2890  8.0  -8.0  8
2891  20.0  -20.0  6
2892  0.0  0.0  12
2893  0.0  0.0  100
2894  -2.0  2.0  100
2895  0.0  0.0  12
2896  -2.0  2.0  100
2897  6.0  -6.0  9
2898  -2.0  2.0  100
2899  0.0  0.0  100
2900  8.0  -8.0  8
2901  0.0  0.0  12
2902  -8.0  8.0  100
2903  20.0  -20.0  6
2904  0.0  0.0  12
2905  -2.0  2.0  100
2906  -6.0  6.0  100
2907  0.0  0.0  100
2908  0.0  0.0  100
2909  -4.0  4.0  100
2910  -2.0  2.0  11
2911  0.0  0.0  100
2912  -2.0  2.0  100
2913  -2.0  2.0  100
2914  0.0  0.0  12
2915  20.0  -20.0  6
2916  0.0  0.0  100
2917  0.0  0.0  100
2918  0.0  0.0  12
2919  0.0  0.0  12
2920  20.0  -20.0  6
2921  20.0  -20.0  6
2922  -2.0  2.0  11
2923  0.0  0.0  12
2924  0.0  0.0  100
2925  2.0  -2.0  11
2926  -4.0  4.0  100
2927  -12.0  12.0  100
2928  -4.0  4.0  100
2929  4.0  -4.0  8
2930  -2.0  2.0  100
2931  -2.0  2.0  100
2932  0.0  0.0  12
2933  0.0  0.0  12
2934  -2.0  2.0  11
2935  -6.0  6.0  100
2936  0.0  0.0  100
2937  -8.0  8.0  100
2938  0.0  0.0  100
2939  -6.0  6.0  100
2940  0.0  0.0  100
2941  -4.0  4.0  100
2942  -4.0  4.0  100
2943  0.0  0.0  12
2944  -2.0  2.0  11
2945  0.0  0.0  100
2946  -2.0  2.0  100
2947  20.0  -20.0  6
2948  -6.0  6.0  100
2949  2.0  -2.0  9
2950  -4.0  4.0  100
2951  -2.0  2.0  11
2952  0.0  0.0  12
2953  0.0  0.0  12
2954  0.0  0.0  12
2955  0.0  0.0  100
2956  0.0  0.0  12
2957  -2.0  2.0  11
2958  -8.0  8.0  100
2959  0.0  0.0  100
2960  -2.0  2.0  100
2961  0.0  0.0  12
2962  -2.0  2.0  100
2963  -2.0  2.0  11
2964  0.0  0.0  12
2965  -2.0  2.0  11
2966  -2.0  2.0  100
2967  -2.0  2.0  11
2968  2.0  -2.0  9
2969  0.0  0.0  100
2970  -4.0  4.0  100
2971  4.0  -4.0  10
2972  -2.0  2.0  11
2973  0.0  0.0  100
2974  -10.0  10.0  100
2975  0.0  0.0  100
2976  0.0  0.0  100
2977  -2.0  2.0  100
2978  8.0  -8.0  36
2979  0.0  0.0  12
2980  0.0  0.0  12
2981  0.0  0.0  12
2982  -10.0  10.0  100
2983  -2.0  2.0  11
2984  10.0  -10.0  7
2985  0.0  0.0  12
2986  -2.0  2.0  100
2987  0.0  0.0  12
2988  0.0  0.0  12
2989  -4.0  4.0  100
2990  -4.0  4.0  100
2991  -2.0  2.0  100
2992  0.0  0.0  12
2993  -2.0  2.0  100
2994  0.0  0.0  100
2995  6.0  -6.0  9
2996  0.0  0.0  100
2997  0.0  0.0  12
2998  0.0  0.0  12
2999  0.0  0.0  12
3000  0.0  0.0  12
3001  20.0  -20.0  6
3002  0.0  0.0  12
3003  2.0  -2.0  11
3004  0.0  0.0  100
3005  0.0  0.0  12
3006  0.0  0.0  100
3007  0.0  0.0  100
3008  -2.0  2.0  100
3009  -4.0  4.0  100
3010  -8.0  8.0  100
3011  0.0  0.0  12
3012  -2.0  2.0  100
3013  0.0  0.0  12
3014  0.0  0.0  12
3015  0.0  0.0  12
3016  0.0  0.0  12
3017  0.0  0.0  12
3018  0.0  0.0  12
3019  -8.0  8.0  100
3020  -4.0  4.0  100
3021  -6.0  6.0  100
3022  0.0  0.0  12
3023  0.0  0.0  12
3024  -2.0  2.0  11
3025  0.0  0.0  12
3026  0.0  0.0  100
3027  0.0  0.0  12
3028  20.0  -20.0  6
3029  -10.0  10.0  100
3030  0.0  0.0  12
3031  0.0  0.0  100
3032  -2.0  2.0  100
3033  -2.0  2.0  100
3034  0.0  0.0  12
3035  0.0  0.0  12
3036  8.0  -8.0  8
3037  0.0  0.0  12
3038  0.0  0.0  12
3039  -12.0  12.0  100
3040  -2.0  2.0  11
3041  -2.0  2.0  100
3042  20.0  -20.0  6
3043  -6.0  6.0  100
3044  -6.0  6.0  100
3045  -4.0  4.0  100
3046  0.0  0.0  12
3047  0.0  0.0  12
3048  -2.0  2.0  11
3049  0.0  0.0  100
3050  0.0  0.0  12
3051  0.0  0.0  100
3052  -6.0  6.0  100
3053  -2.0  2.0  100
3054  -4.0  4.0  100
3055  -2.0  2.0  100
3056  -6.0  6.0  100
3057  4.0  -4.0  10
3058  0.0  0.0  12
3059  -8.0  8.0  100
3060  -12.0  12.0  100
3061  0.0  0.0  12
3062  0.0  0.0  12
3063  0.0  0.0  100
3064  0.0  0.0  12
3065  0.0  0.0  12
3066  0.0  0.0  12
3067  -2.0  2.0  11
3068  0.0  0.0  12
3069  -4.0  4.0  100
3070  -8.0  8.0  100
3071  0.0  0.0  12
3072  0.0  0.0  100
3073  0.0  0.0  100
3074  -2.0  2.0  11
3075  0.0  0.0  12
3076  0.0  0.0  12
3077  10.0  -10.0  7
3078  0.0  0.0  12
3079  -4.0  4.0  100
3080  -4.0  4.0  100
3081  -2.0  2.0  11
3082  -4.0  4.0  100
3083  -8.0  8.0  100
3084  20.0  -20.0  6
3085  0.0  0.0  12
3086  0.0  0.0  12
3087  -2.0  2.0  100
3088  0.0  0.0  12
3089  0.0  0.0  12
3090  0.0  0.0  100
3091  -2.0  2.0  100
3092  -4.0  4.0  100
3093  0.0  0.0  100
3094  -2.0  2.0  100
3095  -4.0  4.0  100
3096  0.0  0.0  12
3097  0.0  0.0  12
3098  0.0  0.0  12
3099  0.0  0.0  100
3100  -2.0  2.0  11
3101  -2.0  2.0  100
3102  -6.0  6.0  100
3103  -6.0  6.0  100
3104  0.0  0.0  100
3105  0.0  0.0  12
3106  0.0  0.0  12
3107  0.0  0.0  12
3108  0.0  0.0  100
3109  10.0  -10.0  7
3110  -8.0  8.0  100
3111  0.0  0.0  12
3112  0.0  0.0  12
3113  0.0  0.0  12
3114  0.0  0.0  12
3115  0.0  0.0  100
3116  0.0  0.0  100
3117  0.0  0.0  12
3118  0.0  0.0  100
3119  0.0  0.0  12
3120  0.0  0.0  12
3121  -2.0  2.0  100
3122  0.0  0.0  12
3123  0.0  0.0  100
3124  0.0  0.0  100
3125  0.0  0.0  12
3126  0.0  0.0  12
3127  0.0  0.0  12
3128  0.0  0.0  12
3129  0.0  0.0  100
3130  -6.0  6.0  100
3131  -2.0  2.0  100
3132  -10.0  10.0  100
3133  -4.0  4.0  100
3134  -4.0  4.0  100
3135  0.0  0.0  100
3136  -8.0  8.0  100
3137  -8.0  8.0  100
3138  6.0  -6.0  9
3139  -4.0  4.0  100
3140  -4.0  4.0  100
3141  0.0  0.0  12
3142  -4.0  4.0  100
3143  20.0  -20.0  6
3144  0.0  0.0  12
3145  0.0  0.0  12
3146  -4.0  4.0  100
3147  0.0  0.0  12
3148  0.0  0.0  12
3149  0.0  0.0  12
3150  20.0  -20.0  6
3151  8.0  -8.0  8
3152  0.0  0.0  12
3153  0.0  0.0  12
3154  -2.0  2.0  100
3155  -8.0  8.0  100
3156  -6.0  6.0  100
3157  20.0  -20.0  6
3158  -2.0  2.0  11
3159  -6.0  6.0  100
3160  0.0  0.0  100
3161  0.0  0.0  12
3162  -6.0  6.0  100
3163  -6.0  6.0  100
3164  0.0  0.0  12
3165  0.0  0.0  12
3166  0.0  0.0  12
3167  -8.0  8.0  100
3168  0.0  0.0  100
3169  -2.0  2.0  11
3170  0.0  0.0  12
3171  0.0  0.0  100
3172  0.0  0.0  100
3173  -6.0  6.0  100
3174  0.0  0.0  100
3175  0.0  0.0  12
3176  8.0  -8.0  8
3177  0.0  0.0  12
3178  -2.0  2.0  100
3179  20.0  -20.0  6
3180  0.0  0.0  100
3181  0.0  0.0  100
3182  -2.0  2.0  100
3183  0.0  0.0  12
3184  -4.0  4.0  100
3185  0.0  0.0  12
3186  0.0  0.0  12
3187  -2.0  2.0  100
3188  -6.0  6.0  100
3189  0.0  0.0  12
3190  -4.0  4.0  100
3191  -6.0  6.0  100
3192  0.0  0.0  12
3193  0.0  0.0  12
3194  -2.0  2.0  100
3195  0.0  0.0  12
3196  0.0  0.0  100
3197  -6.0  6.0  100
3198  8.0  -8.0  8
3199  0.0  0.0  12
3200  -2.0  2.0  11
3201  -2.0  2.0  100
3202  0.0  0.0  12
3203  0.0  0.0  12
3204  2.0  -2.0  11
3205  0.0  0.0  12
3206  0.0  0.0  12
3207  0.0  0.0  12
3208  0.0  0.0  12
3209  -4.0  4.0  100
3210  0.0  0.0  100
3211  -4.0  4.0  100
3212  -6.0  6.0  100
3213  0.0  0.0  12
3214  -2.0  2.0  100
3215  -2.0  2.0  100
3216  0.0  0.0  12
3217  -10.0  10.0  100
3218  0.0  0.0  12
3219  2.0  -2.0  11
3220  -2.0  2.0  100
3221  0.0  0.0  12
3222  -2.0  2.0  100
3223  0.0  0.0  12
3224  10.0  -10.0  7
3225  10.0  -10.0  7
3226  0.0  0.0  12
3227  -8.0  8.0  100
3228  0.0  0.0  12
3229  0.0  0.0  100
3230  20.0  -20.0  6
3231  0.0  0.0  100
3232  0.0  0.0  12
3233  0.0  0.0  12
3234  -6.0  6.0  9
3235  0.0  0.0  100
3236  8.0  -8.0  8
3237  0.0  0.0  100
3238  0.0  0.0  100
3239  0.0  0.0  12
3240  0.0  0.0  12
3241  0.0  0.0  12
3242  0.0  0.0  100
3243  0.0  0.0  100
3244  -2.0  2.0  100
3245  0.0  0.0  100
3246  0.0  0.0  100
3247  0.0  0.0  100
3248  0.0  0.0  100
3249  0.0  0.0  12
3250  2.0  -2.0  11
3251  0.0  0.0  100
3252  0.0  0.0  12
3253  -2.0  2.0  11
3254  0.0  0.0  12
3255  -2.0  2.0  100
3256  -2.0  2.0  100
3257  0.0  0.0  100
3258  -4.0  4.0  100
3259  0.0  0.0  12
3260  0.0  0.0  100
3261  0.0  0.0  12
3262  -10.0  10.0  100
3263  0.0  0.0  100
3264  0.0  0.0  12
3265  0.0  0.0  100
3266  0.0  0.0  12
3267  0.0  0.0  12
3268  0.0  0.0  12
3269  0.0  0.0  12
3270  -8.0  8.0  100
3271  0.0  0.0  12
3272  -6.0  6.0  100
3273  0.0  0.0  12
3274  0.0  0.0  100
3275  -4.0  4.0  100
3276  0.0  0.0  12
3277  0.0  0.0  12
3278  0.0  0.0  12
3279  0.0  0.0  12
3280  0.0  0.0  12
3281  0.0  0.0  100
3282  0.0  0.0  100
3283  0.0  0.0  12
3284  -4.0  4.0  100
3285  0.0  0.0  100
3286  -6.0  6.0  100
3287  4.0  -4.0  10
3288  10.0  -10.0  7
3289  0.0  0.0  12
3290  -8.0  8.0  100
3291  0.0  0.0  12
3292  0.0  0.0  12
3293  -6.0  6.0  100
3294  -2.0  2.0  11
3295  0.0  0.0  100
3296  0.0  0.0  100
3297  0.0  0.0  12
3298  0.0  0.0  100
3299  -6.0  6.0  100
3300  -6.0  6.0  100
3301  0.0  0.0  100
3302  -2.0  2.0  11
3303  20.0  -20.0  6
3304  0.0  0.0  12
3305  0.0  0.0  12
3306  0.0  0.0  100
3307  0.0  0.0  100
3308  0.0  0.0  12
3309  0.0  0.0  12
3310  0.0  0.0  12
3311  4.0  -4.0  10
3312  -8.0  8.0  100
3313  20.0  -20.0  6
3314  20.0  -20.0  6
3315  0.0  0.0  12
3316  -2.0  2.0  100
3317  -2.0  2.0  100
3318  0.0  0.0  12
3319  -2.0  2.0  100
3320  0.0  0.0  12
3321  -6.0  6.0  100
3322  0.0  0.0  100
3323  0.0  0.0  12
3324  0.0  0.0  12
3325  0.0  0.0  12
3326  0.0  0.0  12
3327  -8.0  8.0  100
3328  0.0  0.0  12
3329  0.0  0.0  12
3330  0.0  0.0  100
3331  -6.0  6.0  100
3332  0.0  0.0  100
3333  -8.0  8.0  100
3334  0.0  0.0  12
3335  20.0  -20.0  6
3336  -4.0  4.0  100
3337  0.0  0.0  12
3338  -2.0  2.0  100
3339  -2.0  2.0  100
3340  0.0  0.0  12
3341  6.0  -6.0  36
3342  -8.0  8.0  100
3343  0.0  0.0  12
3344  0.0  0.0  12
3345  -2.0  2.0  11
3346  0.0  0.0  100
3347  20.0  -20.0  6
3348  -6.0  6.0  100
3349  -6.0  6.0  100
3350  -6.0  6.0  100
3351  0.0  0.0  12
3352  -6.0  6.0  100
3353  0.0  0.0  12
3354  0.0  0.0  12
3355  0.0  0.0  100
3356  0.0  0.0  12
3357  20.0  -20.0  6
3358  -6.0  6.0  100
3359  20.0  -20.0  6
3360  -6.0  6.0  100
3361  -10.0  10.0  100
3362  -6.0  6.0  100
3363  0.0  0.0  100
3364  0.0  0.0  12
3365  0.0  0.0  100
3366  0.0  0.0  12
3367  4.0  -4.0  8
3368  0.0  0.0  12
3369  0.0  0.0  100
3370  -4.0  4.0  100
3371  -2.0  2.0  100
3372  -2.0  2.0  11
3373  2.0  -2.0  11
3374  0.0  0.0  100
3375  -2.0  2.0  100
3376  0.0  0.0  12
3377  0.0  0.0  12
3378  0.0  0.0  12
3379  0.0  0.0  100
3380  0.0  0.0  12
3381  10.0  -10.0  7
3382  0.0  0.0  12
3383  0.0  0.0  12
3384  -6.0  6.0  100
3385  -2.0  2.0  11
3386  0.0  0.0  12
3387  0.0  0.0  12
3388  0.0  0.0  12
3389  -2.0  2.0  11
3390  0.0  0.0  12
3391  0.0  0.0  12
3392  -2.0  2.0  11
3393  -2.0  2.0  11
3394  0.0  0.0  100
3395  0.0  0.0  12
3396  0.0  0.0  100
3397  -6.0  6.0  100
3398  -10.0  10.0  100
3399  -4.0  4.0  100
3400  -2.0  2.0  100
3401  -8.0  8.0  100
3402  -4.0  4.0  100
3403  -4.0  4.0  100
3404  -2.0  2.0  100
3405  0.0  0.0  100
3406  0.0  0.0  12
3407  0.0  0.0  12
3408  20.0  -20.0  6
3409  0.0  0.0  12
3410  -2.0  2.0  100
3411  0.0  0.0  12
3412  -2.0  2.0  100
3413  0.0  0.0  100
3414  0.0  0.0  12
3415  -6.0  6.0  100
3416  0.0  0.0  100
3417  -6.0  6.0  100
3418  0.0  0.0  12
3419  0.0  0.0  12
3420  -2.0  2.0  100
3421  -2.0  2.0  11
3422  -6.0  6.0  100
3423  -8.0  8.0  100
3424  0.0  0.0  100
3425  8.0  -8.0  8
3426  0.0  0.0  12
3427  0.0  0.0  12
3428  0.0  0.0  12
3429  0.0  0.0  12
3430  -8.0  8.0  100
3431  0.0  0.0  12
3432  -2.0  2.0  11
3433  20.0  -20.0  6
3434  6.0  -6.0  9
3435  -4.0  4.0  100
3436  -4.0  4.0  100
3437  -6.0  6.0  100
3438  0.0  0.0  12
3439  0.0  0.0  100
3440  8.0  -8.0  37
3441  0.0  0.0  12
3442  -2.0  2.0  11
3443  -2.0  2.0  11
3444  -2.0  2.0  11
3445  -2.0  2.0  100
3446  0.0  0.0  12
3447  0.0  0.0  100
3448  -6.0  6.0  100
3449  -2.0  2.0  100
3450  -2.0  2.0  100
3451  -4.0  4.0  100
3452  -4.0  4.0  100
3453  0.0  0.0  100
3454  -6.0  6.0  100
3455  0.0  0.0  100
3456  0.0  0.0  12
3457  10.0  -10.0  7
3458  -2.0  2.0  11
3459  -4.0  4.0  100
3460  -2.0  2.0  100
3461  0.0  0.0  100
3462  0.0  0.0  12
3463  0.0  0.0  12
3464  0.0  0.0  100
3465  -2.0  2.0  11
3466  -8.0  8.0  100
3467  0.0  0.0  12
3468  0.0  0.0  100
3469  2.0  -2.0  11
3470  -6.0  6.0  100
3471  0.0  0.0  100
3472  -8.0  8.0  100
3473  -4.0  4.0  100
3474  0.0  0.0  12
3475  -10.0  10.0  100
3476  20.0  -20.0  6
3477  0.0  0.0  12
3478  -6.0  6.0  100
3479  20.0  -20.0  6
3480  -2.0  2.0  100
3481  0.0  0.0  100
3482  20.0  -20.0  6
3483  0.0  0.0  100
3484  0.0  0.0  12
3485  8.0  -8.0  8
3486  -8.0  8.0  100
3487  6.0  -6.0  9
3488  0.0  0.0  100
3489  0.0  0.0  12
3490  0.0  0.0  12
3491  -2.0  2.0  100
3492  0.0  0.0  12
3493  -4.0  4.0  100
3494  0.0  0.0  100
3495  0.0  0.0  12
3496  0.0  0.0  12
3497  -8.0  8.0  100
3498  -4.0  4.0  100
3499  0.0  0.0  100
3500  0.0  0.0  12
3501  4.0  -4.0  10
3502  0.0  0.0  12
3503  -2.0  2.0  11
3504  -2.0  2.0  100
3505  0.0  0.0  12
3506  0.0  0.0  100
3507  0.0  0.0  12
3508  0.0  0.0  100
3509  0.0  0.0  12
3510  0.0  0.0  12
3511  -2.0  2.0  100
3512  0.0  0.0  12
3513  -2.0  2.0  11
3514  -4.0  4.0  100
3515  0.0  0.0  100
3516  0.0  0.0  12
3517  2.0  -2.0  9
3518  0.0  0.0  100
3519  -10.0  10.0  100
3520  0.0  0.0  12
3521  -10.0  10.0  100
3522  0.0  0.0  100
3523  -4.0  4.0  100
3524  -4.0  4.0  100
3525  0.0  0.0  12
3526  -6.0  6.0  100
3527  0.0  0.0  12
3528  0.0  0.0  100
3529  -2.0  2.0  100
3530  0.0  0.0  12
3531  0.0  0.0  12
3532  0.0  0.0  100
3533  -2.0  2.0  100
3534  -2.0  2.0  100
3535  0.0  0.0  12
3536  0.0  0.0  12
3537  8.0  -8.0  8
3538  0.0  0.0  12
3539  0.0  0.0  100
3540  20.0  -20.0  6
3541  -4.0  4.0  100
3542  -2.0  2.0  100
3543  -4.0  4.0  100
3544  -10.0  10.0  100
3545  -2.0  2.0  100
3546  0.0  0.0  12
3547  -2.0  2.0  11
3548  0.0  0.0  100
3549  -8.0  8.0  100
3550  -2.0  2.0  11
3551  0.0  0.0  12
3552  0.0  0.0  100
3553  0.0  0.0  100
3554  0.0  0.0  12
3555  -4.0  4.0  100
3556  0.0  0.0  12
3557  0.0  0.0  12
3558  -2.0  2.0  11
3559  -2.0  2.0  100
3560  -2.0  2.0  11
3561  -2.0  2.0  100
3562  0.0  0.0  12
3563  0.0  0.0  100
3564  -8.0  8.0  100
3565  0.0  0.0  12
3566  0.0  0.0  100
3567  -2.0  2.0  100
3568  -2.0  2.0  100
3569  0.0  0.0  12
3570  20.0  -20.0  6
3571  0.0  0.0  12
3572  0.0  0.0  12
3573  -2.0  2.0  100
3574  0.0  0.0  12
3575  -4.0  4.0  100
3576  -6.0  6.0  100
3577  0.0  0.0  100
3578  0.0  0.0  12
3579  -2.0  2.0  11
3580  -2.0  2.0  100
3581  0.0  0.0  12
3582  0.0  0.0  12
3583  0.0  0.0  12
3584  0.0  0.0  100
3585  0.0  0.0  12
3586  6.0  -6.0  9
3587  0.0  0.0  12
3588  -2.0  2.0  11
3589  0.0  0.0  12
3590  0.0  0.0  12
3591  0.0  0.0  100
3592  6.0  -6.0  7
3593  -2.0  2.0  11
3594  0.0  0.0  100
3595  4.0  -4.0  10
3596  0.0  0.0  12
3597  -2.0  2.0  100
3598  0.0  0.0  12
3599  0.0  0.0  12
3600  0.0  0.0  100
3601  0.0  0.0  12
3602  -2.0  2.0  100
3603  0.0  0.0  12
3604  -2.0  2.0  100
3605  0.0  0.0  12
3606  0.0  0.0  100
3607  -4.0  4.0  100
3608  0.0  0.0  12
3609  0.0  0.0  12
3610  -2.0  2.0  11
3611  -10.0  10.0  100
3612  0.0  0.0  12
3613  0.0  0.0  100
3614  -8.0  8.0  100
3615  -2.0  2.0  11
3616  0.0  0.0  100
3617  0.0  0.0  12
3618  0.0  0.0  100
3619  -2.0  2.0  100
3620  -2.0  2.0  11
3621  4.0  -4.0  8
3622  -4.0  4.0  100
3623  0.0  0.0  100
3624  -4.0  4.0  100
3625  -2.0  2.0  100
3626  -2.0  2.0  11
3627  0.0  0.0  12
3628  -6.0  6.0  100
3629  -2.0  2.0  100
3630  -2.0  2.0  11
3631  0.0  0.0  12
3632  0.0  0.0  100
3633  0.0  0.0  12
3634  -4.0  4.0  100
3635  0.0  0.0  12
3636  -4.0  4.0  100
3637  0.0  0.0  12
3638  0.0  0.0  12
3639  -6.0  6.0  100
3640  0.0  0.0  12
3641  0.0  0.0  100
3642  0.0  0.0  100
3643  -6.0  6.0  100
3644  4.0  -4.0  8
3645  -2.0  2.0  100
3646  0.0  0.0  100
3647  -6.0  6.0  100
3648  4.0  -4.0  10
3649  -6.0  6.0  100
3650  0.0  0.0  12
3651  0.0  0.0  100
3652  0.0  0.0  100
3653  0.0  0.0  100
3654  0.0  0.0  100
3655  0.0  0.0  12
3656  -10.0  10.0  100
3657  0.0  0.0  100
3658  0.0  0.0  100
3659  0.0  0.0  12
3660  0.0  0.0  12
3661  0.0  0.0  12
3662  0.0  0.0  100
3663  -4.0  4.0  100
3664  -2.0  2.0  100
3665  0.0  0.0  100
3666  0.0  0.0  12
3667  10.0  -10.0  7
3668  0.0  0.0  100
3669  0.0  0.0  12
3670  0.0  0.0  100
3671  -2.0  2.0  11
3672  -4.0  4.0  100
3673  0.0  0.0  100
3674  8.0  -8.0  8
3675  6.0  -6.0  7
3676  -2.0  2.0  100
3677  0.0  0.0  12
3678  10.0  -10.0  7
3679  0.0  0.0  100
3680  -2.0  2.0  100
3681  0.0  0.0  12
3682  6.0  -6.0  7
3683  20.0  -20.0  6
3684  -6.0  6.0  100
3685  0.0  0.0  12
3686  0.0  0.0  12
3687  0.0  0.0  12
3688  20.0  -20.0  6
3689  -4.0  4.0  100
3690  0.0  0.0  12
3691  0.0  0.0  100
3692  0.0  0.0  12
3693  0.0  0.0  12
3694  0.0  0.0  100
3695  0.0  0.0  12
3696  -4.0  4.0  100
3697  -6.0  6.0  100
3698  0.0  0.0  12
3699  -6.0  6.0  100
3700  -8.0  8.0  100
3701  0.0  0.0  100
3702  0.0  0.0  12
3703  -4.0  4.0  100
3704  0.0  0.0  12
3705  -4.0  4.0  100
3706  0.0  0.0  12
3707  -2.0  2.0  100
3708  -2.0  2.0  100
3709  -10.0  10.0  100
3710  -8.0  8.0  100
3711  -4.0  4.0  100
3712  -2.0  2.0  100
3713  0.0  0.0  12
3714  -2.0  2.0  11
3715  0.0  0.0  12
3716  0.0  0.0  100
3717  -2.0  2.0  100
3718  0.0  0.0  100
3719  0.0  0.0  12
3720  0.0  0.0  12
3721  0.0  0.0  100
3722  0.0  0.0  12
3723  -4.0  4.0  100
3724  0.0  0.0  100
3725  0.0  0.0  12
3726  -2.0  2.0  11
3727  -4.0  4.0  100
3728  -6.0  6.0  100
3729  0.0  0.0  12
3730  20.0  -20.0  6
3731  -2.0  2.0  100
3732  -4.0  4.0  100
3733  0.0  0.0  12
3734  0.0  0.0  12
3735  -4.0  4.0  100
3736  0.0  0.0  12
3737  0.0  0.0  12
3738  0.0  0.0  12
3739  0.0  0.0  100
3740  -2.0  2.0  11
3741  0.0  0.0  100
3742  0.0  0.0  12
3743  -2.0  2.0  100
3744  0.0  0.0  12
3745  0.0  0.0  100
3746  20.0  -20.0  6
3747  -2.0  2.0  100
3748  0.0  0.0  12
3749  0.0  0.0  12
3750  -6.0  6.0  100
3751  -2.0  2.0  100
3752  -6.0  6.0  100
3753  0.0  0.0  12
3754  8.0  -8.0  8
3755  0.0  0.0  12
3756  -2.0  2.0  11
3757  -8.0  8.0  100
3758  0.0  0.0  100
3759  -2.0  2.0  11
3760  0.0  0.0  12
3761  0.0  0.0  100
3762  -6.0  6.0  100
3763  0.0  0.0  12
3764  0.0  0.0  12
3765  -4.0  4.0  100
3766  -6.0  6.0  100
3767  -6.0  6.0  100
3768  0.0  0.0  12
3769  0.0  0.0  12
3770  0.0  0.0  100
3771  0.0  0.0  12
3772  0.0  0.0  100
3773  -8.0  8.0  100
3774  -2.0  2.0  11
3775  -4.0  4.0  100
3776  0.0  0.0  100
3777  0.0  0.0  12
3778  0.0  0.0  12
3779  20.0  -20.0  6
3780  0.0  0.0  12
3781  0.0  0.0  12
3782  0.0  0.0  100
3783  0.0  0.0  12
3784  0.0  0.0  12
3785  16.0  -16.0  6
3786  0.0  0.0  12
3787  -4.0  4.0  100
3788  0.0  0.0  12
3789  0.0  0.0  12
3790  0.0  0.0  12
3791  0.0  0.0  100
3792  0.0  0.0  100
3793  6.0  -6.0  9
3794  0.0  0.0  12
3795  -6.0  6.0  100
3796  -2.0  2.0  100
3797  10.0  -10.0  7
3798  -2.0  2.0  100
3799  -2.0  2.0  11
3800  0.0  0.0  100
3801  0.0  0.0  100
3802  2.0  -2.0  9
3803  0.0  0.0  100
3804  0.0  0.0  12
3805  8.0  -8.0  8
3806  0.0  0.0  12
3807  0.0  0.0  12
3808  0.0  0.0  12
3809  0.0  0.0  100
3810  -2.0  2.0  11
3811  0.0  0.0  100
3812  -2.0  2.0  100
3813  -2.0  2.0  11
3814  8.0  -8.0  8
3815  0.0  0.0  12
3816  -4.0  4.0  100
3817  -2.0  2.0  100
3818  0.0  0.0  12
3819  0.0  0.0  12
3820  0.0  0.0  12
3821  0.0  0.0  12
3822  0.0  0.0  100
3823  0.0  0.0  12
3824  0.0  0.0  100
3825  0.0  0.0  100
3826  0.0  0.0  12
3827  0.0  0.0  12
3828  0.0  0.0  100
3829  0.0  0.0  12
3830  0.0  0.0  100
3831  0.0  0.0  100
3832  0.0  0.0  100
3833  -2.0  2.0  11
3834  0.0  0.0  12
3835  -10.0  10.0  100
3836  0.0  0.0  12
3837  -2.0  2.0  100
3838  0.0  0.0  12
3839  0.0  0.0  12
3840  0.0  0.0  100
3841  0.0  0.0  12
3842  0.0  0.0  100
3843  -6.0  6.0  100
3844  -4.0  4.0  100
3845  -4.0  4.0  100
3846  0.0  0.0  10
3847  0.0  0.0  10
3848  0.0  0.0  12
3849  0.0  0.0  12
3850  -6.0  6.0  100
3851  8.0  -8.0  100
3852  0.0  0.0  12
3853  0.0  0.0  12
3854  0.0  0.0  12
3855  20.0  -20.0  6
3856  0.0  0.0  12
3857  -2.0  2.0  100
3858  -2.0  2.0  100
3859  0.0  0.0  12
3860  0.0  0.0  100
3861  -10.0  10.0  100
3862  -4.0  4.0  100
3863  0.0  0.0  100
3864  0.0  0.0  12
3865  0.0  0.0  12
3866  -2.0  2.0  100
3867  -6.0  6.0  100
3868  -6.0  6.0  100
3869  10.0  -10.0  7
3870  20.0  -20.0  6
3871  -2.0  2.0  11
3872  0.0  0.0  12
3873  -8.0  8.0  100
3874  0.0  0.0  12
3875  0.0  0.0  12
3876  20.0  -20.0  6
3877  -6.0  6.0  100
3878  0.0  0.0  12
3879  0.0  0.0  100
3880  -2.0  2.0  100
3881  0.0  0.0  12
3882  20.0  -20.0  6
3883  -2.0  2.0  100
3884  -2.0  2.0  11
3885  -2.0  2.0  11
3886  -2.0  2.0  11
3887  -2.0  2.0  100
3888  0.0  0.0  12
3889  -2.0  2.0  11
3890  -6.0  6.0  100
3891  -4.0  4.0  100
3892  -6.0  6.0  100
3893  0.0  0.0  12
3894  0.0  0.0  100
3895  0.0  0.0  100
3896  -2.0  2.0  100
3897  -2.0  2.0  11
3898  0.0  0.0  12
3899  16.0  -16.0  6
3900  0.0  0.0  12
3901  0.0  0.0  100
3902  -2.0  2.0  11
3903  0.0  0.0  10
3904  -6.0  6.0  100
3905  -2.0  2.0  11
3906  0.0  0.0  12
3907  8.0  -8.0  8
3908  -4.0  4.0  100
3909  10.0  -10.0  7
3910  0.0  0.0  12
3911  6.0  -6.0  9
3912  -4.0  4.0  100
3913  0.0  0.0  12
3914  6.0  -6.0  9
3915  20.0  -20.0  6
3916  -2.0  2.0  100
3917  -2.0  2.0  100
3918  0.0  0.0  12
3919  0.0  0.0  100
3920  -6.0  6.0  100
3921  0.0  0.0  12
3922  0.0  0.0  100
3923  0.0  0.0  100
3924  -2.0  2.0  100
3925  0.0  0.0  100
3926  -8.0  8.0  100
3927  0.0  0.0  12
3928  0.0  0.0  12
3929  10.0  -10.0  7
3930  0.0  0.0  12
3931  20.0  -20.0  6
3932  0.0  0.0  10
3933  -4.0  4.0  100
3934  0.0  0.0  100
3935  -4.0  4.0  100
3936  0.0  0.0  12
3937  0.0  0.0  12
3938  0.0  0.0  12
3939  -2.0  2.0  100
3940  -2.0  2.0  100
3941  0.0  0.0  12
3942  2.0  -2.0  11
3943  -6.0  6.0  100
3944  0.0  0.0  12
3945  -4.0  4.0  100
3946  0.0  0.0  12
3947  -10.0  10.0  100
3948  0.0  0.0  12
3949  -2.0  2.0  11
3950  0.0  0.0  12
3951  -2.0  2.0  100
3952  0.0  0.0  12
3953  0.0  0.0  12
3954  0.0  0.0  12
3955  -6.0  6.0  100
3956  0.0  0.0  12
3957  20.0  -20.0  6
3958  0.0  0.0  12
3959  0.0  0.0  100
3960  8.0  -8.0  8
3961  -6.0  6.0  100
3962  0.0  0.0  12
3963  2.0  -2.0  11
3964  -6.0  6.0  100
3965  -2.0  2.0  11
3966  0.0  0.0  12
3967  0.0  0.0  100
3968  0.0  0.0  12
3969  0.0  0.0  100
3970  0.0  0.0  100
3971  0.0  0.0  100
3972  0.0  0.0  12
3973  0.0  0.0  100
3974  -4.0  4.0  100
3975  -8.0  8.0  100
3976  -4.0  4.0  100
3977  0.0  0.0  100
3978  0.0  0.0  100
3979  -6.0  6.0  100
3980  16.0  -16.0  6
3981  0.0  0.0  12
3982  -4.0  4.0  100
3983  0.0  0.0  12
3984  -8.0  8.0  100
3985  0.0  0.0  12
3986  0.0  0.0  12
3987  0.0  0.0  12
3988  0.0  0.0  100
3989  0.0  0.0  100
3990  0.0  0.0  12
3991  0.0  0.0  100
3992  0.0  0.0  12
3993  -4.0  4.0  100
3994  0.0  0.0  12
3995  0.0  0.0  100
3996  -2.0  2.0  100
3997  0.0  0.0  100
3998  0.0  0.0  100
3999  20.0  -20.0  6
4000  0.0  0.0  12
4001  0.0  0.0  12
4002  0.0  0.0  12
4003  -2.0  2.0  100
4004  0.0  0.0  12
4005  0.0  0.0  12
4006  -2.0  2.0  100
4007  0.0  0.0  12
4008  0.0  0.0  100
4009  0.0  0.0  100
4010  0.0  0.0  12
4011  -8.0  8.0  100
4012  0.0  0.0  100
4013  0.0  0.0  100
4014  20.0  -20.0  6
4015  -2.0  2.0  11
4016  -4.0  4.0  100
4017  4.0  -4.0  10
4018  0.0  0.0  12
4019  -2.0  2.0  100
4020  0.0  0.0  12
4021  20.0  -20.0  6
4022  -8.0  8.0  100
4023  0.0  0.0  12
4024  -8.0  8.0  100
4025  0.0  0.0  12
4026  -2.0  2.0  100
4027  0.0  0.0  100
4028  -4.0  4.0  100
4029  20.0  -20.0  6
4030  -4.0  4.0  100
4031  0.0  0.0  12
4032  0.0  0.0  100
4033  0.0  0.0  12
4034  0.0  0.0  12
4035  0.0  0.0  12
4036  0.0  0.0  12
4037  0.0  0.0  12
4038  0.0  0.0  100
4039  -8.0  8.0  100
4040  -2.0  2.0  100
4041  -6.0  6.0  100
4042  -6.0  6.0  100
4043  20.0  -20.0  6
4044  0.0  0.0  12
4045  0.0  0.0  12
4046  -2.0  2.0  100
4047  0.0  0.0  12
4048  0.0  0.0  100
4049  0.0  0.0  12
4050  0.0  0.0  100
4051  -6.0  6.0  100
4052  20.0  -20.0  6
4053  -6.0  6.0  100
4054  -2.0  2.0  100
4055  -2.0  2.0  11
4056  0.0  0.0  12
4057  0.0  0.0  12
4058  -2.0  2.0  11
4059  -4.0  4.0  100
4060  -2.0  2.0  11
4061  20.0  -20.0  6
4062  0.0  0.0  12
4063  -6.0  6.0  100
4064  0.0  0.0  12
4065  -6.0  6.0  100
4066  -2.0  2.0  100
4067  -2.0  2.0  100
4068  20.0  -20.0  6
4069  -8.0  8.0  100
4070  0.0  0.0  12
4071  -2.0  2.0  100
4072  0.0  0.0  12
4073  -2.0  2.0  11
4074  -2.0  2.0  100
4075  -6.0  6.0  100
4076  0.0  0.0  12
4077  0.0  0.0  100
4078  0.0  0.0  100
4079  4.0  -4.0  8
4080  -4.0  4.0  100
4081  0.0  0.0  100
4082  0.0  0.0  100
4083  0.0  0.0  100
4084  20.0  -20.0  6
4085  0.0  0.0  12
4086  -2.0  2.0  100
4087  -6.0  6.0  100
4088  0.0  0.0  100
4089  0.0  0.0  12
4090  0.0  0.0  12
4091  0.0  0.0  12
4092  0.0  0.0  100
4093  0.0  0.0  100
4094  0.0  0.0  12
4095  -8.0  8.0  100
4096  -4.0  4.0  100
4097  0.0  0.0  100
4098  -8.0  8.0  100
4099  0.0  0.0  12
4100  0.0  0.0  12
4101  0.0  0.0  12
4102  0.0  0.0  12
4103  -4.0  4.0  100
4104  0.0  0.0  100
4105  0.0  0.0  12
4106  20.0  -20.0  6
4107  -2.0  2.0  11
4108  -4.0  4.0  100
4109  0.0  0.0  100
4110  0.0  0.0  12
4111  0.0  0.0  12
4112  0.0  0.0  12
4113  18.0  -18.0  48
4114  -2.0  2.0  100
4115  -2.0  2.0  11
4116  0.0  0.0  12
4117  -4.0  4.0  100
4118  -4.0  4.0  100
4119  0.0  0.0  12
4120  0.0  0.0  100
4121  -8.0  8.0  100
4122  -2.0  2.0  100
4123  0.0  0.0  100
4124  0.0  0.0  12
4125  0.0  0.0  12
4126  -12.0  12.0  100
4127  0.0  0.0  12
4128  0.0  0.0  12
4129  20.0  -20.0  6
4130  -2.0  2.0  11
4131  -4.0  4.0  100
4132  0.0  0.0  12
4133  0.0  0.0  100
4134  0.0  0.0  100
4135  0.0  0.0  12
4136  0.0  0.0  100
4137  0.0  0.0  12
4138  0.0  0.0  100
4139  10.0  -10.0  7
4140  -2.0  2.0  100
4141  0.0  0.0  12
4142  -2.0  2.0  100
4143  0.0  0.0  12
4144  0.0  0.0  12
4145  0.0  0.0  100
4146  0.0  0.0  12
4147  -8.0  8.0  100
4148  -2.0  2.0  100
4149  0.0  0.0  12
4150  0.0  0.0  12
4151  0.0  0.0  12
4152  -6.0  6.0  100
4153  0.0  0.0  12
4154  -2.0  2.0  100
4155  0.0  0.0  100
4156  -2.0  2.0  100
4157  0.0  0.0  100
4158  -2.0  2.0  100
4159  0.0  0.0  12
4160  0.0  0.0  100
4161  0.0  0.0  12
4162  -8.0  8.0  100
4163  0.0  0.0  12
4164  -4.0  4.0  100
4165  -4.0  4.0  100
4166  -8.0  8.0  100
4167  0.0  0.0  100
4168  -6.0  6.0  100
4169  0.0  0.0  100
4170  0.0  0.0  12
4171  0.0  0.0  100
4172  -6.0  6.0  100
4173  2.0  -2.0  9
4174  0.0  0.0  12
4175  -4.0  4.0  100
4176  -2.0  2.0  100
4177  0.0  0.0  100
4178  0.0  0.0  12
4179  0.0  0.0  100
4180  0.0  0.0  12
4181  20.0  -20.0  6
4182  -2.0  2.0  11
4183  20.0  -20.0  6
4184  2.0  -2.0  7
4185  0.0  0.0  100
4186  0.0  0.0  100
4187  0.0  0.0  12
4188  0.0  0.0  12
4189  0.0  0.0  100
4190  20.0  -20.0  6
4191  0.0  0.0  12
4192  -2.0  2.0  100
4193  0.0  0.0  12
4194  8.0  -8.0  8
4195  0.0  0.0  100
4196  0.0  0.0  100
4197  -2.0  2.0  11
4198  0.0  0.0  12
4199  0.0  0.0  100
4200  -2.0  2.0  11
4201  -8.0  8.0  100
4202  0.0  0.0  12
4203  0.0  0.0  12
4204  0.0  0.0  100
4205  0.0  0.0  100
4206  0.0  0.0  100
4207  0.0  0.0  100
4208  -8.0  8.0  100
4209  0.0  0.0  12
4210  0.0  0.0  12
4211  -4.0  4.0  100
4212  0.0  0.0  100
4213  0.0  0.0  100
4214  0.0  0.0  12
4215  -2.0  2.0  100
4216  10.0  -10.0  7
4217  0.0  0.0  100
4218  20.0  -20.0  6
4219  0.0  0.0  12
4220  0.0  0.0  12
4221  0.0  0.0  12
4222  0.0  0.0  12
4223  0.0  0.0  12
4224  20.0  -20.0  6
4225  -2.0  2.0  100
4226  0.0  0.0  100
4227  0.0  0.0  12
4228  0.0  0.0  12
4229  0.0  0.0  100
4230  0.0  0.0  100
4231  0.0  0.0  12
4232  0.0  0.0  12
4233  -8.0  8.0  100
4234  -6.0  6.0  100
4235  0.0  0.0  12
4236  -2.0  2.0  11
4237  -2.0  2.0  11
4238  0.0  0.0  100
4239  -4.0  4.0  100
4240  -4.0  4.0  100
4241  -2.0  2.0  11
4242  -2.0  2.0  100
4243  20.0  -20.0  6
4244  -2.0  2.0  100
4245  0.0  0.0  12
4246  0.0  0.0  100
4247  0.0  0.0  12
4248  20.0  -20.0  6
4249  0.0  0.0  12
4250  -6.0  6.0  100
4251  16.0  -16.0  6
4252  -2.0  2.0  11
4253  -2.0  2.0  100
4254  0.0  0.0  12
4255  -4.0  4.0  10
4256  -14.0  14.0  100
4257  20.0  -20.0  6
4258  0.0  0.0  12
4259  -4.0  4.0  100
4260  -8.0  8.0  100
4261  -2.0  2.0  100
4262  18.0  -18.0  18
4263  0.0  0.0  12
4264  0.0  0.0  12
4265  0.0  0.0  12
4266  0.0  0.0  12
4267  0.0  0.0  100
4268  -8.0  8.0  100
4269  0.0  0.0  12
4270  0.0  0.0  100
4271  0.0  0.0  12
4272  0.0  0.0  12
4273  0.0  0.0  12
4274  0.0  0.0  12
4275  0.0  0.0  12
4276  0.0  0.0  12
4277  -8.0  8.0  100
4278  -6.0  6.0  100
4279  0.0  0.0  12
4280  -2.0  2.0  11
4281  0.0  0.0  100
4282  -2.0  2.0  100
4283  -6.0  6.0  100
4284  -6.0  6.0  100
4285  0.0  0.0  12
4286  -4.0  4.0  100
4287  -2.0  2.0  11
4288  -2.0  2.0  100
4289  20.0  -20.0  6
4290  16.0  -16.0  6
4291  -6.0  6.0  100
4292  0.0  0.0  10
4293  20.0  -20.0  6
4294  2.0  -2.0  11
4295  2.0  -2.0  11
4296  -2.0  2.0  11
4297  0.0  0.0  100
4298  0.0  0.0  100
4299  0.0  0.0  12
4300  -4.0  4.0  100
4301  0.0  0.0  12
4302  -4.0  4.0  100
4303  0.0  0.0  12
4304  -4.0  4.0  100
4305  -2.0  2.0  100
4306  0.0  0.0  12
4307  -2.0  2.0  11
4308  0.0  0.0  12
4309  -2.0  2.0  100
4310  0.0  0.0  100
4311  0.0  0.0  12
4312  0.0  0.0  100
4313  -6.0  6.0  100
4314  0.0  0.0  12
4315  10.0  -10.0  7
4316  0.0  0.0  12
4317  8.0  -8.0  8
4318  20.0  -20.0  6
4319  -2.0  2.0  11
4320  0.0  0.0  100
4321  0.0  0.0  100
4322  -2.0  2.0  100
4323  0.0  0.0  100
4324  0.0  0.0  100
4325  -6.0  6.0  100
4326  0.0  0.0  12
4327  -8.0  8.0  100
4328  -2.0  2.0  11
4329  0.0  0.0  100
4330  -8.0  8.0  100
4331  -6.0  6.0  100
4332  -6.0  6.0  100
4333  -10.0  10.0  100
4334  0.0  0.0  100
4335  0.0  0.0  12
4336  -8.0  8.0  100
4337  -8.0  8.0  100
4338  0.0  0.0  100
4339  0.0  0.0  100
4340  0.0  0.0  12
4341  -6.0  6.0  100
4342  0.0  0.0  100
4343  -12.0  12.0  100
4344  20.0  -20.0  6
4345  -2.0  2.0  100
4346  0.0  0.0  100
4347  0.0  0.0  100
4348  0.0  0.0  12
4349  0.0  0.0  12
4350  -2.0  2.0  11
4351  -4.0  4.0  100
4352  -4.0  4.0  100
4353  0.0  0.0  100
4354  2.0  -2.0  11
4355  20.0  -20.0  6
4356  -6.0  6.0  100
4357  0.0  0.0  100
4358  0.0  0.0  100
4359  20.0  -20.0  6
4360  -4.0  4.0  100
4361  0.0  0.0  12
4362  0.0  0.0  12
4363  20.0  -20.0  6
4364  -2.0  2.0  100
4365  0.0  0.0  12
4366  0.0  0.0  12
4367  -2.0  2.0  100
4368  0.0  0.0  12
4369  20.0  -20.0  6
4370  0.0  0.0  100
4371  -2.0  2.0  11
4372  0.0  0.0  10
4373  -2.0  2.0  11
4374  0.0  0.0  100
4375  -4.0  4.0  100
4376  0.0  0.0  12
4377  0.0  0.0  12
4378  -10.0  10.0  100
4379  0.0  0.0  12
4380  -4.0  4.0  100
4381  -2.0  2.0  100
4382  -4.0  4.0  100
4383  -10.0  10.0  100
4384  0.0  0.0  12
4385  -4.0  4.0  100
4386  -6.0  6.0  100
4387  0.0  0.0  100
4388  -6.0  6.0  100
4389  0.0  0.0  12
4390  0.0  0.0  100
4391  0.0  0.0  12
4392  -6.0  6.0  100
4393  -4.0  4.0  100
4394  0.0  0.0  12
4395  -4.0  4.0  100
4396  0.0  0.0  12
4397  0.0  0.0  12
4398  -4.0  4.0  100
4399  0.0  0.0  12
4400  0.0  0.0  100
4401  0.0  0.0  100
4402  0.0  0.0  12
4403  -4.0  4.0  100
4404  0.0  0.0  12
4405  0.0  0.0  100
4406  0.0  0.0  100
4407  0.0  0.0  100
4408  0.0  0.0  12
4409  0.0  0.0  100
4410  0.0  0.0  100
4411  0.0  0.0  12
4412  0.0  0.0  100
4413  -6.0  6.0  100
4414  -2.0  2.0  100
4415  0.0  0.0  100
4416  10.0  -10.0  7
4417  -8.0  8.0  100
4418  0.0  0.0  12
4419  -6.0  6.0  100
4420  -2.0  2.0  11
4421  -6.0  6.0  100
4422  -6.0  6.0  100
4423  0.0  0.0  12
4424  -2.0  2.0  11
4425  0.0  0.0  100
4426  0.0  0.0  12
4427  0.0  0.0  12
4428  0.0  0.0  12
4429  -6.0  6.0  100
4430  -4.0  4.0  100
4431  0.0  0.0  100
4432  0.0  0.0  12
4433  0.0  0.0  12
4434  0.0  0.0  100
4435  -4.0  4.0  100
4436  -6.0  6.0  100
4437  0.0  0.0  12
4438  0.0  0.0  12
4439  0.0  0.0  100
4440  20.0  -20.0  6
4441  -2.0  2.0  100
4442  -4.0  4.0  100
4443  -2.0  2.0  11
4444  0.0  0.0  12
4445  -6.0  6.0  100
4446  0.0  0.0  12
4447  -4.0  4.0  100
4448  0.0  0.0  12
4449  0.0  0.0  12
4450  0.0  0.0  12
4451  0.0  0.0  12
4452  -2.0  2.0  11
4453  -2.0  2.0  100
4454  -6.0  6.0  100
4455  0.0  0.0  100
4456  -2.0  2.0  100
4457  -2.0  2.0  100
4458  0.0  0.0  12
4459  0.0  0.0  12
4460  -2.0  2.0  11
4461  -6.0  6.0  100
4462  0.0  0.0  100
4463  -8.0  8.0  100
4464  0.0  0.0  100
4465  -4.0  4.0  100
4466  0.0  0.0  100
4467  0.0  0.0  100
4468  0.0  0.0  100
4469  4.0  -4.0  10
4470  4.0  -4.0  8
4471  0.0  0.0  12
4472  -6.0  6.0  100
4473  -4.0  4.0  100
4474  0.0  0.0  100
4475  0.0  0.0  12
4476  -6.0  6.0  100
4477  0.0  0.0  100
4478  0.0  0.0  12
4479  0.0  0.0  12
4480  0.0  0.0  12
4481  -4.0  4.0  100
4482  -2.0  2.0  100
4483  -10.0  10.0  100
4484  10.0  -10.0  7
4485  0.0  0.0  100
4486  0.0  0.0  12
4487  -4.0  4.0  100
4488  -2.0  2.0  100
4489  -8.0  8.0  100
4490  0.0  0.0  12
4491  10.0  -10.0  7
4492  8.0  -8.0  8
4493  -8.0  8.0  100
4494  0.0  0.0  12
4495  0.0  0.0  100
4496  -8.0  8.0  100
4497  0.0  0.0  100
4498  0.0  0.0  12
4499  0.0  0.0  100
4500  -8.0  8.0  100
4501  0.0  0.0  100
4502  -6.0  6.0  100
4503  0.0  0.0  12
4504  0.0  0.0  12
4505  -2.0  2.0  100
4506  0.0  0.0  12
4507  -4.0  4.0  100
4508  6.0  -6.0  9
4509  0.0  0.0  12
4510  0.0  0.0  12
4511  0.0  0.0  12
4512  -4.0  4.0  100
4513  0.0  0.0  12
4514  -6.0  6.0  100
4515  0.0  0.0  12
4516  -6.0  6.0  100
4517  -8.0  8.0  100
4518  0.0  0.0  12
4519  0.0  0.0  12
4520  0.0  0.0  100
4521  -6.0  6.0  100
4522  0.0  0.0  100
4523  -4.0  4.0  100
4524  0.0  0.0  100
4525  0.0  0.0  12
4526  0.0  0.0  100
4527  0.0  0.0  12
4528  -2.0  2.0  100
4529  0.0  0.0  12
4530  0.0  0.0  12
4531  0.0  0.0  12
4532  4.0  -4.0  8
4533  8.0  -8.0  8
4534  0.0  0.0  12
4535  -2.0  2.0  100
4536  0.0  0.0  100
4537  0.0  0.0  100
4538  0.0  0.0  12
4539  0.0  0.0  12
4540  0.0  0.0  12
4541  -2.0  2.0  100
4542  -6.0  6.0  100
4543  0.0  0.0  12
4544  0.0  0.0  12
4545  0.0  0.0  12
4546  8.0  -8.0  8
4547  -2.0  2.0  100
4548  0.0  0.0  12
4549  0.0  0.0  100
4550  -2.0  2.0  11
4551  0.0  0.0  12
4552  20.0  -20.0  6
4553  0.0  0.0  12
4554  0.0  0.0  100
4555  -6.0  6.0  100
4556  0.0  0.0  12
4557  -6.0  6.0  100
4558  -2.0  2.0  100
4559  0.0  0.0  100
4560  -6.0  6.0  100
4561  -4.0  4.0  100
4562  -6.0  6.0  100
4563  2.0  -2.0  11
4564  0.0  0.0  12
4565  0.0  0.0  12
4566  0.0  0.0  100
4567  0.0  0.0  12
4568  -4.0  4.0  100
4569  0.0  0.0  12
4570  -4.0  4.0  100
4571  20.0  -20.0  6
4572  -4.0  4.0  100
4573  10.0  -10.0  7
4574  0.0  0.0  100
4575  0.0  0.0  100
4576  -6.0  6.0  100
4577  0.0  0.0  12
4578  -4.0  4.0  100
4579  0.0  0.0  12
4580  0.0  0.0  12
4581  20.0  -20.0  6
4582  -6.0  6.0  100
4583  -4.0  4.0  100
4584  0.0  0.0  12
4585  0.0  0.0  12
4586  0.0  0.0  100
4587  0.0  0.0  12
4588  0.0  0.0  12
4589  0.0  0.0  12
4590  -8.0  8.0  100
4591  0.0  0.0  100
4592  10.0  -10.0  7
4593  0.0  0.0  12
4594  0.0  0.0  100
4595  0.0  0.0  100
4596  0.0  0.0  100
4597  0.0  0.0  100
4598  -6.0  6.0  100
4599  0.0  0.0  100
4600  0.0  0.0  12
4601  0.0  0.0  12
4602  -4.0  4.0  100
4603  -2.0  2.0  11
4604  0.0  0.0  12
4605  0.0  0.0  12
4606  0.0  0.0  100
4607  0.0  0.0  100
4608  0.0  0.0  100
4609  -4.0  4.0  100
4610  -2.0  2.0  100
4611  6.0  -6.0  9
4612  -6.0  6.0  100
4613  -2.0  2.0  11
4614  -4.0  4.0  100
4615  0.0  0.0  12
4616  0.0  0.0  12
4617  -2.0  2.0  100
4618  -2.0  2.0  100
4619  0.0  0.0  100
4620  0.0  0.0  12
4621  0.0  0.0  100
4622  -2.0  2.0  100
4623  0.0  0.0  12
4624  -4.0  4.0  100
4625  20.0  -20.0  6
4626  -2.0  2.0  100
4627  0.0  0.0  100
4628  -2.0  2.0  100
4629  0.0  0.0  12
4630  0.0  0.0  100
4631  -2.0  2.0  100
4632  0.0  0.0  12
4633  0.0  0.0  100
4634  -2.0  2.0  11
4635  -4.0  4.0  100
4636  -6.0  6.0  100
4637  0.0  0.0  12
4638  0.0  0.0  12
4639  -2.0  2.0  100
4640  -8.0  8.0  100
4641  0.0  0.0  12
4642  0.0  0.0  100
4643  0.0  0.0  12
4644  0.0  0.0  100
4645  0.0  0.0  12
4646  -4.0  4.0  100
4647  0.0  0.0  100
4648  4.0  -4.0  10
4649  0.0  0.0  12
4650  -2.0  2.0  100
4651  -6.0  6.0  100
4652  -2.0  2.0  100
4653  -2.0  2.0  100
4654  -4.0  4.0  100
4655  0.0  0.0  12
4656  -6.0  6.0  100
4657  0.0  0.0  12
4658  0.0  0.0  100
4659  -6.0  6.0  100
4660  -4.0  4.0  100
4661  0.0  0.0  12
4662  -10.0  10.0  100
4663  0.0  0.0  12
4664  -2.0  2.0  11
4665  0.0  0.0  12
4666  0.0  0.0  12
4667  -6.0  6.0  100
4668  0.0  0.0  12
4669  -2.0  2.0  11
4670  4.0  -4.0  10
4671  -2.0  2.0  100
4672  0.0  0.0  12
4673  0.0  0.0  12
4674  0.0  0.0  12
4675  -2.0  2.0  100
4676  0.0  0.0  12
4677  0.0  0.0  100
4678  0.0  0.0  12
4679  0.0  0.0  12
4680  -4.0  4.0  100
4681  0.0  0.0  12
4682  0.0  0.0  12
4683  0.0  0.0  12
4684  0.0  0.0  12
4685  4.0  -4.0  10
4686  -2.0  2.0  100
4687  0.0  0.0  100
4688  -2.0  2.0  100
4689  0.0  0.0  12
4690  0.0  0.0  100
4691  0.0  0.0  100
4692  0.0  0.0  12
4693  -2.0  2.0  100
4694  0.0  0.0  100
4695  -2.0  2.0  11
4696  -8.0  8.0  100
4697  -6.0  6.0  100
4698  0.0  0.0  12
4699  0.0  0.0  100
4700  0.0  0.0  12
4701  0.0  0.0  100
4702  -8.0  8.0  100
4703  0.0  0.0  12
4704  0.0  0.0  12
4705  -2.0  2.0  100
4706  0.0  0.0  12
4707  0.0  0.0  100
4708  0.0  0.0  12
4709  -2.0  2.0  100
4710  4.0  -4.0  10
4711  0.0  0.0  100
4712  0.0  0.0  100
4713  0.0  0.0  100
4714  2.0  -2.0  11
4715  20.0  -20.0  6
4716  8.0  -8.0  8
4717  -10.0  10.0  100
4718  -2.0  2.0  100
4719  0.0  0.0  12
4720  0.0  0.0  12
4721  -4.0  4.0  100
4722  0.0  0.0  100
4723  -2.0  2.0  11
4724  -8.0  8.0  100
4725  0.0  0.0  12
4726  -2.0  2.0  100
4727  -6.0  6.0  100
4728  -6.0  6.0  100
4729  0.0  0.0  100
4730  -4.0  4.0  10
4731  -2.0  2.0  11
4732  0.0  0.0  12
4733  0.0  0.0  100
4734  -4.0  4.0  100
4735  0.0  0.0  100
4736  0.0  0.0  12
4737  0.0  0.0  12
4738  -2.0  2.0  100
4739  -12.0  12.0  100
4740  -2.0  2.0  11
4741  -2.0  2.0  100
4742  20.0  -20.0  6
4743  -6.0  6.0  100
4744  -2.0  2.0  100
4745  -4.0  4.0  100
4746  0.0  0.0  12
4747  0.0  0.0  100
4748  0.0  0.0  12
4749  0.0  0.0  12
4750  0.0  0.0  12
4751  0.0  0.0  100
4752  -4.0  4.0  100
4753  0.0  0.0  100
4754  0.0  0.0  100
4755  -2.0  2.0  11
4756  0.0  0.0  12
4757  -2.0  2.0  11
4758  0.0  0.0  12
4759  -2.0  2.0  11
4760  -6.0  6.0  100
4761  -6.0  6.0  100
4762  -2.0  2.0  100
4763  -6.0  6.0  100
4764  0.0  0.0  12
4765  0.0  0.0  100
4766  0.0  0.0  100
4767  0.0  0.0  12
4768  -8.0  8.0  100
4769  2.0  -2.0  9
4770  -2.0  2.0  100
4771  -4.0  4.0  100
4772  0.0  0.0  100
4773  -6.0  6.0  100
4774  -4.0  4.0  100
4775  -2.0  2.0  100
4776  0.0  0.0  12
4777  -2.0  2.0  11
4778  20.0  -20.0  6
4779  2.0  -2.0  11
4780  -12.0  12.0  100
4781  0.0  0.0  12
4782  -2.0  2.0  11
4783  0.0  0.0  12
4784  -4.0  4.0  100
4785  -8.0  8.0  100
4786  0.0  0.0  12
4787  -2.0  2.0  11
4788  0.0  0.0  12
4789  0.0  0.0  12
4790  -4.0  4.0  100
4791  0.0  0.0  12
4792  -2.0  2.0  100
4793  6.0  -6.0  7
4794  0.0  0.0  12
4795  0.0  0.0  12
4796  0.0  0.0  100
4797  0.0  0.0  12
4798  0.0  0.0  12
4799  0.0  0.0  12
4800  -8.0  8.0  100
4801  -2.0  2.0  100
4802  -2.0  2.0  100
4803  -6.0  6.0  100
4804  -4.0  4.0  100
4805  -6.0  6.0  100
4806  0.0  0.0  12
4807  -2.0  2.0  100
4808  0.0  0.0  100
4809  0.0  0.0  12
4810  0.0  0.0  100
4811  20.0  -20.0  6
4812  -10.0  10.0  100
4813  -6.0  6.0  100
4814  -4.0  4.0  100
4815  0.0  0.0  12
4816  20.0  -20.0  6
4817  0.0  0.0  100
4818  0.0  0.0  100
4819  0.0  0.0  100
4820  -2.0  2.0  100
4821  0.0  0.0  12
4822  -8.0  8.0  100
4823  -2.0  2.0  11
4824  0.0  0.0  100
4825  -2.0  2.0  11
4826  20.0  -20.0  6
4827  0.0  0.0  100
4828  0.0  0.0  12
4829  0.0  0.0  100
4830  -2.0  2.0  11
4831  0.0  0.0  12
4832  10.0  -10.0  7
4833  6.0  -6.0  9
4834  -4.0  4.0  100
4835  0.0  0.0  12
4836  -6.0  6.0  100
4837  0.0  0.0  12
4838  0.0  0.0  100
4839  0.0  0.0  12
4840  0.0  0.0  12
4841  10.0  -10.0  7
4842  -4.0  4.0  100
4843  -8.0  8.0  100
4844  0.0  0.0  12
4845  0.0  0.0  100
4846  6.0  -6.0  9
4847  0.0  0.0  100
4848  -2.0  2.0  100
4849  0.0  0.0  12
4850  0.0  0.0  100
4851  0.0  0.0  12
4852  -4.0  4.0  100
4853  -2.0  2.0  11
4854  0.0  0.0  12
4855  0.0  0.0  100
4856  0.0  0.0  12
4857  0.0  0.0  12
4858  -2.0  2.0  100
4859  8.0  -8.0  8
4860  0.0  0.0  12
4861  0.0  0.0  12
4862  0.0  0.0  100
4863  -2.0  2.0  100
4864  0.0  0.0  100
4865  0.0  0.0  12
4866  -4.0  4.0  100
4867  -6.0  6.0  100
4868  -4.0  4.0  100
4869  -2.0  2.0  11
4870  -2.0  2.0  100
4871  -2.0  2.0  100
4872  10.0  -10.0  7
4873  -10.0  10.0  100
4874  0.0  0.0  100
4875  -2.0  2.0  100
4876  0.0  0.0  100
4877  -4.0  4.0  100
4878  -2.0  2.0  100
4879  -4.0  4.0  100
4880  20.0  -20.0  6
4881  -4.0  4.0  100
4882  -4.0  4.0  100
4883  0.0  0.0  12
4884  0.0  0.0  12
4885  0.0  0.0  12
4886  -4.0  4.0  100
4887  -6.0  6.0  100
4888  0.0  0.0  100
4889  -4.0  4.0  100
4890  0.0  0.0  12
4891  0.0  0.0  12
4892  0.0  0.0  12
4893  -2.0  2.0  100
4894  0.0  0.0  12
4895  -8.0  8.0  100
4896  -2.0  2.0  100
4897  2.0  -2.0  11
4898  8.0  -8.0  8
4899  0.0  0.0  12
4900  -2.0  2.0  100
4901  0.0  0.0  100
4902  0.0  0.0  100
4903  20.0  -20.0  6
4904  0.0  0.0  12
4905  0.0  0.0  12
4906  -2.0  2.0  100
4907  10.0  -10.0  7
4908  0.0  0.0  12
4909  -6.0  6.0  100
4910  0.0  0.0  100
4911  0.0  0.0  100
4912  0.0  0.0  12
4913  -2.0  2.0  11
4914  -6.0  6.0  100
4915  0.0  0.0  100
4916  0.0  0.0  100
4917  0.0  0.0  12
4918  0.0  0.0  12
4919  -6.0  6.0  100
4920  0.0  0.0  100
4921  0.0  0.0  100
4922  0.0  0.0  12
4923  -2.0  2.0  100
4924  0.0  0.0  12
4925  0.0  0.0  100
4926  -2.0  2.0  100
4927  0.0  0.0  100
4928  -4.0  4.0  100
4929  0.0  0.0  12
4930  20.0  -20.0  6
4931  20.0  -20.0  6
4932  20.0  -20.0  6
4933  0.0  0.0  100
4934  0.0  0.0  100
4935  -4.0  4.0  100
4936  0.0  0.0  12
4937  6.0  -6.0  9
4938  0.0  0.0  100
4939  -2.0  2.0  11
4940  0.0  0.0  100
4941  0.0  0.0  12
4942  0.0  0.0  12
4943  -4.0  4.0  100
4944  10.0  -10.0  7
4945  -6.0  6.0  100
4946  -4.0  4.0  100
4947  0.0  0.0  12
4948  0.0  0.0  100
4949  0.0  0.0  100
4950  0.0  0.0  100
4951  0.0  0.0  12
4952  0.0  0.0  12
4953  0.0  0.0  12
4954  -6.0  6.0  100
4955  -2.0  2.0  11
4956  -4.0  4.0  100
4957  0.0  0.0  12
4958  0.0  0.0  100
4959  0.0  0.0  100
4960  -6.0  6.0  100
4961  20.0  -20.0  57
4962  -4.0  4.0  100
4963  -8.0  8.0  100
4964  0.0  0.0  12
4965  0.0  0.0  12
4966  0.0  0.0  12
4967  0.0  0.0  12
4968  0.0  0.0  12
4969  0.0  0.0  100
4970  0.0  0.0  12
4971  -8.0  8.0  100
4972  8.0  -8.0  8
4973  -2.0  2.0  100
4974  0.0  0.0  100
4975  0.0  0.0  100
4976  20.0  -20.0  6
4977  0.0  0.0  12
4978  -2.0  2.0  11
4979  0.0  0.0  12
4980  -4.0  4.0  100
4981  0.0  0.0  100
4982  20.0  -20.0  6
4983  -2.0  2.0  100
4984  0.0  0.0  12
4985  0.0  0.0  100
4986  0.0  0.0  12
4987  20.0  -20.0  6
4988  -2.0  2.0  100
4989  -2.0  2.0  11
4990  -8.0  8.0  100
4991  0.0  0.0  12
4992  -4.0  4.0  100
4993  -6.0  6.0  100
4994  0.0  0.0  100
4995  0.0  0.0  100
4996  0.0  0.0  12
4997  -2.0  2.0  100
4998  -2.0  2.0  11
4999  0.0  0.0  100
