0  0.0  0.0  75
1  -2.0  2.0  11
2  0.0  0.0  12
3  0.0  0.0  12
4  -10.0  10.0  7
5  0.0  0.0  75
6  -4.0  4.0  10
7  -2.0  2.0  75
8  0.0  0.0  75
9  -6.0  6.0  9
10  0.0  0.0  75
11  -4.0  4.0  10
12  0.0  0.0  12
13  -4.0  4.0  10
14  0.0  0.0  12
15  -8.0  8.0  8
16  -8.0  8.0  8
17  0.0  0.0  12
18  -2.0  2.0  11
19  0.0  0.0  75
20  0.0  0.0  75
21  0.0  0.0  12
22  -4.0  4.0  10
23  -2.0  2.0  11
24  -2.0  2.0  11
25  0.0  0.0  75
26  -8.0  8.0  8
27  -10.0  10.0  7
28  -8.0  8.0  8
29  -10.0  10.0  7
30  -4.0  4.0  10
31  -4.0  4.0  10
32  -2.0  2.0  11
33  -6.0  6.0  9
34  0.0  0.0  12
35  -2.0  2.0  75
36  -2.0  2.0  11
37  -4.0  4.0  10
38  -4.0  4.0  10
39  0.0  0.0  75
40  -6.0  6.0  9
41  0.0  0.0  12
42  -4.0  4.0  10
43  -2.0  2.0  11
44  -2.0  2.0  11
45  -2.0  2.0  11
46  -6.0  6.0  9
47  -4.0  4.0  10
48  -6.0  6.0  9
49  0.0  0.0  75
50  0.0  0.0  12
51  -4.0  4.0  10
52  -4.0  4.0  10
53  0.0  0.0  75
54  -2.0  2.0  11
55  0.0  0.0  12
56  -2.0  2.0  11
57  -6.0  6.0  9
58  -8.0  8.0  8
59  0.0  0.0  75
60  0.0  0.0  75
61  -2.0  2.0  11
62  -2.0  2.0  11
63  0.0  0.0  75
64  0.0  0.0  75
65  -4.0  4.0  10
66  0.0  0.0  75
67  -6.0  6.0  9
68  -8.0  8.0  8
69  0.0  0.0  75
70  0.0  0.0  12
71  -4.0  4.0  10
72  0.0  0.0  75
73  0.0  0.0  75
74  -2.0  2.0  11
75  -4.0  4.0  10
76  -2.0  2.0  75
77  -4.0  4.0  10
78  -2.0  2.0  11
79  -10.0  10.0  7
80  -2.0  2.0  11
81  -2.0  2.0  11
82  0.0  0.0  75
83  -6.0  6.0  9
84  0.0  0.0  75
85  0.0  0.0  12
86  0.0  0.0  12
87  -8.0  8.0  8
88  0.0  0.0  75
89  0.0  0.0  75
90  0.0  0.0  75
91  -4.0  4.0  10
92  0.0  0.0  12
93  0.0  0.0  12
94  0.0  0.0  12
95  0.0  0.0  75
96  -8.0  8.0  8
97  -2.0  2.0  11
98  -6.0  6.0  9
99  -2.0  2.0  75
100  0.0  0.0  12
101  -2.0  2.0  11
102  0.0  0.0  12
103  0.0  0.0  75
104  0.0  0.0  12
105  -6.0  6.0  9
106  0.0  0.0  75
107  -6.0  6.0  9
108  0.0  0.0  75
109  -6.0  6.0  9
110  0.0  0.0  75
111  0.0  0.0  12
112  -4.0  4.0  10
113  -10.0  10.0  7
114  -6.0  6.0  9
115  0.0  0.0  75
116  0.0  0.0  12
117  -4.0  4.0  10
118  -2.0  2.0  75
119  -2.0  2.0  11
120  -2.0  2.0  11
121  0.0  0.0  75
122  -2.0  2.0  75
123  -2.0  2.0  11
124  -2.0  2.0  11
125  -4.0  4.0  10
126  -4.0  4.0  10
127  -4.0  4.0  10
128  -2.0  2.0  11
129  -2.0  2.0  75
130  0.0  0.0  75
131  -2.0  2.0  11
132  0.0  0.0  12
133  -2.0  2.0  11
134  -6.0  6.0  9
135  -4.0  4.0  10
136  -4.0  4.0  10
137  -2.0  2.0  11
138  -2.0  2.0  11
139  -6.0  6.0  9
140  0.0  0.0  75
141  -2.0  2.0  11
142  -6.0  6.0  9
143  -4.0  4.0  10
144  -6.0  6.0  9
145  0.0  0.0  12
146  -2.0  2.0  11
147  0.0  0.0  75
148  0.0  0.0  75
149  0.0  0.0  75
150  -2.0  2.0  11
151  -2.0  2.0  11
152  0.0  0.0  12
153  0.0  0.0  75
154  -2.0  2.0  11
155  0.0  0.0  12
156  -6.0  6.0  9
157  -4.0  4.0  10
158  0.0  0.0  12
159  0.0  0.0  75
160  -2.0  2.0  11
161  0.0  0.0  12
162  -2.0  2.0  11
163  -2.0  2.0  11
164  0.0  0.0  12
165  -4.0  4.0  10
166  0.0  0.0  12
167  0.0  0.0  75
168  -6.0  6.0  9
169  -4.0  4.0  10
170  -2.0  2.0  11
171  0.0  0.0  12
172  0.0  0.0  75
173  0.0  0.0  75
174  0.0  0.0  75
175  -2.0  2.0  11
176  0.0  0.0  12
177  0.0  0.0  12
178  -4.0  4.0  10
179  -4.0  4.0  10
180  0.0  0.0  75
181  -6.0  6.0  9
182  0.0  0.0  75
183  0.0  0.0  75
184  0.0  0.0  75
185  -4.0  4.0  10
186  -2.0  2.0  75
187  -4.0  4.0  10
188  0.0  0.0  75
189  -4.0  4.0  10
190  0.0  0.0  75
191  0.0  0.0  75
192  -2.0  2.0  11
193  -6.0  6.0  9
194  0.0  0.0  75
195  -4.0  4.0  10
196  0.0  0.0  12
197  -4.0  4.0  10
198  -2.0  2.0  11
199  0.0  0.0  75
200  -2.0  2.0  11
201  -2.0  2.0  11
202  -4.0  4.0  10
203  0.0  0.0  75
204  -2.0  2.0  11
205  -6.0  6.0  9
206  -4.0  4.0  10
207  -4.0  4.0  10
208  -2.0  2.0  11
209  -4.0  4.0  10
210  -2.0  2.0  75
211  -2.0  2.0  11
212  0.0  0.0  12
213  0.0  0.0  75
214  -2.0  2.0  11
215  0.0  0.0  75
216  -2.0  2.0  11
217  -2.0  2.0  11
218  -4.0  4.0  10
219  -4.0  4.0  10
220  -4.0  4.0  10
221  -6.0  6.0  9
222  0.0  0.0  12
223  0.0  0.0  75
224  0.0  0.0  12
225  0.0  0.0  12
226  -6.0  6.0  9
227  0.0  0.0  75
228  -2.0  2.0  75
229  0.0  0.0  75
230  0.0  0.0  12
231  -4.0  4.0  10
232  -6.0  6.0  9
233  0.0  0.0  75
234  0.0  0.0  75
235  0.0  0.0  12
236  -6.0  6.0  9
237  -8.0  8.0  8
238  -4.0  4.0  10
239  -2.0  2.0  11
240  -4.0  4.0  10
241  -4.0  4.0  10
242  0.0  0.0  12
243  -6.0  6.0  9
244  0.0  0.0  75
245  0.0  0.0  75
246  0.0  0.0  12
247  0.0  0.0  12
248  -6.0  6.0  9
249  0.0  0.0  75
250  -4.0  4.0  10
251  -6.0  6.0  9
252  -2.0  2.0  11
253  -2.0  2.0  11
254  -4.0  4.0  10
255  -2.0  2.0  11
256  0.0  0.0  12
257  0.0  0.0  12
258  0.0  0.0  12
259  0.0  0.0  12
260  -2.0  2.0  11
261  0.0  0.0  75
262  -2.0  2.0  11
263  0.0  0.0  12
264  -4.0  4.0  10
265  -4.0  4.0  10
266  -4.0  4.0  10
267  -2.0  2.0  11
268  0.0  0.0  75
269  0.0  0.0  12
270  0.0  0.0  75
271  -2.0  2.0  11
272  -8.0  8.0  8
273  0.0  0.0  75
274  0.0  0.0  12
275  0.0  0.0  75
276  -4.0  4.0  10
277  -2.0  2.0  11
278  0.0  0.0  12
279  -4.0  4.0  10
280  -2.0  2.0  11
281  -4.0  4.0  10
282  -4.0  4.0  10
283  -6.0  6.0  9
284  -2.0  2.0  11
285  0.0  0.0  12
286  -2.0  2.0  11
287  0.0  0.0  75
288  -4.0  4.0  10
289  0.0  0.0  12
290  0.0  0.0  75
291  0.0  0.0  75
292  -2.0  2.0  11
293  -6.0  6.0  9
294  0.0  0.0  75
295  -8.0  8.0  8
296  0.0  0.0  75
297  0.0  0.0  75
298  0.0  0.0  75
299  0.0  0.0  75
300  0.0  0.0  12
301  -6.0  6.0  9
302  0.0  0.0  75
303  -4.0  4.0  10
304  0.0  0.0  75
305  -6.0  6.0  9
306  0.0  0.0  12
307  0.0  0.0  12
308  0.0  0.0  75
309  -6.0  6.0  9
310  0.0  0.0  75
311  -6.0  6.0  9
312  -2.0  2.0  75
313  -2.0  2.0  11
314  -6.0  6.0  9
315  0.0  0.0  75
316  -8.0  8.0  8
317  -6.0  6.0  9
318  -8.0  8.0  8
319  -2.0  2.0  11
320  -2.0  2.0  11
321  0.0  0.0  75
322  -2.0  2.0  11
323  0.0  0.0  75
324  0.0  0.0  75
325  0.0  0.0  12
326  0.0  0.0  12
327  -4.0  4.0  10
328  0.0  0.0  75
329  -4.0  4.0  10
330  0.0  0.0  12
331  -2.0  2.0  11
332  0.0  0.0  75
333  -2.0  2.0  11
334  0.0  0.0  75
335  0.0  0.0  75
336  -6.0  6.0  9
337  0.0  0.0  75
338  -2.0  2.0  75
339  -4.0  4.0  10
340  -8.0  8.0  8
341  -8.0  8.0  8
342  -4.0  4.0  10
343  0.0  0.0  12
344  -4.0  4.0  10
345  -4.0  4.0  10
346  -2.0  2.0  11
347  -2.0  2.0  11
348  0.0  0.0  12
349  0.0  0.0  75
350  -6.0  6.0  9
351  0.0  0.0  75
352  -6.0  6.0  9
353  -2.0  2.0  11
354  -2.0  2.0  11
355  -2.0  2.0  75
356  0.0  0.0  12
357  -8.0  8.0  8
358  -2.0  2.0  11
359  -2.0  2.0  11
360  0.0  0.0  12
361  0.0  0.0  75
362  0.0  0.0  75
363  -2.0  2.0  11
364  -4.0  4.0  10
365  0.0  0.0  75
366  -2.0  2.0  11
367  -2.0  2.0  11
368  -6.0  6.0  9
369  -2.0  2.0  11
370  -2.0  2.0  11
371  -6.0  6.0  9
372  -2.0  2.0  11
373  -2.0  2.0  11
374  -2.0  2.0  11
375  -2.0  2.0  11
376  -6.0  6.0  9
377  -4.0  4.0  10
378  -8.0  8.0  8
379  -2.0  2.0  11
380  -6.0  6.0  9
381  -4.0  4.0  10
382  0.0  0.0  75
383  0.0  0.0  75
384  0.0  0.0  75
385  -2.0  2.0  11
386  -2.0  2.0  11
387  0.0  0.0  12
388  -2.0  2.0  11
389  -2.0  2.0  11
390  0.0  0.0  75
391  -2.0  2.0  11
392  -2.0  2.0  11
393  -6.0  6.0  9
394  0.0  0.0  12
395  -2.0  2.0  75
396  -6.0  6.0  9
397  -4.0  4.0  10
398  -4.0  4.0  10
399  -2.0  2.0  11
400  -6.0  6.0  9
401  0.0  0.0  75
402  -2.0  2.0  11
403  -2.0  2.0  11
404  0.0  0.0  75
405  -4.0  4.0  10
406  -8.0  8.0  8
407  -2.0  2.0  11
408  -2.0  2.0  75
409  0.0  0.0  75
410  -4.0  4.0  10
411  0.0  0.0  75
412  -2.0  2.0  11
413  -2.0  2.0  75
414  0.0  0.0  75
415  0.0  0.0  75
416  -2.0  2.0  11
417  -4.0  4.0  10
418  0.0  0.0  12
419  -2.0  2.0  11
420  -6.0  6.0  9
421  -4.0  4.0  10
422  0.0  0.0  12
423  -4.0  4.0  10
424  0.0  0.0  75
425  -2.0  2.0  11
426  0.0  0.0  12
427  0.0  0.0  75
428  -2.0  2.0  11
429  0.0  0.0  75
430  0.0  0.0  75
431  -2.0  2.0  11
432  0.0  0.0  12
433  0.0  0.0  12
434  -4.0  4.0  10
435  -6.0  6.0  9
436  -2.0  2.0  75
437  0.0  0.0  75
438  -2.0  2.0  11
439  -4.0  4.0  10
440  -2.0  2.0  11
441  -2.0  2.0  11
442  -2.0  2.0  11
443  -4.0  4.0  10
444  -6.0  6.0  9
445  -8.0  8.0  8
446  -2.0  2.0  11
447  0.0  0.0  12
448  -4.0  4.0  10
449  -6.0  6.0  9
450  0.0  0.0  75
451  0.0  0.0  75
452  0.0  0.0  12
453  -2.0  2.0  11
454  0.0  0.0  12
455  -4.0  4.0  10
456  0.0  0.0  12
457  -2.0  2.0  11
458  0.0  0.0  12
459  -2.0  2.0  11
460  0.0  0.0  12
461  -2.0  2.0  11
462  0.0  0.0  12
463  0.0  0.0  75
464  -6.0  6.0  9
465  -2.0  2.0  11
466  -2.0  2.0  11
467  -6.0  6.0  9
468  -2.0  2.0  75
469  0.0  0.0  75
470  0.0  0.0  75
471  -6.0  6.0  9
472  -2.0  2.0  11
473  0.0  0.0  12
474  0.0  0.0  75
475  0.0  0.0  12
476  -8.0  8.0  8
477  0.0  0.0  75
478  -2.0  2.0  11
479  -4.0  4.0  10
480  -2.0  2.0  11
481  -2.0  2.0  11
482  -8.0  8.0  8
483  -4.0  4.0  10
484  -4.0  4.0  10
485  0.0  0.0  12
486  -2.0  2.0  11
487  -2.0  2.0  11
488  -4.0  4.0  10
489  0.0  0.0  75
490  -2.0  2.0  75
491  -4.0  4.0  10
492  0.0  0.0  12
493  -4.0  4.0  10
494  -2.0  2.0  11
495  0.0  0.0  75
496  0.0  0.0  12
497  -2.0  2.0  11
498  0.0  0.0  12
499  -6.0  6.0  9
500  0.0  0.0  75
501  -6.0  6.0  9
502  0.0  0.0  75
503  -4.0  4.0  10
504  -2.0  2.0  11
505  -2.0  2.0  11
506  -4.0  4.0  10
507  -2.0  2.0  11
508  -6.0  6.0  9
509  0.0  0.0  75
510  -4.0  4.0  10
511  -6.0  6.0  9
512  0.0  0.0  12
513  -2.0  2.0  75
514  -6.0  6.0  9
515  -2.0  2.0  11
516  -4.0  4.0  10
517  -8.0  8.0  8
518  -2.0  2.0  11
519  -2.0  2.0  11
520  -8.0  8.0  8
521  -6.0  6.0  9
522  0.0  0.0  12
523  0.0  0.0  75
524  -6.0  6.0  9
525  -6.0  6.0  9
526  0.0  0.0  12
527  -2.0  2.0  75
528  0.0  0.0  12
529  -4.0  4.0  10
530  -2.0  2.0  11
531  -8.0  8.0  8
532  -4.0  4.0  10
533  -2.0  2.0  11
534  -2.0  2.0  75
535  -2.0  2.0  11
536  -6.0  6.0  9
537  -2.0  2.0  11
538  -4.0  4.0  10
539  -6.0  6.0  9
540  0.0  0.0  75
541  -6.0  6.0  9
542  -4.0  4.0  10
543  0.0  0.0  75
544  -4.0  4.0  10
545  0.0  0.0  75
546  -8.0  8.0  8
547  0.0  0.0  75
548  -2.0  2.0  11
549  -2.0  2.0  11
550  -8.0  8.0  8
551  0.0  0.0  75
552  -4.0  4.0  10
553  -6.0  6.0  9
554  0.0  0.0  12
555  -6.0  6.0  9
556  0.0  0.0  75
557  0.0  0.0  75
558  -2.0  2.0  11
559  -4.0  4.0  10
560  0.0  0.0  75
561  -6.0  6.0  9
562  0.0  0.0  75
563  0.0  0.0  75
564  0.0  0.0  12
565  -2.0  2.0  11
566  -8.0  8.0  8
567  -6.0  6.0  9
568  -6.0  6.0  9
569  -6.0  6.0  9
570  0.0  0.0  12
571  -2.0  2.0  11
572  -2.0  2.0  11
573  -4.0  4.0  10
574  0.0  0.0  12
575  0.0  0.0  12
576  -2.0  2.0  11
577  -2.0  2.0  11
578  -6.0  6.0  9
579  0.0  0.0  12
580  -2.0  2.0  75
581  -6.0  6.0  9
582  -6.0  6.0  9
583  -6.0  6.0  9
584  0.0  0.0  75
585  -2.0  2.0  11
586  -4.0  4.0  10
587  -4.0  4.0  10
588  0.0  0.0  75
589  -2.0  2.0  11
590  -4.0  4.0  10
591  0.0  0.0  75
592  0.0  0.0  12
593  0.0  0.0  75
594  -8.0  8.0  8
595  0.0  0.0  75
596  -8.0  8.0  8
597  -4.0  4.0  10
598  -6.0  6.0  9
599  0.0  0.0  75
600  -2.0  2.0  11
601  -4.0  4.0  10
602  -4.0  4.0  10
603  0.0  0.0  75
604  -6.0  6.0  9
605  -4.0  4.0  10
606  -2.0  2.0  11
607  -6.0  6.0  9
608  -2.0  2.0  11
609  -2.0  2.0  11
610  0.0  0.0  75
611  0.0  0.0  75
612  -2.0  2.0  11
613  -6.0  6.0  9
614  0.0  0.0  75
615  -4.0  4.0  10
616  0.0  0.0  12
617  -6.0  6.0  9
618  0.0  0.0  12
619  0.0  0.0  75
620  -4.0  4.0  10
621  0.0  0.0  12
622  0.0  0.0  12
623  -2.0  2.0  11
624  0.0  0.0  75
625  -4.0  4.0  10
626  -2.0  2.0  11
627  0.0  0.0  12
628  -2.0  2.0  11
629  0.0  0.0  75
630  -2.0  2.0  11
631  -8.0  8.0  8
632  -4.0  4.0  10
633  -4.0  4.0  10
634  0.0  0.0  75
635  0.0  0.0  75
636  -2.0  2.0  11
637  0.0  0.0  12
638  0.0  0.0  12
639  0.0  0.0  75
640  0.0  0.0  75
641  -2.0  2.0  11
642  -8.0  8.0  8
643  -4.0  4.0  10
644  -8.0  8.0  8
645  0.0  0.0  12
646  -2.0  2.0  11
647  -2.0  2.0  75
648  0.0  0.0  12
649  0.0  0.0  75
650  0.0  0.0  75
651  -2.0  2.0  11
652  -2.0  2.0  11
653  0.0  0.0  75
654  -6.0  6.0  9
655  0.0  0.0  75
656  -2.0  2.0  11
657  -4.0  4.0  10
658  -4.0  4.0  10
659  -2.0  2.0  11
660  -2.0  2.0  11
661  -4.0  4.0  10
662  0.0  0.0  75
663  0.0  0.0  12
664  -8.0  8.0  8
665  -8.0  8.0  8
666  -4.0  4.0  10
667  -4.0  4.0  10
668  -2.0  2.0  11
669  0.0  0.0  75
670  0.0  0.0  75
671  0.0  0.0  12
672  -4.0  4.0  10
673  -4.0  4.0  10
674  0.0  0.0  75
675  -6.0  6.0  9
676  -2.0  2.0  11
677  -8.0  8.0  8
678  0.0  0.0  75
679  -2.0  2.0  11
680  -4.0  4.0  10
681  0.0  0.0  75
682  -8.0  8.0  8
683  0.0  0.0  12
684  0.0  0.0  12
685  0.0  0.0  75
686  0.0  0.0  75
687  -2.0  2.0  11
688  -6.0  6.0  9
689  0.0  0.0  12
690  -4.0  4.0  10
691  0.0  0.0  12
692  0.0  0.0  75
693  0.0  0.0  12
694  0.0  0.0  12
695  -2.0  2.0  11
696  0.0  0.0  12
697  0.0  0.0  12
698  -6.0  6.0  9
699  -2.0  2.0  11
700  0.0  0.0  12
701  -6.0  6.0  9
702  0.0  0.0  75
703  0.0  0.0  75
704  -6.0  6.0  9
705  -6.0  6.0  9
706  -6.0  6.0  9
707  -2.0  2.0  11
708  -6.0  6.0  9
709  0.0  0.0  75
710  -2.0  2.0  11
711  -2.0  2.0  11
712  -4.0  4.0  10
713  0.0  0.0  12
714  -2.0  2.0  11
715  0.0  0.0  12
716  0.0  0.0  75
717  -2.0  2.0  11
718  0.0  0.0  75
719  0.0  0.0  75
720  -6.0  6.0  9
721  0.0  0.0  75
722  -2.0  2.0  75
723  0.0  0.0  75
724  -2.0  2.0  11
725  -4.0  4.0  10
726  0.0  0.0  12
727  0.0  0.0  12
728  -2.0  2.0  11
729  0.0  0.0  75
730  -2.0  2.0  11
731  -2.0  2.0  11
732  0.0  0.0  75
733  -2.0  2.0  11
734  0.0  0.0  75
735  -8.0  8.0  8
736  -4.0  4.0  10
737  -6.0  6.0  9
738  0.0  0.0  12
739  -4.0  4.0  10
740  -2.0  2.0  75
741  0.0  0.0  12
742  0.0  0.0  75
743  -4.0  4.0  10
744  0.0  0.0  12
745  0.0  0.0  75
746  -2.0  2.0  11
747  -6.0  6.0  9
748  -6.0  6.0  9
749  -2.0  2.0  11
750  0.0  0.0  75
751  -2.0  2.0  75
752  -2.0  2.0  11
753  0.0  0.0  75
754  0.0  0.0  75
755  -2.0  2.0  11
756  -6.0  6.0  9
757  -4.0  4.0  10
758  -4.0  4.0  10
759  -8.0  8.0  8
760  -2.0  2.0  11
761  -8.0  8.0  8
762  -2.0  2.0  11
763  -6.0  6.0  9
764  -2.0  2.0  11
765  -6.0  6.0  9
766  0.0  0.0  75
767  -2.0  2.0  11
768  -4.0  4.0  10
769  -2.0  2.0  11
770  0.0  0.0  12
771  -2.0  2.0  11
772  0.0  0.0  75
773  0.0  0.0  75
774  -4.0  4.0  10
775  -2.0  2.0  11
776  -6.0  6.0  9
777  -4.0  4.0  10
778  0.0  0.0  75
779  0.0  0.0  75
780  -6.0  6.0  9
781  0.0  0.0  75
782  -2.0  2.0  11
783  -6.0  6.0  9
784  -2.0  2.0  11
785  0.0  0.0  75
786  -6.0  6.0  9
787  -2.0  2.0  11
788  -4.0  4.0  10
789  0.0  0.0  75
790  0.0  0.0  12
791  0.0  0.0  75
792  0.0  0.0  12
793  -4.0  4.0  10
794  -2.0  2.0  11
795  -2.0  2.0  11
796  0.0  0.0  75
797  -2.0  2.0  11
798  -2.0  2.0  11
799  -6.0  6.0  9
800  -6.0  6.0  9
801  -2.0  2.0  11
802  -2.0  2.0  11
803  -4.0  4.0  10
804  0.0  0.0  12
805  -6.0  6.0  9
806  -4.0  4.0  10
807  0.0  0.0  12
808  0.0  0.0  75
809  0.0  0.0  12
810  0.0  0.0  12
811  -4.0  4.0  10
812  -2.0  2.0  11
813  -2.0  2.0  11
814  0.0  0.0  12
815  0.0  0.0  75
816  0.0  0.0  75
817  -2.0  2.0  11
818  -6.0  6.0  9
819  0.0  0.0  12
820  -6.0  6.0  9
821  -6.0  6.0  9
822  0.0  0.0  12
823  -6.0  6.0  9
824  -4.0  4.0  10
825  0.0  0.0  12
826  -6.0  6.0  9
827  0.0  0.0  12
828  0.0  0.0  12
829  0.0  0.0  12
830  -4.0  4.0  10
831  0.0  0.0  12
832  -4.0  4.0  10
833  0.0  0.0  12
834  -8.0  8.0  8
835  -4.0  4.0  10
836  -4.0  4.0  10
837  -6.0  6.0  9
838  -6.0  6.0  9
839  -2.0  2.0  11
840  0.0  0.0  75
841  -4.0  4.0  10
842  -2.0  2.0  11
843  -4.0  4.0  10
844  0.0  0.0  12
845  -4.0  4.0  10
846  -4.0  4.0  10
847  0.0  0.0  12
848  -2.0  2.0  75
849  -4.0  4.0  10
850  -2.0  2.0  75
851  -8.0  8.0  8
852  -6.0  6.0  9
853  -4.0  4.0  10
854  0.0  0.0  75
855  -2.0  2.0  11
856  -4.0  4.0  10
857  -4.0  4.0  10
858  -6.0  6.0  9
859  0.0  0.0  75
860  -2.0  2.0  11
861  -2.0  2.0  11
862  0.0  0.0  75
863  0.0  0.0  75
864  -2.0  2.0  11
865  0.0  0.0  75
866  -6.0  6.0  9
867  -4.0  4.0  10
868  0.0  0.0  12
869  -8.0  8.0  8
870  -2.0  2.0  11
871  0.0  0.0  12
872  0.0  0.0  12
873  -2.0  2.0  11
874  -4.0  4.0  10
875  -4.0  4.0  10
876  -6.0  6.0  9
877  -4.0  4.0  10
878  -2.0  2.0  11
879  -2.0  2.0  11
880  0.0  0.0  12
881  -2.0  2.0  11
882  0.0  0.0  75
883  0.0  0.0  12
884  -2.0  2.0  11
885  0.0  0.0  12
886  0.0  0.0  75
887  0.0  0.0  12
888  0.0  0.0  75
889  -2.0  2.0  11
890  -4.0  4.0  10
891  -2.0  2.0  11
892  0.0  0.0  75
893  -4.0  4.0  10
894  0.0  0.0  12
895  -4.0  4.0  10
896  -8.0  8.0  8
897  -4.0  4.0  10
898  -8.0  8.0  8
899  -2.0  2.0  11
900  0.0  0.0  12
901  -4.0  4.0  10
902  -4.0  4.0  10
903  0.0  0.0  75
904  0.0  0.0  12
905  -6.0  6.0  9
906  0.0  0.0  75
907  -8.0  8.0  8
908  -4.0  4.0  10
909  0.0  0.0  12
910  -6.0  6.0  9
911  0.0  0.0  12
912  -8.0  8.0  8
913  -2.0  2.0  11
914  -6.0  6.0  9
915  -6.0  6.0  9
916  0.0  0.0  12
917  -2.0  2.0  11
918  -6.0  6.0  9
919  -8.0  8.0  8
920  -6.0  6.0  9
921  -4.0  4.0  10
922  -2.0  2.0  11
923  -2.0  2.0  11
924  -4.0  4.0  10
925  -2.0  2.0  11
926  -2.0  2.0  11
927  -4.0  4.0  10
928  0.0  0.0  75
929  -2.0  2.0  11
930  -2.0  2.0  11
931  0.0  0.0  12
932  0.0  0.0  75
933  -4.0  4.0  10
934  0.0  0.0  12
935  -4.0  4.0  10
936  -2.0  2.0  11
937  -2.0  2.0  11
938  -4.0  4.0  10
939  -4.0  4.0  10
940  -2.0  2.0  11
941  0.0  0.0  75
942  0.0  0.0  75
943  0.0  0.0  12
944  0.0  0.0  75
945  -2.0  2.0  11
946  -6.0  6.0  9
947  0.0  0.0  75
948  -2.0  2.0  11
949  -2.0  2.0  11
950  -2.0  2.0  11
951  0.0  0.0  12
952  -4.0  4.0  10
953  -4.0  4.0  10
954  -8.0  8.0  8
955  -8.0  8.0  8
956  0.0  0.0  75
957  0.0  0.0  12
958  -2.0  2.0  11
959  0.0  0.0  12
960  -6.0  6.0  9
961  0.0  0.0  12
962  0.0  0.0  12
963  -6.0  6.0  9
964  0.0  0.0  12
965  0.0  0.0  75
966  0.0  0.0  12
967  0.0  0.0  75
968  -2.0  2.0  75
969  -8.0  8.0  8
970  -4.0  4.0  10
971  -2.0  2.0  11
972  -4.0  4.0  10
973  -2.0  2.0  11
974  0.0  0.0  75
975  0.0  0.0  75
976  0.0  0.0  75
977  -6.0  6.0  9
978  -2.0  2.0  11
979  0.0  0.0  12
980  0.0  0.0  75
981  0.0  0.0  12
982  0.0  0.0  12
983  -6.0  6.0  9
984  -6.0  6.0  9
985  -2.0  2.0  11
986  -8.0  8.0  8
987  0.0  0.0  12
988  0.0  0.0  75
989  0.0  0.0  75
990  -2.0  2.0  11
991  -2.0  2.0  11
992  -2.0  2.0  11
993  -2.0  2.0  11
994  -4.0  4.0  10
995  0.0  0.0  12
996  0.0  0.0  12
997  -8.0  8.0  8
998  -4.0  4.0  10
999  0.0  0.0  75
1000  -6.0  6.0  9
1001  -2.0  2.0  11
1002  0.0  0.0  12
1003  0.0  0.0  12
1004  -2.0  2.0  11
1005  -6.0  6.0  9
1006  0.0  0.0  12
1007  0.0  0.0  75
1008  0.0  0.0  75
1009  0.0  0.0  75
1010  -2.0  2.0  75
1011  -2.0  2.0  11
1012  -2.0  2.0  11
1013  -6.0  6.0  9
1014  0.0  0.0  75
1015  -6.0  6.0  9
1016  -8.0  8.0  8
1017  -10.0  10.0  7
1018  -2.0  2.0  11
1019  -2.0  2.0  11
1020  -2.0  2.0  11
1021  -4.0  4.0  10
1022  -6.0  6.0  9
1023  -2.0  2.0  11
1024  -4.0  4.0  10
1025  0.0  0.0  12
1026  -4.0  4.0  10
1027  0.0  0.0  12
1028  0.0  0.0  12
1029  0.0  0.0  75
1030  0.0  0.0  75
1031  0.0  0.0  75
1032  -8.0  8.0  8
1033  -8.0  8.0  8
1034  -4.0  4.0  10
1035  -6.0  6.0  9
1036  -2.0  2.0  11
1037  0.0  0.0  12
1038  0.0  0.0  75
1039  -4.0  4.0  10
1040  -2.0  2.0  11
1041  0.0  0.0  75
1042  0.0  0.0  12
1043  0.0  0.0  75
1044  -4.0  4.0  10
1045  0.0  0.0  12
1046  -2.0  2.0  11
1047  -2.0  2.0  11
1048  -2.0  2.0  11
1049  -8.0  8.0  8
1050  -2.0  2.0  11
1051  0.0  0.0  12
1052  -2.0  2.0  11
1053  -8.0  8.0  8
1054  0.0  0.0  75
1055  -6.0  6.0  9
1056  -6.0  6.0  9
1057  0.0  0.0  75
1058  -2.0  2.0  11
1059  0.0  0.0  12
1060  -8.0  8.0  8
1061  0.0  0.0  12
1062  0.0  0.0  75
1063  -4.0  4.0  10
1064  0.0  0.0  75
1065  0.0  0.0  12
1066  -4.0  4.0  10
1067  0.0  0.0  75
1068  -6.0  6.0  9
1069  -2.0  2.0  11
1070  0.0  0.0  75
1071  -4.0  4.0  10
1072  0.0  0.0  12
1073  0.0  0.0  12
1074  -8.0  8.0  8
1075  -4.0  4.0  10
1076  0.0  0.0  75
1077  0.0  0.0  75
1078  -4.0  4.0  10
1079  0.0  0.0  12
1080  -4.0  4.0  10
1081  0.0  0.0  75
1082  -2.0  2.0  11
1083  0.0  0.0  12
1084  -2.0  2.0  11
1085  -4.0  4.0  10
1086  -2.0  2.0  11
1087  0.0  0.0  12
1088  -2.0  2.0  11
1089  0.0  0.0  12
1090  0.0  0.0  75
1091  0.0  0.0  12
1092  -2.0  2.0  11
1093  -2.0  2.0  11
1094  -4.0  4.0  10
1095  -4.0  4.0  10
1096  0.0  0.0  12
1097  0.0  0.0  75
1098  0.0  0.0  12
1099  -2.0  2.0  11
1100  0.0  0.0  12
1101  -2.0  2.0  11
1102  -6.0  6.0  9
1103  0.0  0.0  12
1104  -6.0  6.0  9
1105  -2.0  2.0  11
1106  0.0  0.0  75
1107  0.0  0.0  75
1108  0.0  0.0  75
1109  -6.0  6.0  9
1110  -2.0  2.0  11
1111  0.0  0.0  75
1112  -6.0  6.0  9
1113  0.0  0.0  75
1114  -2.0  2.0  11
1115  0.0  0.0  75
1116  -2.0  2.0  11
1117  -2.0  2.0  11
1118  -2.0  2.0  11
1119  -6.0  6.0  9
1120  0.0  0.0  75
1121  0.0  0.0  75
1122  0.0  0.0  75
1123  -10.0  10.0  7
1124  -2.0  2.0  11
1125  -2.0  2.0  11
1126  0.0  0.0  12
1127  -4.0  4.0  10
1128  -8.0  8.0  8
1129  0.0  0.0  12
1130  -8.0  8.0  8
1131  -2.0  2.0  11
1132  0.0  0.0  12
1133  -2.0  2.0  11
1134  0.0  0.0  12
1135  -2.0  2.0  11
1136  0.0  0.0  12
1137  -2.0  2.0  11
1138  -8.0  8.0  8
1139  0.0  0.0  75
1140  -2.0  2.0  11
1141  0.0  0.0  12
1142  0.0  0.0  75
1143  0.0  0.0  75
1144  -8.0  8.0  8
1145  0.0  0.0  75
1146  0.0  0.0  12
1147  -2.0  2.0  11
1148  0.0  0.0  75
1149  -6.0  6.0  9
1150  0.0  0.0  75
1151  -6.0  6.0  9
1152  -6.0  6.0  9
1153  -4.0  4.0  10
1154  0.0  0.0  12
1155  0.0  0.0  75
1156  0.0  0.0  75
1157  -4.0  4.0  10
1158  0.0  0.0  12
1159  0.0  0.0  12
1160  -2.0  2.0  11
1161  -6.0  6.0  9
1162  -6.0  6.0  9
1163  -2.0  2.0  11
1164  -6.0  6.0  9
1165  -4.0  4.0  10
1166  0.0  0.0  12
1167  -2.0  2.0  11
1168  0.0  0.0  75
1169  0.0  0.0  75
1170  0.0  0.0  75
1171  0.0  0.0  12
1172  -6.0  6.0  9
1173  -2.0  2.0  11
1174  -2.0  2.0  11
1175  0.0  0.0  12
1176  -2.0  2.0  11
1177  -2.0  2.0  11
1178  0.0  0.0  12
1179  0.0  0.0  75
1180  -2.0  2.0  11
1181  0.0  0.0  12
1182  0.0  0.0  75
1183  -6.0  6.0  9
1184  -2.0  2.0  11
1185  -2.0  2.0  11
1186  -4.0  4.0  10
1187  -6.0  6.0  9
1188  -4.0  4.0  10
1189  -8.0  8.0  8
1190  -6.0  6.0  9
1191  0.0  0.0  75
1192  0.0  0.0  75
1193  0.0  0.0  75
1194  0.0  0.0  75
1195  0.0  0.0  12
1196  -4.0  4.0  10
1197  0.0  0.0  75
1198  -6.0  6.0  9
1199  -4.0  4.0  10
1200  -2.0  2.0  11
1201  0.0  0.0  75
1202  -2.0  2.0  11
1203  0.0  0.0  75
1204  0.0  0.0  75
1205  -2.0  2.0  11
1206  0.0  0.0  75
1207  0.0  0.0  75
1208  -8.0  8.0  8
1209  0.0  0.0  75
1210  -4.0  4.0  10
1211  -2.0  2.0  11
1212  -4.0  4.0  10
1213  -8.0  8.0  8
1214  -2.0  2.0  11
1215  0.0  0.0  75
1216  -6.0  6.0  9
1217  -4.0  4.0  10
1218  0.0  0.0  75
1219  -2.0  2.0  11
1220  -4.0  4.0  10
1221  0.0  0.0  12
1222  0.0  0.0  75
1223  -4.0  4.0  10
1224  -4.0  4.0  10
1225  0.0  0.0  75
1226  0.0  0.0  12
1227  -6.0  6.0  9
1228  -4.0  4.0  10
1229  0.0  0.0  75
1230  -6.0  6.0  9
1231  0.0  0.0  12
1232  -8.0  8.0  8
1233  0.0  0.0  75
1234  0.0  0.0  75
1235  0.0  0.0  12
1236  -10.0  10.0  7
1237  -4.0  4.0  10
1238  0.0  0.0  12
1239  -2.0  2.0  11
1240  0.0  0.0  12
1241  -4.0  4.0  10
1242  -6.0  6.0  9
1243  -4.0  4.0  10
1244  -2.0  2.0  75
1245  0.0  0.0  75
1246  0.0  0.0  12
1247  -4.0  4.0  10
1248  -6.0  6.0  9
1249  -2.0  2.0  11
1250  -8.0  8.0  8
1251  -4.0  4.0  10
1252  0.0  0.0  75
1253  0.0  0.0  75
1254  -6.0  6.0  9
1255  0.0  0.0  75
1256  0.0  0.0  12
1257  0.0  0.0  12
1258  -4.0  4.0  10
1259  0.0  0.0  75
1260  -2.0  2.0  11
1261  -6.0  6.0  9
1262  0.0  0.0  75
1263  -4.0  4.0  10
1264  -2.0  2.0  11
1265  -4.0  4.0  10
1266  -2.0  2.0  75
1267  -6.0  6.0  9
1268  0.0  0.0  12
1269  -2.0  2.0  11
1270  0.0  0.0  75
1271  0.0  0.0  12
1272  -2.0  2.0  75
1273  -6.0  6.0  9
1274  -2.0  2.0  11
1275  -2.0  2.0  11
1276  -4.0  4.0  10
1277  -2.0  2.0  75
1278  0.0  0.0  75
1279  -2.0  2.0  75
1280  -2.0  2.0  11
1281  -2.0  2.0  11
1282  -10.0  10.0  7
1283  0.0  0.0  75
1284  -6.0  6.0  9
1285  -6.0  6.0  9
1286  0.0  0.0  75
1287  0.0  0.0  12
1288  -6.0  6.0  9
1289  0.0  0.0  12
1290  -4.0  4.0  10
1291  -6.0  6.0  9
1292  0.0  0.0  12
1293  -4.0  4.0  10
1294  -6.0  6.0  9
1295  0.0  0.0  12
1296  -2.0  2.0  11
1297  -2.0  2.0  11
1298  -2.0  2.0  11
1299  0.0  0.0  12
1300  0.0  0.0  12
1301  0.0  0.0  75
1302  -4.0  4.0  10
1303  -2.0  2.0  11
1304  -8.0  8.0  8
1305  -2.0  2.0  11
1306  0.0  0.0  12
1307  -4.0  4.0  10
1308  0.0  0.0  75
1309  -4.0  4.0  10
1310  -6.0  6.0  9
1311  -4.0  4.0  10
1312  0.0  0.0  75
1313  -4.0  4.0  10
1314  -6.0  6.0  9
1315  -6.0  6.0  9
1316  -2.0  2.0  11
1317  -2.0  2.0  11
1318  -2.0  2.0  11
1319  -6.0  6.0  9
1320  -4.0  4.0  10
1321  0.0  0.0  75
1322  -8.0  8.0  8
1323  0.0  0.0  75
1324  0.0  0.0  12
1325  0.0  0.0  75
1326  -2.0  2.0  11
1327  0.0  0.0  12
1328  -10.0  10.0  7
1329  -4.0  4.0  10
1330  -2.0  2.0  11
1331  0.0  0.0  12
1332  -6.0  6.0  9
1333  -2.0  2.0  11
1334  -4.0  4.0  10
1335  -4.0  4.0  10
1336  0.0  0.0  12
1337  -2.0  2.0  11
1338  -2.0  2.0  11
1339  0.0  0.0  12
1340  0.0  0.0  75
1341  -2.0  2.0  11
1342  0.0  0.0  75
1343  0.0  0.0  75
1344  -2.0  2.0  11
1345  0.0  0.0  75
1346  0.0  0.0  12
1347  0.0  0.0  75
1348  -4.0  4.0  10
1349  -2.0  2.0  11
1350  -4.0  4.0  10
1351  0.0  0.0  75
1352  -2.0  2.0  75
1353  0.0  0.0  75
1354  0.0  0.0  75
1355  0.0  0.0  75
1356  -2.0  2.0  75
1357  -2.0  2.0  11
1358  0.0  0.0  75
1359  -6.0  6.0  9
1360  -2.0  2.0  11
1361  0.0  0.0  12
1362  -4.0  4.0  10
1363  -2.0  2.0  11
1364  -6.0  6.0  9
1365  0.0  0.0  12
1366  -8.0  8.0  8
1367  -2.0  2.0  11
1368  -6.0  6.0  9
1369  -4.0  4.0  10
1370  0.0  0.0  75
1371  -2.0  2.0  11
1372  0.0  0.0  12
1373  -2.0  2.0  11
1374  0.0  0.0  12
1375  0.0  0.0  12
1376  0.0  0.0  12
1377  -6.0  6.0  9
1378  0.0  0.0  12
1379  -6.0  6.0  9
1380  0.0  0.0  75
1381  -2.0  2.0  11
1382  -2.0  2.0  11
1383  0.0  0.0  12
1384  -4.0  4.0  10
1385  -2.0  2.0  11
1386  0.0  0.0  75
1387  -4.0  4.0  10
1388  0.0  0.0  75
1389  -6.0  6.0  9
1390  -2.0  2.0  75
1391  0.0  0.0  12
1392  0.0  0.0  12
1393  0.0  0.0  12
1394  -2.0  2.0  11
1395  0.0  0.0  12
1396  -6.0  6.0  9
1397  0.0  0.0  75
1398  -2.0  2.0  11
1399  -6.0  6.0  9
1400  -6.0  6.0  9
1401  0.0  0.0  75
1402  0.0  0.0  12
1403  0.0  0.0  75
1404  -2.0  2.0  11
1405  -2.0  2.0  11
1406  -2.0  2.0  11
1407  0.0  0.0  75
1408  0.0  0.0  12
1409  -2.0  2.0  11
1410  -4.0  4.0  10
1411  -8.0  8.0  8
1412  -2.0  2.0  11
1413  0.0  0.0  75
1414  -8.0  8.0  8
1415  0.0  0.0  12
1416  0.0  0.0  75
1417  -6.0  6.0  9
1418  0.0  0.0  12
1419  0.0  0.0  75
1420  -2.0  2.0  11
1421  -4.0  4.0  10
1422  -2.0  2.0  11
1423  0.0  0.0  75
1424  -2.0  2.0  11
1425  -8.0  8.0  8
1426  0.0  0.0  12
1427  -2.0  2.0  11
1428  -2.0  2.0  11
1429  -4.0  4.0  10
1430  0.0  0.0  12
1431  -2.0  2.0  11
1432  -6.0  6.0  9
1433  0.0  0.0  12
1434  -8.0  8.0  8
1435  -8.0  8.0  8
1436  0.0  0.0  75
1437  -2.0  2.0  11
1438  -4.0  4.0  10
1439  0.0  0.0  75
1440  -4.0  4.0  10
1441  0.0  0.0  75
1442  0.0  0.0  75
1443  0.0  0.0  75
1444  -4.0  4.0  10
1445  -2.0  2.0  11
1446  0.0  0.0  12
1447  -8.0  8.0  8
1448  -2.0  2.0  11
1449  0.0  0.0  12
1450  -8.0  8.0  8
1451  -4.0  4.0  10
1452  -4.0  4.0  10
1453  -4.0  4.0  10
1454  -2.0  2.0  75
1455  0.0  0.0  75
1456  -2.0  2.0  11
1457  -2.0  2.0  11
1458  0.0  0.0  75
1459  0.0  0.0  75
1460  0.0  0.0  12
1461  0.0  0.0  75
1462  0.0  0.0  12
1463  0.0  0.0  75
1464  0.0  0.0  75
1465  -6.0  6.0  9
1466  0.0  0.0  12
1467  -8.0  8.0  8
1468  0.0  0.0  12
1469  0.0  0.0  75
1470  0.0  0.0  12
1471  -4.0  4.0  10
1472  0.0  0.0  75
1473  0.0  0.0  12
1474  -2.0  2.0  11
1475  -2.0  2.0  75
1476  -8.0  8.0  8
1477  -4.0  4.0  10
1478  0.0  0.0  75
1479  0.0  0.0  75
1480  -2.0  2.0  11
1481  -8.0  8.0  8
1482  -4.0  4.0  10
1483  -4.0  4.0  10
1484  -4.0  4.0  10
1485  -4.0  4.0  10
1486  -8.0  8.0  8
1487  -4.0  4.0  10
1488  -8.0  8.0  8
1489  -2.0  2.0  11
1490  0.0  0.0  12
1491  -10.0  10.0  7
1492  -2.0  2.0  11
1493  -4.0  4.0  10
1494  -6.0  6.0  9
1495  0.0  0.0  75
1496  -2.0  2.0  11
1497  0.0  0.0  75
1498  -2.0  2.0  11
1499  0.0  0.0  12
1500  -6.0  6.0  9
1501  -6.0  6.0  9
1502  -4.0  4.0  10
1503  -6.0  6.0  9
1504  -2.0  2.0  11
1505  0.0  0.0  12
1506  0.0  0.0  12
1507  0.0  0.0  75
1508  -8.0  8.0  8
1509  -2.0  2.0  11
1510  -6.0  6.0  9
1511  -2.0  2.0  75
1512  0.0  0.0  12
1513  -4.0  4.0  10
1514  -4.0  4.0  10
1515  -4.0  4.0  10
1516  -2.0  2.0  11
1517  -4.0  4.0  10
1518  0.0  0.0  75
1519  -6.0  6.0  9
1520  0.0  0.0  12
1521  -2.0  2.0  11
1522  0.0  0.0  12
1523  -4.0  4.0  10
1524  -2.0  2.0  11
1525  -2.0  2.0  11
1526  -6.0  6.0  9
1527  -6.0  6.0  9
1528  -4.0  4.0  10
1529  0.0  0.0  75
1530  -8.0  8.0  8
1531  0.0  0.0  75
1532  -6.0  6.0  9
1533  -2.0  2.0  11
1534  -8.0  8.0  8
1535  -2.0  2.0  11
1536  -2.0  2.0  11
1537  -8.0  8.0  8
1538  -2.0  2.0  11
1539  -2.0  2.0  11
1540  0.0  0.0  75
1541  0.0  0.0  75
1542  0.0  0.0  75
1543  0.0  0.0  12
1544  -8.0  8.0  8
1545  -4.0  4.0  10
1546  -4.0  4.0  10
1547  0.0  0.0  75
1548  -2.0  2.0  11
1549  -2.0  2.0  75
1550  0.0  0.0  12
1551  -4.0  4.0  10
1552  0.0  0.0  75
1553  0.0  0.0  12
1554  -6.0  6.0  9
1555  -2.0  2.0  11
1556  0.0  0.0  12
1557  -4.0  4.0  10
1558  -4.0  4.0  10
1559  -4.0  4.0  10
1560  -2.0  2.0  11
1561  -10.0  10.0  7
1562  0.0  0.0  75
1563  -4.0  4.0  10
1564  -6.0  6.0  9
1565  0.0  0.0  75
1566  0.0  0.0  75
1567  -6.0  6.0  9
1568  -4.0  4.0  10
1569  0.0  0.0  12
1570  -4.0  4.0  10
1571  -4.0  4.0  10
1572  -4.0  4.0  10
1573  -2.0  2.0  75
1574  0.0  0.0  12
1575  0.0  0.0  12
1576  0.0  0.0  75
1577  -4.0  4.0  10
1578  0.0  0.0  12
1579  -2.0  2.0  11
1580  -2.0  2.0  11
1581  0.0  0.0  12
1582  -2.0  2.0  11
1583  -6.0  6.0  9
1584  0.0  0.0  75
1585  0.0  0.0  75
1586  0.0  0.0  75
1587  0.0  0.0  75
1588  -2.0  2.0  11
1589  -2.0  2.0  11
1590  -8.0  8.0  8
1591  0.0  0.0  75
1592  -4.0  4.0  10
1593  0.0  0.0  12
1594  -6.0  6.0  9
1595  0.0  0.0  75
1596  -6.0  6.0  9
1597  -2.0  2.0  11
1598  -4.0  4.0  10
1599  -8.0  8.0  8
1600  0.0  0.0  75
1601  -6.0  6.0  9
1602  0.0  0.0  75
1603  0.0  0.0  12
1604  -6.0  6.0  9
1605  -2.0  2.0  11
1606  -6.0  6.0  9
1607  -6.0  6.0  9
1608  -4.0  4.0  10
1609  0.0  0.0  75
1610  -8.0  8.0  8
1611  -2.0  2.0  11
1612  -6.0  6.0  9
1613  -6.0  6.0  9
1614  -4.0  4.0  10
1615  0.0  0.0  75
1616  0.0  0.0  75
1617  -4.0  4.0  10
1618  -8.0  8.0  8
1619  -2.0  2.0  75
1620  -4.0  4.0  10
1621  -6.0  6.0  9
1622  -2.0  2.0  75
1623  -6.0  6.0  9
1624  0.0  0.0  75
1625  -2.0  2.0  11
1626  0.0  0.0  12
1627  0.0  0.0  75
1628  -6.0  6.0  9
1629  -4.0  4.0  10
1630  -2.0  2.0  11
1631  -2.0  2.0  11
1632  0.0  0.0  12
1633  0.0  0.0  75
1634  0.0  0.0  75
1635  0.0  0.0  12
1636  -2.0  2.0  75
1637  -4.0  4.0  10
1638  -2.0  2.0  11
1639  -4.0  4.0  10
1640  0.0  0.0  75
1641  -8.0  8.0  8
1642  0.0  0.0  75
1643  0.0  0.0  75
1644  0.0  0.0  75
1645  -2.0  2.0  11
1646  -2.0  2.0  11
1647  0.0  0.0  75
1648  -6.0  6.0  9
1649  -2.0  2.0  75
1650  0.0  0.0  12
1651  -4.0  4.0  10
1652  -2.0  2.0  11
1653  -4.0  4.0  10
1654  -6.0  6.0  9
1655  0.0  0.0  75
1656  -2.0  2.0  11
1657  -2.0  2.0  75
1658  -4.0  4.0  10
1659  -8.0  8.0  8
1660  0.0  0.0  75
1661  -2.0  2.0  11
1662  -2.0  2.0  11
1663  -10.0  10.0  7
1664  -6.0  6.0  9
1665  -2.0  2.0  75
1666  0.0  0.0  75
1667  -2.0  2.0  11
1668  -4.0  4.0  10
1669  0.0  0.0  75
1670  -4.0  4.0  10
1671  -2.0  2.0  11
1672  -2.0  2.0  11
1673  -2.0  2.0  11
1674  -4.0  4.0  10
1675  -2.0  2.0  11
1676  -4.0  4.0  10
1677  -8.0  8.0  8
1678  -2.0  2.0  11
1679  -4.0  4.0  10
1680  -8.0  8.0  8
1681  -2.0  2.0  11
1682  0.0  0.0  12
1683  -2.0  2.0  11
1684  -4.0  4.0  10
1685  0.0  0.0  75
1686  -2.0  2.0  11
1687  0.0  0.0  75
1688  -10.0  10.0  7
1689  -6.0  6.0  9
1690  0.0  0.0  75
1691  -4.0  4.0  10
1692  -4.0  4.0  10
1693  -4.0  4.0  10
1694  0.0  0.0  75
1695  -2.0  2.0  11
1696  0.0  0.0  12
1697  0.0  0.0  12
1698  -2.0  2.0  11
1699  -2.0  2.0  11
1700  0.0  0.0  75
1701  -2.0  2.0  75
1702  -4.0  4.0  10
1703  0.0  0.0  75
1704  -4.0  4.0  10
1705  -8.0  8.0  8
1706  -6.0  6.0  9
1707  -6.0  6.0  9
1708  0.0  0.0  75
1709  0.0  0.0  12
1710  -4.0  4.0  10
1711  0.0  0.0  75
1712  -4.0  4.0  10
1713  -4.0  4.0  10
1714  -4.0  4.0  10
1715  0.0  0.0  75
1716  -2.0  2.0  11
1717  -2.0  2.0  11
1718  -4.0  4.0  10
1719  -2.0  2.0  11
1720  -2.0  2.0  11
1721  -4.0  4.0  10
1722  -6.0  6.0  9
1723  -8.0  8.0  8
1724  0.0  0.0  75
1725  0.0  0.0  12
1726  0.0  0.0  75
1727  -2.0  2.0  11
1728  -2.0  2.0  11
1729  0.0  0.0  75
1730  0.0  0.0  75
1731  -8.0  8.0  8
1732  0.0  0.0  12
1733  0.0  0.0  75
1734  0.0  0.0  75
1735  0.0  0.0  75
1736  -4.0  4.0  10
1737  0.0  0.0  75
1738  0.0  0.0  75
1739  -2.0  2.0  11
1740  -2.0  2.0  11
1741  0.0  0.0  75
1742  -6.0  6.0  9
1743  0.0  0.0  12
1744  0.0  0.0  75
1745  -6.0  6.0  9
1746  -8.0  8.0  8
1747  -6.0  6.0  9
1748  -2.0  2.0  11
1749  0.0  0.0  12
1750  0.0  0.0  12
1751  -6.0  6.0  9
1752  -2.0  2.0  11
1753  0.0  0.0  12
1754  -2.0  2.0  11
1755  0.0  0.0  12
1756  0.0  0.0  12
1757  -8.0  8.0  8
1758  0.0  0.0  75
1759  -2.0  2.0  11
1760  0.0  0.0  75
1761  -4.0  4.0  10
1762  -6.0  6.0  9
1763  -2.0  2.0  75
1764  0.0  0.0  75
1765  -2.0  2.0  11
1766  0.0  0.0  12
1767  0.0  0.0  12
1768  0.0  0.0  75
1769  0.0  0.0  75
1770  0.0  0.0  75
1771  -6.0  6.0  9
1772  0.0  0.0  75
1773  -4.0  4.0  10
1774  0.0  0.0  75
1775  -2.0  2.0  11
1776  0.0  0.0  12
1777  0.0  0.0  12
1778  0.0  0.0  75
1779  -2.0  2.0  11
1780  -2.0  2.0  11
1781  -2.0  2.0  75
1782  0.0  0.0  75
1783  -4.0  4.0  10
1784  0.0  0.0  75
1785  -6.0  6.0  9
1786  -8.0  8.0  8
1787  0.0  0.0  75
1788  0.0  0.0  12
1789  -6.0  6.0  9
1790  -2.0  2.0  11
1791  -2.0  2.0  11
1792  -2.0  2.0  11
1793  -4.0  4.0  10
1794  -2.0  2.0  11
1795  0.0  0.0  12
1796  -2.0  2.0  11
1797  -2.0  2.0  11
1798  -6.0  6.0  9
1799  -4.0  4.0  10
1800  -2.0  2.0  75
1801  0.0  0.0  12
1802  -2.0  2.0  11
1803  -2.0  2.0  75
1804  -2.0  2.0  11
1805  -2.0  2.0  11
1806  -4.0  4.0  10
1807  0.0  0.0  75
1808  0.0  0.0  75
1809  0.0  0.0  12
1810  -2.0  2.0  11
1811  -4.0  4.0  10
1812  -2.0  2.0  11
1813  -2.0  2.0  11
1814  0.0  0.0  12
1815  -6.0  6.0  9
1816  -6.0  6.0  9
1817  -2.0  2.0  75
1818  0.0  0.0  12
1819  -4.0  4.0  10
1820  -4.0  4.0  10
1821  0.0  0.0  75
1822  0.0  0.0  75
1823  0.0  0.0  75
1824  -2.0  2.0  11
1825  -8.0  8.0  8
1826  -6.0  6.0  9
1827  0.0  0.0  75
1828  0.0  0.0  12
1829  0.0  0.0  75
1830  0.0  0.0  75
1831  0.0  0.0  75
1832  -2.0  2.0  11
1833  -6.0  6.0  9
1834  -2.0  2.0  11
1835  0.0  0.0  75
1836  0.0  0.0  75
1837  0.0  0.0  75
1838  0.0  0.0  12
1839  0.0  0.0  12
1840  -2.0  2.0  11
1841  -2.0  2.0  11
1842  -4.0  4.0  10
1843  -2.0  2.0  11
1844  0.0  0.0  75
1845  -2.0  2.0  11
1846  0.0  0.0  75
1847  0.0  0.0  75
1848  0.0  0.0  75
1849  -2.0  2.0  11
1850  0.0  0.0  12
1851  0.0  0.0  12
1852  -2.0  2.0  11
1853  0.0  0.0  75
1854  0.0  0.0  12
1855  -2.0  2.0  11
1856  0.0  0.0  75
1857  0.0  0.0  12
1858  -6.0  6.0  9
1859  0.0  0.0  75
1860  0.0  0.0  75
1861  0.0  0.0  12
1862  -2.0  2.0  11
1863  -2.0  2.0  11
1864  0.0  0.0  75
1865  -2.0  2.0  11
1866  -4.0  4.0  10
1867  -8.0  8.0  8
1868  0.0  0.0  75
1869  0.0  0.0  75
1870  -8.0  8.0  8
1871  0.0  0.0  75
1872  -6.0  6.0  9
1873  0.0  0.0  75
1874  0.0  0.0  75
1875  0.0  0.0  12
1876  0.0  0.0  75
1877  0.0  0.0  12
1878  -2.0  2.0  11
1879  0.0  0.0  12
1880  0.0  0.0  75
1881  -2.0  2.0  75
1882  0.0  0.0  75
1883  0.0  0.0  12
1884  -2.0  2.0  11
1885  -2.0  2.0  11
1886  -6.0  6.0  9
1887  -2.0  2.0  11
1888  -2.0  2.0  11
1889  -4.0  4.0  10
1890  0.0  0.0  75
1891  -4.0  4.0  10
1892  -2.0  2.0  75
1893  -2.0  2.0  11
1894  -2.0  2.0  11
1895  0.0  0.0  12
1896  -6.0  6.0  9
1897  0.0  0.0  75
1898  -6.0  6.0  9
1899  0.0  0.0  12
1900  0.0  0.0  75
1901  -6.0  6.0  9
1902  -2.0  2.0  11
1903  -4.0  4.0  10
1904  -4.0  4.0  10
1905  -2.0  2.0  11
1906  -6.0  6.0  9
1907  0.0  0.0  75
1908  -6.0  6.0  9
1909  -10.0  10.0  7
1910  0.0  0.0  12
1911  0.0  0.0  75
1912  -8.0  8.0  8
1913  -8.0  8.0  8
1914  -8.0  8.0  8
1915  -2.0  2.0  11
1916  -2.0  2.0  75
1917  0.0  0.0  75
1918  -8.0  8.0  8
1919  -2.0  2.0  11
1920  0.0  0.0  75
1921  -6.0  6.0  9
1922  -2.0  2.0  11
1923  0.0  0.0  12
1924  0.0  0.0  75
1925  -2.0  2.0  11
1926  0.0  0.0  75
1927  -6.0  6.0  9
1928  -4.0  4.0  10
1929  -4.0  4.0  10
1930  -2.0  2.0  11
1931  -4.0  4.0  10
1932  0.0  0.0  75
1933  0.0  0.0  12
1934  -4.0  4.0  10
1935  0.0  0.0  12
1936  -2.0  2.0  11
1937  0.0  0.0  75
1938  0.0  0.0  75
1939  -2.0  2.0  75
1940  0.0  0.0  12
1941  -2.0  2.0  11
1942  0.0  0.0  75
1943  0.0  0.0  12
1944  -8.0  8.0  8
1945  -6.0  6.0  9
1946  -2.0  2.0  11
1947  -10.0  10.0  7
1948  -6.0  6.0  9
1949  -4.0  4.0  10
1950  -8.0  8.0  8
1951  0.0  0.0  75
1952  -6.0  6.0  9
1953  -4.0  4.0  10
1954  -2.0  2.0  11
1955  0.0  0.0  12
1956  0.0  0.0  75
1957  0.0  0.0  75
1958  -2.0  2.0  11
1959  -8.0  8.0  8
1960  0.0  0.0  75
1961  -4.0  4.0  10
1962  -8.0  8.0  8
1963  -4.0  4.0  10
1964  0.0  0.0  75
1965  -4.0  4.0  10
1966  -2.0  2.0  11
1967  -4.0  4.0  10
1968  0.0  0.0  75
1969  0.0  0.0  12
1970  -6.0  6.0  9
1971  0.0  0.0  75
1972  -4.0  4.0  10
1973  0.0  0.0  12
1974  -4.0  4.0  10
1975  -6.0  6.0  9
1976  -4.0  4.0  10
1977  -6.0  6.0  9
1978  0.0  0.0  12
1979  0.0  0.0  75
1980  -2.0  2.0  11
1981  -2.0  2.0  11
1982  -2.0  2.0  75
1983  0.0  0.0  12
1984  0.0  0.0  12
1985  -4.0  4.0  10
1986  -6.0  6.0  9
1987  0.0  0.0  75
1988  -2.0  2.0  11
1989  0.0  0.0  75
1990  -4.0  4.0  10
1991  -6.0  6.0  9
1992  -6.0  6.0  9
1993  -2.0  2.0  11
1994  -2.0  2.0  11
1995  0.0  0.0  12
1996  -4.0  4.0  10
1997  0.0  0.0  75
1998  0.0  0.0  75
1999  0.0  0.0  75
2000  -6.0  6.0  9
2001  0.0  0.0  12
2002  -2.0  2.0  11
2003  0.0  0.0  75
2004  -2.0  2.0  11
2005  -4.0  4.0  10
2006  0.0  0.0  75
2007  -2.0  2.0  75
2008  -6.0  6.0  9
2009  -6.0  6.0  9
2010  0.0  0.0  75
2011  0.0  0.0  12
2012  -2.0  2.0  11
2013  0.0  0.0  75
2014  0.0  0.0  75
2015  0.0  0.0  12
2016  -6.0  6.0  9
2017  -4.0  4.0  10
2018  0.0  0.0  75
2019  -10.0  10.0  7
2020  -6.0  6.0  9
2021  0.0  0.0  12
2022  0.0  0.0  75
2023  0.0  0.0  12
2024  -2.0  2.0  11
2025  0.0  0.0  75
2026  0.0  0.0  12
2027  0.0  0.0  75
2028  0.0  0.0  75
2029  0.0  0.0  75
2030  -2.0  2.0  11
2031  0.0  0.0  12
2032  -2.0  2.0  11
2033  -2.0  2.0  11
2034  -2.0  2.0  11
2035  -2.0  2.0  11
2036  0.0  0.0  12
2037  -2.0  2.0  11
2038  -8.0  8.0  8
2039  0.0  0.0  12
2040  -4.0  4.0  10
2041  0.0  0.0  75
2042  -2.0  2.0  11
2043  -2.0  2.0  11
2044  -4.0  4.0  10
2045  -6.0  6.0  9
2046  -4.0  4.0  10
2047  -4.0  4.0  10
2048  -4.0  4.0  10
2049  -4.0  4.0  10
2050  -8.0  8.0  8
2051  -2.0  2.0  11
2052  -6.0  6.0  9
2053  -2.0  2.0  11
2054  0.0  0.0  12
2055  -2.0  2.0  11
2056  -4.0  4.0  10
2057  -4.0  4.0  10
2058  -2.0  2.0  11
2059  -4.0  4.0  10
2060  -2.0  2.0  11
2061  0.0  0.0  12
2062  -2.0  2.0  11
2063  -4.0  4.0  10
2064  -6.0  6.0  9
2065  0.0  0.0  12
2066  0.0  0.0  75
2067  -2.0  2.0  11
2068  0.0  0.0  75
2069  -4.0  4.0  10
2070  0.0  0.0  12
2071  0.0  0.0  12
2072  0.0  0.0  75
2073  0.0  0.0  12
2074  0.0  0.0  75
2075  0.0  0.0  12
2076  0.0  0.0  75
2077  -6.0  6.0  9
2078  -4.0  4.0  10
2079  -2.0  2.0  11
2080  0.0  0.0  75
2081  0.0  0.0  75
2082  -8.0  8.0  8
2083  -2.0  2.0  75
2084  0.0  0.0  75
2085  0.0  0.0  12
2086  0.0  0.0  12
2087  0.0  0.0  75
2088  -6.0  6.0  9
2089  0.0  0.0  75
2090  -2.0  2.0  11
2091  0.0  0.0  75
2092  0.0  0.0  12
2093  0.0  0.0  75
2094  0.0  0.0  75
2095  -6.0  6.0  9
2096  -4.0  4.0  10
2097  -4.0  4.0  10
2098  -6.0  6.0  9
2099  0.0  0.0  75
2100  0.0  0.0  75
2101  -2.0  2.0  11
2102  -2.0  2.0  11
2103  -2.0  2.0  11
2104  -4.0  4.0  10
2105  -2.0  2.0  75
2106  -2.0  2.0  11
2107  0.0  0.0  12
2108  -10.0  10.0  7
2109  -4.0  4.0  10
2110  -4.0  4.0  10
2111  0.0  0.0  75
2112  -2.0  2.0  75
2113  0.0  0.0  75
2114  0.0  0.0  75
2115  0.0  0.0  12
2116  -6.0  6.0  9
2117  -2.0  2.0  75
2118  -2.0  2.0  11
2119  -4.0  4.0  10
2120  0.0  0.0  75
2121  0.0  0.0  75
2122  -2.0  2.0  11
2123  0.0  0.0  12
2124  -2.0  2.0  11
2125  -2.0  2.0  11
2126  0.0  0.0  12
2127  0.0  0.0  12
2128  -8.0  8.0  8
2129  0.0  0.0  75
2130  -6.0  6.0  9
2131  -2.0  2.0  75
2132  0.0  0.0  75
2133  0.0  0.0  75
2134  0.0  0.0  75
2135  0.0  0.0  12
2136  0.0  0.0  75
2137  0.0  0.0  12
2138  -6.0  6.0  9
2139  -4.0  4.0  10
2140  -4.0  4.0  10
2141  0.0  0.0  75
2142  0.0  0.0  75
2143  0.0  0.0  75
2144  0.0  0.0  12
2145  0.0  0.0  12
2146  -2.0  2.0  11
2147  -2.0  2.0  11
2148  0.0  0.0  75
2149  -2.0  2.0  75
2150  -4.0  4.0  10
2151  0.0  0.0  75
2152  -2.0  2.0  11
2153  -2.0  2.0  11
2154  -2.0  2.0  11
2155  -2.0  2.0  11
2156  -2.0  2.0  11
2157  -4.0  4.0  10
2158  -2.0  2.0  11
2159  0.0  0.0  12
2160  -8.0  8.0  8
2161  -6.0  6.0  9
2162  -6.0  6.0  9
2163  0.0  0.0  75
2164  -4.0  4.0  10
2165  0.0  0.0  75
2166  -4.0  4.0  10
2167  -2.0  2.0  11
2168  -8.0  8.0  8
2169  -8.0  8.0  8
2170  -4.0  4.0  10
2171  -6.0  6.0  9
2172  0.0  0.0  12
2173  -6.0  6.0  9
2174  -2.0  2.0  75
2175  0.0  0.0  75
2176  -10.0  10.0  7
2177  0.0  0.0  12
2178  -2.0  2.0  11
2179  -4.0  4.0  10
2180  -2.0  2.0  11
2181  -4.0  4.0  10
2182  0.0  0.0  75
2183  0.0  0.0  12
2184  0.0  0.0  12
2185  -2.0  2.0  11
2186  -8.0  8.0  8
2187  -4.0  4.0  10
2188  0.0  0.0  75
2189  0.0  0.0  75
2190  0.0  0.0  75
2191  -4.0  4.0  10
2192  -4.0  4.0  10
2193  0.0  0.0  12
2194  -2.0  2.0  11
2195  0.0  0.0  12
2196  0.0  0.0  75
2197  0.0  0.0  12
2198  -4.0  4.0  10
2199  0.0  0.0  12
2200  -4.0  4.0  10
2201  -6.0  6.0  9
2202  -8.0  8.0  8
2203  -2.0  2.0  11
2204  -2.0  2.0  11
2205  -2.0  2.0  11
2206  -6.0  6.0  9
2207  0.0  0.0  12
2208  0.0  0.0  75
2209  -8.0  8.0  8
2210  -6.0  6.0  9
2211  -8.0  8.0  8
2212  0.0  0.0  12
2213  -6.0  6.0  9
2214  0.0  0.0  12
2215  0.0  0.0  12
2216  -6.0  6.0  9
2217  0.0  0.0  75
2218  -6.0  6.0  9
2219  -6.0  6.0  9
2220  0.0  0.0  75
2221  0.0  0.0  12
2222  -2.0  2.0  11
2223  -4.0  4.0  10
2224  0.0  0.0  75
2225  0.0  0.0  75
2226  -4.0  4.0  10
2227  -4.0  4.0  10
2228  -6.0  6.0  9
2229  -2.0  2.0  11
2230  0.0  0.0  75
2231  -2.0  2.0  11
2232  -4.0  4.0  10
2233  -6.0  6.0  9
2234  -8.0  8.0  8
2235  -8.0  8.0  8
2236  -6.0  6.0  9
2237  -4.0  4.0  10
2238  0.0  0.0  12
2239  -2.0  2.0  11
2240  -2.0  2.0  75
2241  -6.0  6.0  9
2242  0.0  0.0  12
2243  -2.0  2.0  11
2244  0.0  0.0  12
2245  -8.0  8.0  8
2246  -8.0  8.0  8
2247  0.0  0.0  12
2248  0.0  0.0  75
2249  -2.0  2.0  11
2250  0.0  0.0  12
2251  0.0  0.0  75
2252  0.0  0.0  12
2253  -2.0  2.0  11
2254  -6.0  6.0  9
2255  0.0  0.0  12
2256  0.0  0.0  75
2257  0.0  0.0  12
2258  -4.0  4.0  10
2259  -6.0  6.0  9
2260  -2.0  2.0  11
2261  -2.0  2.0  11
2262  -6.0  6.0  9
2263  -4.0  4.0  10
2264  0.0  0.0  12
2265  -4.0  4.0  10
2266  0.0  0.0  12
2267  -2.0  2.0  75
2268  0.0  0.0  12
2269  0.0  0.0  12
2270  -8.0  8.0  8
2271  -8.0  8.0  8
2272  -2.0  2.0  11
2273  0.0  0.0  75
2274  -2.0  2.0  11
2275  -8.0  8.0  8
2276  -2.0  2.0  11
2277  -6.0  6.0  9
2278  0.0  0.0  75
2279  0.0  0.0  12
2280  -8.0  8.0  8
2281  0.0  0.0  75
2282  -4.0  4.0  10
2283  0.0  0.0  75
2284  0.0  0.0  75
2285  -4.0  4.0  10
2286  -4.0  4.0  10
2287  -2.0  2.0  11
2288  0.0  0.0  75
2289  -4.0  4.0  10
2290  0.0  0.0  12
2291  -2.0  2.0  11
2292  0.0  0.0  75
2293  -2.0  2.0  11
2294  -2.0  2.0  11
2295  0.0  0.0  12
2296  0.0  0.0  75
2297  -8.0  8.0  8
2298  -4.0  4.0  10
2299  -6.0  6.0  9
2300  0.0  0.0  75
2301  -2.0  2.0  11
2302  0.0  0.0  75
2303  -2.0  2.0  11
2304  0.0  0.0  75
2305  -4.0  4.0  10
2306  0.0  0.0  12
2307  -8.0  8.0  8
2308  -6.0  6.0  9
2309  -4.0  4.0  10
2310  -4.0  4.0  10
2311  0.0  0.0  12
2312  -6.0  6.0  9
2313  -2.0  2.0  11
2314  -2.0  2.0  11
2315  -4.0  4.0  10
2316  -2.0  2.0  11
2317  -2.0  2.0  11
2318  -2.0  2.0  75
2319  0.0  0.0  75
2320  0.0  0.0  75
2321  -2.0  2.0  11
2322  0.0  0.0  12
2323  0.0  0.0  12
2324  -8.0  8.0  8
2325  -6.0  6.0  9
2326  -6.0  6.0  9
2327  -2.0  2.0  11
2328  0.0  0.0  75
2329  -6.0  6.0  9
2330  0.0  0.0  12
2331  -4.0  4.0  10
2332  -2.0  2.0  11
2333  -4.0  4.0  10
2334  0.0  0.0  75
2335  -6.0  6.0  9
2336  -6.0  6.0  9
2337  -6.0  6.0  9
2338  0.0  0.0  75
2339  -4.0  4.0  10
2340  0.0  0.0  75
2341  0.0  0.0  12
2342  -2.0  2.0  11
2343  0.0  0.0  75
2344  -2.0  2.0  11
2345  0.0  0.0  75
2346  -2.0  2.0  11
2347  -4.0  4.0  10
2348  -4.0  4.0  10
2349  -2.0  2.0  11
2350  -2.0  2.0  75
2351  -6.0  6.0  9
2352  -4.0  4.0  10
2353  0.0  0.0  75
2354  -2.0  2.0  11
2355  -2.0  2.0  11
2356  -2.0  2.0  11
2357  -4.0  4.0  10
2358  0.0  0.0  12
2359  -10.0  10.0  7
2360  -6.0  6.0  9
2361  -6.0  6.0  9
2362  -2.0  2.0  11
2363  -2.0  2.0  11
2364  -10.0  10.0  7
2365  0.0  0.0  12
2366  0.0  0.0  75
2367  -4.0  4.0  10
2368  -2.0  2.0  11
2369  0.0  0.0  75
2370  0.0  0.0  12
2371  -2.0  2.0  11
2372  0.0  0.0  12
2373  -8.0  8.0  8
2374  -2.0  2.0  11
2375  -8.0  8.0  8
2376  0.0  0.0  75
2377  -4.0  4.0  10
2378  0.0  0.0  75
2379  -2.0  2.0  11
2380  -6.0  6.0  9
2381  -2.0  2.0  11
2382  -2.0  2.0  11
2383  -2.0  2.0  11
2384  0.0  0.0  12
2385  -4.0  4.0  10
2386  -4.0  4.0  10
2387  -2.0  2.0  11
2388  0.0  0.0  12
2389  -2.0  2.0  11
2390  0.0  0.0  75
2391  -4.0  4.0  10
2392  -8.0  8.0  8
2393  0.0  0.0  12
2394  -2.0  2.0  11
2395  -4.0  4.0  10
2396  -2.0  2.0  11
2397  -6.0  6.0  9
2398  -2.0  2.0  11
2399  -2.0  2.0  11
2400  -6.0  6.0  9
2401  -8.0  8.0  8
2402  -2.0  2.0  11
2403  -4.0  4.0  10
2404  0.0  0.0  75
2405  0.0  0.0  75
2406  0.0  0.0  12
2407  -4.0  4.0  10
2408  0.0  0.0  12
2409  -4.0  4.0  10
2410  -2.0  2.0  11
2411  -6.0  6.0  9
2412  0.0  0.0  12
2413  -2.0  2.0  11
2414  -6.0  6.0  9
2415  -4.0  4.0  10
2416  -4.0  4.0  10
2417  -2.0  2.0  11
2418  -2.0  2.0  11
2419  -2.0  2.0  75
2420  -8.0  8.0  8
2421  0.0  0.0  75
2422  0.0  0.0  75
2423  -4.0  4.0  10
2424  0.0  0.0  75
2425  -6.0  6.0  9
2426  -2.0  2.0  11
2427  -2.0  2.0  11
2428  0.0  0.0  75
2429  0.0  0.0  75
2430  -2.0  2.0  11
2431  -4.0  4.0  10
2432  -6.0  6.0  9
2433  0.0  0.0  75
2434  -2.0  2.0  11
2435  -2.0  2.0  11
2436  0.0  0.0  12
2437  0.0  0.0  12
2438  -8.0  8.0  8
2439  -6.0  6.0  9
2440  -2.0  2.0  11
2441  -4.0  4.0  10
2442  -4.0  4.0  10
2443  -4.0  4.0  10
2444  -2.0  2.0  11
2445  -8.0  8.0  8
2446  -2.0  2.0  11
2447  0.0  0.0  75
2448  0.0  0.0  75
2449  -8.0  8.0  8
2450  -2.0  2.0  11
2451  -8.0  8.0  8
2452  -2.0  2.0  11
2453  -2.0  2.0  11
2454  0.0  0.0  12
2455  0.0  0.0  12
2456  -2.0  2.0  11
2457  -2.0  2.0  11
2458  -6.0  6.0  9
2459  0.0  0.0  12
2460  0.0  0.0  12
2461  0.0  0.0  75
2462  0.0  0.0  75
2463  -10.0  10.0  7
2464  -4.0  4.0  10
2465  -4.0  4.0  10
2466  -2.0  2.0  11
2467  0.0  0.0  75
2468  -2.0  2.0  11
2469  0.0  0.0  75
2470  0.0  0.0  12
2471  -2.0  2.0  11
2472  -2.0  2.0  11
2473  -8.0  8.0  8
2474  -4.0  4.0  10
2475  -2.0  2.0  11
2476  -4.0  4.0  10
2477  -4.0  4.0  10
2478  0.0  0.0  12
2479  -2.0  2.0  11
2480  -2.0  2.0  11
2481  0.0  0.0  75
2482  -4.0  4.0  10
2483  0.0  0.0  75
2484  -2.0  2.0  11
2485  0.0  0.0  12
2486  0.0  0.0  75
2487  0.0  0.0  12
2488  -8.0  8.0  8
2489  0.0  0.0  75
2490  -2.0  2.0  11
2491  0.0  0.0  75
2492  0.0  0.0  75
2493  -4.0  4.0  10
2494  -4.0  4.0  10
2495  -4.0  4.0  10
2496  -4.0  4.0  10
2497  -6.0  6.0  9
2498  -4.0  4.0  10
2499  -8.0  8.0  8
2500  -6.0  6.0  9
2501  0.0  0.0  75
2502  -2.0  2.0  11
2503  -6.0  6.0  9
2504  -4.0  4.0  10
2505  0.0  0.0  75
2506  -6.0  6.0  9
2507  -4.0  4.0  10
2508  -4.0  4.0  10
2509  -4.0  4.0  10
2510  -6.0  6.0  9
2511  0.0  0.0  12
2512  0.0  0.0  75
2513  -2.0  2.0  11
2514  -4.0  4.0  10
2515  0.0  0.0  12
2516  -4.0  4.0  10
2517  0.0  0.0  75
2518  0.0  0.0  75
2519  -4.0  4.0  10
2520  -6.0  6.0  9
2521  -4.0  4.0  10
2522  -2.0  2.0  11
2523  0.0  0.0  12
2524  0.0  0.0  75
2525  -6.0  6.0  9
2526  -2.0  2.0  11
2527  0.0  0.0  12
2528  0.0  0.0  75
2529  -2.0  2.0  11
2530  -6.0  6.0  9
2531  -6.0  6.0  9
2532  0.0  0.0  75
2533  -6.0  6.0  9
2534  0.0  0.0  75
2535  -4.0  4.0  10
2536  0.0  0.0  75
2537  -2.0  2.0  11
2538  0.0  0.0  12
2539  -4.0  4.0  10
2540  0.0  0.0  75
2541  0.0  0.0  75
2542  0.0  0.0  75
2543  -4.0  4.0  10
2544  -2.0  2.0  11
2545  0.0  0.0  75
2546  -2.0  2.0  11
2547  -2.0  2.0  11
2548  -2.0  2.0  11
2549  -2.0  2.0  75
2550  0.0  0.0  75
2551  0.0  0.0  75
2552  -2.0  2.0  11
2553  -8.0  8.0  8
2554  -2.0  2.0  11
2555  -8.0  8.0  8
2556  0.0  0.0  12
2557  -2.0  2.0  11
2558  -4.0  4.0  10
2559  0.0  0.0  12
2560  -4.0  4.0  10
2561  0.0  0.0  12
2562  -4.0  4.0  10
2563  -6.0  6.0  9
2564  0.0  0.0  12
2565  -2.0  2.0  11
2566  0.0  0.0  75
2567  0.0  0.0  75
2568  0.0  0.0  75
2569  0.0  0.0  12
2570  0.0  0.0  12
2571  0.0  0.0  75
2572  -4.0  4.0  10
2573  -2.0  2.0  11
2574  0.0  0.0  75
2575  -6.0  6.0  9
2576  -8.0  8.0  8
2577  0.0  0.0  75
2578  -6.0  6.0  9
2579  -4.0  4.0  10
2580  -4.0  4.0  10
2581  -2.0  2.0  11
2582  -4.0  4.0  10
2583  0.0  0.0  75
2584  -2.0  2.0  11
2585  -4.0  4.0  10
2586  -8.0  8.0  8
2587  -2.0  2.0  11
2588  0.0  0.0  12
2589  -8.0  8.0  8
2590  0.0  0.0  12
2591  0.0  0.0  75
2592  -4.0  4.0  10
2593  -2.0  2.0  11
2594  -8.0  8.0  8
2595  0.0  0.0  75
2596  0.0  0.0  75
2597  0.0  0.0  75
2598  -8.0  8.0  8
2599  -2.0  2.0  11
2600  0.0  0.0  12
2601  -6.0  6.0  9
2602  -4.0  4.0  10
2603  0.0  0.0  12
2604  -4.0  4.0  10
2605  -6.0  6.0  9
2606  0.0  0.0  75
2607  0.0  0.0  12
2608  -10.0  10.0  7
2609  -6.0  6.0  9
2610  -6.0  6.0  9
2611  -6.0  6.0  9
2612  0.0  0.0  75
2613  -4.0  4.0  10
2614  -4.0  4.0  10
2615  -2.0  2.0  11
2616  0.0  0.0  75
2617  0.0  0.0  12
2618  -2.0  2.0  11
2619  -2.0  2.0  11
2620  0.0  0.0  75
2621  -8.0  8.0  8
2622  0.0  0.0  75
2623  -8.0  8.0  8
2624  0.0  0.0  75
2625  0.0  0.0  12
2626  -2.0  2.0  11
2627  -2.0  2.0  11
2628  -8.0  8.0  8
2629  -4.0  4.0  10
2630  0.0  0.0  12
2631  0.0  0.0  75
2632  0.0  0.0  75
2633  0.0  0.0  12
2634  0.0  0.0  75
2635  0.0  0.0  75
2636  0.0  0.0  12
2637  0.0  0.0  12
2638  0.0  0.0  75
2639  0.0  0.0  75
2640  -2.0  2.0  11
2641  -2.0  2.0  11
2642  -6.0  6.0  9
2643  -10.0  10.0  7
2644  -2.0  2.0  11
2645  -2.0  2.0  11
2646  -2.0  2.0  11
2647  -2.0  2.0  11
2648  0.0  0.0  75
2649  -4.0  4.0  10
2650  0.0  0.0  12
2651  -6.0  6.0  9
2652  0.0  0.0  75
2653  -2.0  2.0  11
2654  0.0  0.0  12
2655  0.0  0.0  12
2656  0.0  0.0  12
2657  0.0  0.0  12
2658  -2.0  2.0  11
2659  -10.0  10.0  7
2660  -2.0  2.0  11
2661  0.0  0.0  75
2662  0.0  0.0  75
2663  -2.0  2.0  11
2664  -4.0  4.0  10
2665  -4.0  4.0  10
2666  0.0  0.0  75
2667  0.0  0.0  75
2668  0.0  0.0  12
2669  0.0  0.0  12
2670  0.0  0.0  75
2671  -6.0  6.0  9
2672  -6.0  6.0  9
2673  0.0  0.0  75
2674  0.0  0.0  75
2675  -6.0  6.0  9
2676  -2.0  2.0  11
2677  -2.0  2.0  75
2678  0.0  0.0  12
2679  -4.0  4.0  10
2680  -4.0  4.0  10
2681  0.0  0.0  75
2682  -2.0  2.0  11
2683  0.0  0.0  75
2684  0.0  0.0  75
2685  0.0  0.0  75
2686  -8.0  8.0  8
2687  0.0  0.0  75
2688  -2.0  2.0  11
2689  -2.0  2.0  11
2690  0.0  0.0  75
2691  -2.0  2.0  11
2692  -2.0  2.0  11
2693  0.0  0.0  12
2694  -10.0  10.0  7
2695  0.0  0.0  75
2696  -2.0  2.0  75
2697  -2.0  2.0  11
2698  -2.0  2.0  11
2699  0.0  0.0  75
2700  -2.0  2.0  11
2701  -8.0  8.0  8
2702  -2.0  2.0  11
2703  -4.0  4.0  10
2704  0.0  0.0  75
2705  -2.0  2.0  11
2706  -4.0  4.0  10
2707  -8.0  8.0  8
2708  0.0  0.0  12
2709  0.0  0.0  75
2710  -2.0  2.0  11
2711  -4.0  4.0  10
2712  -4.0  4.0  10
2713  -8.0  8.0  8
2714  -8.0  8.0  8
2715  -2.0  2.0  11
2716  -6.0  6.0  9
2717  -2.0  2.0  11
2718  -2.0  2.0  11
2719  -2.0  2.0  11
2720  0.0  0.0  75
2721  -4.0  4.0  10
2722  0.0  0.0  75
2723  -4.0  4.0  10
2724  0.0  0.0  75
2725  -2.0  2.0  11
2726  -2.0  2.0  11
2727  -2.0  2.0  11
2728  -4.0  4.0  10
2729  0.0  0.0  75
2730  -2.0  2.0  11
2731  -2.0  2.0  11
2732  0.0  0.0  75
2733  0.0  0.0  75
2734  -2.0  2.0  11
2735  -4.0  4.0  10
2736  -4.0  4.0  10
2737  -4.0  4.0  10
2738  0.0  0.0  75
2739  0.0  0.0  75
2740  0.0  0.0  12
2741  0.0  0.0  12
2742  -2.0  2.0  11
2743  -4.0  4.0  10
2744  -2.0  2.0  11
2745  -2.0  2.0  11
2746  0.0  0.0  12
2747  -2.0  2.0  11
2748  -4.0  4.0  10
2749  -2.0  2.0  11
2750  -2.0  2.0  11
2751  0.0  0.0  12
2752  0.0  0.0  75
2753  -6.0  6.0  9
2754  0.0  0.0  12
2755  -2.0  2.0  11
2756  -2.0  2.0  11
2757  -2.0  2.0  11
2758  -2.0  2.0  11
2759  -6.0  6.0  9
2760  -4.0  4.0  10
2761  0.0  0.0  75
2762  0.0  0.0  75
2763  -2.0  2.0  11
2764  -2.0  2.0  11
2765  -2.0  2.0  75
2766  -2.0  2.0  11
2767  -4.0  4.0  10
2768  -4.0  4.0  10
2769  -4.0  4.0  10
2770  -6.0  6.0  9
2771  0.0  0.0  75
2772  -2.0  2.0  11
2773  -8.0  8.0  8
2774  -2.0  2.0  11
2775  -2.0  2.0  11
2776  0.0  0.0  75
2777  -6.0  6.0  9
2778  -6.0  6.0  9
2779  -8.0  8.0  8
2780  -6.0  6.0  9
2781  -4.0  4.0  10
2782  0.0  0.0  12
2783  -2.0  2.0  11
2784  0.0  0.0  75
2785  0.0  0.0  75
2786  -2.0  2.0  11
2787  -2.0  2.0  11
2788  0.0  0.0  12
2789  -8.0  8.0  8
2790  -8.0  8.0  8
2791  0.0  0.0  75
2792  0.0  0.0  12
2793  0.0  0.0  75
2794  0.0  0.0  12
2795  0.0  0.0  75
2796  0.0  0.0  12
2797  -2.0  2.0  75
2798  -2.0  2.0  11
2799  0.0  0.0  75
2800  -2.0  2.0  11
2801  -4.0  4.0  10
2802  -2.0  2.0  11
2803  -2.0  2.0  11
2804  -2.0  2.0  11
2805  -6.0  6.0  9
2806  -4.0  4.0  10
2807  -4.0  4.0  10
2808  -2.0  2.0  11
2809  -8.0  8.0  8
2810  0.0  0.0  75
2811  -2.0  2.0  11
2812  0.0  0.0  75
2813  -2.0  2.0  11
2814  0.0  0.0  12
2815  -2.0  2.0  11
2816  -4.0  4.0  10
2817  0.0  0.0  12
2818  0.0  0.0  12
2819  -4.0  4.0  10
2820  0.0  0.0  75
2821  -4.0  4.0  10
2822  -8.0  8.0  8
2823  0.0  0.0  12
2824  -2.0  2.0  11
2825  -2.0  2.0  11
2826  0.0  0.0  75
2827  -2.0  2.0  11
2828  0.0  0.0  75
2829  0.0  0.0  75
2830  0.0  0.0  75
2831  -6.0  6.0  9
2832  0.0  0.0  75
2833  -10.0  10.0  7
2834  -4.0  4.0  10
2835  -4.0  4.0  10
2836  -2.0  2.0  11
2837  -6.0  6.0  9
2838  -6.0  6.0  9
2839  -6.0  6.0  9
2840  -6.0  6.0  9
2841  0.0  0.0  75
2842  0.0  0.0  12
2843  -2.0  2.0  11
2844  0.0  0.0  75
2845  -6.0  6.0  9
2846  -2.0  2.0  11
2847  0.0  0.0  75
2848  -2.0  2.0  11
2849  0.0  0.0  75
2850  0.0  0.0  75
2851  -2.0  2.0  11
2852  -2.0  2.0  11
2853  -2.0  2.0  11
2854  0.0  0.0  12
2855  0.0  0.0  12
2856  -2.0  2.0  75
2857  -2.0  2.0  11
2858  -4.0  4.0  10
2859  -6.0  6.0  9
2860  -2.0  2.0  11
2861  0.0  0.0  75
2862  -2.0  2.0  75
2863  -2.0  2.0  11
2864  -2.0  2.0  11
2865  -2.0  2.0  75
2866  0.0  0.0  12
2867  -6.0  6.0  9
2868  0.0  0.0  12
2869  0.0  0.0  75
2870  -4.0  4.0  10
2871  -6.0  6.0  9
2872  -2.0  2.0  11
2873  0.0  0.0  75
2874  0.0  0.0  12
2875  -8.0  8.0  8
2876  -6.0  6.0  9
2877  -4.0  4.0  10
2878  -6.0  6.0  9
2879  0.0  0.0  75
2880  -8.0  8.0  8
2881  0.0  0.0  75
2882  -4.0  4.0  10
2883  -8.0  8.0  8
2884  -4.0  4.0  10
2885  -2.0  2.0  11
2886  0.0  0.0  12
2887  0.0  0.0  75
2888  0.0  0.0  12
2889  0.0  0.0  75
2890  -6.0  6.0  9
2891  0.0  0.0  12
2892  0.0  0.0  75
2893  -4.0  4.0  10
2894  -2.0  2.0  75
2895  -2.0  2.0  11
2896  0.0  0.0  12
2897  -2.0  2.0  11
2898  -6.0  6.0  9
2899  0.0  0.0  75
2900  0.0  0.0  12
2901  -6.0  6.0  9
2902  0.0  0.0  75
2903  0.0  0.0  12
2904  -2.0  2.0  11
2905  -6.0  6.0  9
2906  -4.0  4.0  10
2907  0.0  0.0  12
2908  0.0  0.0  75
2909  0.0  0.0  75
2910  -6.0  6.0  9
2911  0.0  0.0  75
2912  -6.0  6.0  9
2913  -2.0  2.0  11
2914  0.0  0.0  12
2915  -2.0  2.0  11
2916  -2.0  2.0  11
2917  0.0  0.0  75
2918  0.0  0.0  75
2919  0.0  0.0  75
2920  0.0  0.0  75
2921  0.0  0.0  12
2922  0.0  0.0  75
2923  -2.0  2.0  11
2924  0.0  0.0  12
2925  -6.0  6.0  9
2926  -2.0  2.0  11
2927  -2.0  2.0  11
2928  -2.0  2.0  11
2929  0.0  0.0  12
2930  -2.0  2.0  75
2931  -2.0  2.0  11
2932  -4.0  4.0  10
2933  0.0  0.0  12
2934  -2.0  2.0  11
2935  -4.0  4.0  10
2936  -6.0  6.0  9
2937  0.0  0.0  12
2938  -4.0  4.0  10
2939  0.0  0.0  75
2940  0.0  0.0  75
2941  -2.0  2.0  11
2942  -2.0  2.0  11
2943  -2.0  2.0  11
2944  -2.0  2.0  11
2945  0.0  0.0  12
2946  -4.0  4.0  10
2947  0.0  0.0  75
2948  0.0  0.0  12
2949  -2.0  2.0  11
2950  0.0  0.0  12
2951  -2.0  2.0  11
2952  -4.0  4.0  10
2953  -6.0  6.0  9
2954  0.0  0.0  12
2955  0.0  0.0  12
2956  0.0  0.0  75
2957  0.0  0.0  12
2958  -2.0  2.0  11
2959  0.0  0.0  12
2960  -6.0  6.0  9
2961  -2.0  2.0  11
2962  -2.0  2.0  11
2963  -2.0  2.0  11
2964  -2.0  2.0  11
2965  -4.0  4.0  10
2966  -2.0  2.0  11
2967  -2.0  2.0  75
2968  -4.0  4.0  10
2969  0.0  0.0  75
2970  -4.0  4.0  10
2971  0.0  0.0  75
2972  0.0  0.0  75
2973  -2.0  2.0  11
2974  0.0  0.0  12
2975  0.0  0.0  75
2976  0.0  0.0  75
2977  -2.0  2.0  75
2978  -2.0  2.0  11
2979  -2.0  2.0  11
2980  -6.0  6.0  9
2981  -6.0  6.0  9
2982  -2.0  2.0  11
2983  0.0  0.0  75
2984  0.0  0.0  75
2985  -8.0  8.0  8
2986  0.0  0.0  12
2987  -4.0  4.0  10
2988  0.0  0.0  75
2989  -2.0  2.0  11
2990  -2.0  2.0  11
2991  0.0  0.0  75
2992  0.0  0.0  12
2993  -8.0  8.0  8
2994  -4.0  4.0  10
2995  0.0  0.0  75
2996  0.0  0.0  75
2997  -2.0  2.0  75
2998  0.0  0.0  12
2999  -6.0  6.0  9
3000  -6.0  6.0  9
3001  -2.0  2.0  11
3002  -4.0  4.0  10
3003  -8.0  8.0  8
3004  -2.0  2.0  11
3005  -2.0  2.0  11
3006  -2.0  2.0  11
3007  -2.0  2.0  11
3008  0.0  0.0  75
3009  -2.0  2.0  11
3010  -4.0  4.0  10
3011  -6.0  6.0  9
3012  0.0  0.0  75
3013  -4.0  4.0  10
3014  0.0  0.0  75
3015  -2.0  2.0  11
3016  -2.0  2.0  11
3017  -8.0  8.0  8
3018  0.0  0.0  12
3019  -2.0  2.0  11
3020  0.0  0.0  75
3021  -2.0  2.0  11
3022  -2.0  2.0  11
3023  0.0  0.0  12
3024  -2.0  2.0  11
3025  -2.0  2.0  11
3026  0.0  0.0  75
3027  0.0  0.0  75
3028  -2.0  2.0  11
3029  -4.0  4.0  10
3030  -2.0  2.0  11
3031  -4.0  4.0  10
3032  -2.0  2.0  11
3033  -2.0  2.0  11
3034  -8.0  8.0  8
3035  -10.0  10.0  7
3036  -2.0  2.0  11
3037  0.0  0.0  12
3038  -4.0  4.0  10
3039  -4.0  4.0  10
3040  -4.0  4.0  10
3041  0.0  0.0  75
3042  -8.0  8.0  8
3043  -2.0  2.0  11
3044  0.0  0.0  12
3045  -2.0  2.0  11
3046  0.0  0.0  12
3047  -6.0  6.0  9
3048  -4.0  4.0  10
3049  0.0  0.0  75
3050  -6.0  6.0  9
3051  -2.0  2.0  11
3052  0.0  0.0  75
3053  -4.0  4.0  10
3054  -2.0  2.0  11
3055  0.0  0.0  75
3056  -4.0  4.0  10
3057  -4.0  4.0  10
3058  0.0  0.0  75
3059  -4.0  4.0  10
3060  -2.0  2.0  11
3061  0.0  0.0  75
3062  -2.0  2.0  11
3063  -2.0  2.0  11
3064  -2.0  2.0  75
3065  -2.0  2.0  11
3066  -8.0  8.0  8
3067  0.0  0.0  12
3068  -2.0  2.0  11
3069  -2.0  2.0  11
3070  0.0  0.0  75
3071  -4.0  4.0  10
3072  -2.0  2.0  11
3073  -2.0  2.0  11
3074  -2.0  2.0  11
3075  -2.0  2.0  75
3076  -2.0  2.0  75
3077  -6.0  6.0  9
3078  -2.0  2.0  11
3079  -6.0  6.0  9
3080  -2.0  2.0  11
3081  -2.0  2.0  11
3082  -4.0  4.0  10
3083  -2.0  2.0  75
3084  -6.0  6.0  9
3085  0.0  0.0  75
3086  -4.0  4.0  10
3087  -2.0  2.0  11
3088  -6.0  6.0  9
3089  0.0  0.0  75
3090  -2.0  2.0  11
3091  -6.0  6.0  9
3092  -2.0  2.0  11
3093  -4.0  4.0  10
3094  -6.0  6.0  9
3095  0.0  0.0  12
3096  -2.0  2.0  11
3097  0.0  0.0  12
3098  0.0  0.0  12
3099  0.0  0.0  12
3100  0.0  0.0  75
3101  -8.0  8.0  8
3102  0.0  0.0  75
3103  -4.0  4.0  10
3104  -2.0  2.0  11
3105  -8.0  8.0  8
3106  0.0  0.0  12
3107  0.0  0.0  75
3108  -6.0  6.0  9
3109  -2.0  2.0  11
3110  0.0  0.0  12
3111  0.0  0.0  75
3112  0.0  0.0  75
3113  -2.0  2.0  11
3114  0.0  0.0  75
3115  -2.0  2.0  11
3116  0.0  0.0  12
3117  0.0  0.0  75
3118  0.0  0.0  12
3119  -2.0  2.0  11
3120  -4.0  4.0  10
3121  -6.0  6.0  9
3122  -2.0  2.0  11
3123  0.0  0.0  75
3124  -4.0  4.0  10
3125  -2.0  2.0  11
3126  0.0  0.0  75
3127  -2.0  2.0  11
3128  0.0  0.0  75
3129  0.0  0.0  12
3130  0.0  0.0  12
3131  -6.0  6.0  9
3132  0.0  0.0  12
3133  -2.0  2.0  11
3134  -8.0  8.0  8
3135  0.0  0.0  75
3136  -2.0  2.0  11
3137  0.0  0.0  12
3138  -8.0  8.0  8
3139  0.0  0.0  75
3140  -2.0  2.0  11
3141  -2.0  2.0  11
3142  0.0  0.0  12
3143  0.0  0.0  12
3144  -10.0  10.0  7
3145  -6.0  6.0  9
3146  0.0  0.0  12
3147  0.0  0.0  12
3148  -2.0  2.0  11
3149  -2.0  2.0  11
3150  -2.0  2.0  11
3151  0.0  0.0  75
3152  -2.0  2.0  11
3153  -2.0  2.0  11
3154  -4.0  4.0  10
3155  -2.0  2.0  11
3156  0.0  0.0  75
3157  0.0  0.0  12
3158  0.0  0.0  75
3159  -6.0  6.0  9
3160  0.0  0.0  75
3161  -2.0  2.0  11
3162  -8.0  8.0  8
3163  0.0  0.0  12
3164  -2.0  2.0  11
3165  -4.0  4.0  10
3166  0.0  0.0  75
3167  -2.0  2.0  11
3168  -4.0  4.0  10
3169  0.0  0.0  75
3170  0.0  0.0  75
3171  0.0  0.0  75
3172  0.0  0.0  75
3173  -2.0  2.0  11
3174  0.0  0.0  75
3175  0.0  0.0  75
3176  0.0  0.0  75
3177  -8.0  8.0  8
3178  0.0  0.0  75
3179  0.0  0.0  12
3180  -2.0  2.0  11
3181  0.0  0.0  12
3182  0.0  0.0  75
3183  -4.0  4.0  10
3184  -8.0  8.0  8
3185  -2.0  2.0  11
3186  0.0  0.0  12
3187  0.0  0.0  12
3188  -4.0  4.0  10
3189  0.0  0.0  75
3190  0.0  0.0  75
3191  -4.0  4.0  10
3192  -2.0  2.0  11
3193  0.0  0.0  12
3194  0.0  0.0  12
3195  0.0  0.0  12
3196  -4.0  4.0  10
3197  0.0  0.0  12
3198  -2.0  2.0  75
3199  -4.0  4.0  10
3200  0.0  0.0  12
3201  0.0  0.0  75
3202  -2.0  2.0  75
3203  -4.0  4.0  10
3204  -2.0  2.0  11
3205  -2.0  2.0  11
3206  0.0  0.0  75
3207  0.0  0.0  75
3208  0.0  0.0  75
3209  -4.0  4.0  10
3210  -8.0  8.0  8
3211  -6.0  6.0  9
3212  -2.0  2.0  11
3213  0.0  0.0  75
3214  -6.0  6.0  9
3215  0.0  0.0  12
3216  -6.0  6.0  9
3217  -8.0  8.0  8
3218  -4.0  4.0  10
3219  -8.0  8.0  8
3220  -2.0  2.0  11
3221  -2.0  2.0  11
3222  -2.0  2.0  11
3223  -2.0  2.0  11
3224  0.0  0.0  75
3225  0.0  0.0  12
3226  0.0  0.0  12
3227  -4.0  4.0  10
3228  -6.0  6.0  9
3229  -4.0  4.0  10
3230  -4.0  4.0  10
3231  -2.0  2.0  11
3232  0.0  0.0  75
3233  -2.0  2.0  11
3234  -2.0  2.0  11
3235  -4.0  4.0  10
3236  -2.0  2.0  11
3237  0.0  0.0  75
3238  -4.0  4.0  10
3239  0.0  0.0  75
3240  -2.0  2.0  11
3241  -2.0  2.0  11
3242  -6.0  6.0  9
3243  -8.0  8.0  8
3244  -6.0  6.0  9
3245  0.0  0.0  12
3246  -4.0  4.0  10
3247  0.0  0.0  12
3248  0.0  0.0  75
3249  -2.0  2.0  11
3250  -6.0  6.0  9
3251  -2.0  2.0  11
3252  0.0  0.0  12
3253  0.0  0.0  75
3254  0.0  0.0  75
3255  -2.0  2.0  11
3256  -6.0  6.0  9
3257  -2.0  2.0  11
3258  -2.0  2.0  11
3259  -2.0  2.0  75
3260  0.0  0.0  75
3261  -2.0  2.0  11
3262  0.0  0.0  75
3263  0.0  0.0  12
3264  -2.0  2.0  11
3265  0.0  0.0  75
3266  -2.0  2.0  11
3267  -6.0  6.0  9
3268  -4.0  4.0  10
3269  -6.0  6.0  9
3270  -4.0  4.0  10
3271  0.0  0.0  75
3272  0.0  0.0  12
3273  -2.0  2.0  11
3274  -8.0  8.0  8
3275  -2.0  2.0  11
3276  0.0  0.0  75
3277  -4.0  4.0  10
3278  -4.0  4.0  10
3279  -2.0  2.0  11
3280  -2.0  2.0  11
3281  -4.0  4.0  10
3282  -8.0  8.0  8
3283  -2.0  2.0  11
3284  -2.0  2.0  11
3285  -4.0  4.0  10
3286  -4.0  4.0  10
3287  0.0  0.0  75
3288  0.0  0.0  75
3289  -2.0  2.0  11
3290  0.0  0.0  12
3291  -2.0  2.0  11
3292  -4.0  4.0  10
3293  -4.0  4.0  10
3294  -6.0  6.0  9
3295  -2.0  2.0  11
3296  -6.0  6.0  9
3297  -2.0  2.0  11
3298  -2.0  2.0  11
3299  -2.0  2.0  75
3300  -6.0  6.0  9
3301  -2.0  2.0  11
3302  -2.0  2.0  11
3303  0.0  0.0  12
3304  -2.0  2.0  11
3305  0.0  0.0  75
3306  0.0  0.0  12
3307  0.0  0.0  12
3308  0.0  0.0  75
3309  -6.0  6.0  9
3310  0.0  0.0  75
3311  -6.0  6.0  9
3312  -4.0  4.0  10
3313  0.0  0.0  75
3314  -6.0  6.0  9
3315  -2.0  2.0  11
3316  0.0  0.0  12
3317  0.0  0.0  75
3318  -2.0  2.0  11
3319  -2.0  2.0  11
3320  0.0  0.0  75
3321  0.0  0.0  75
3322  -4.0  4.0  10
3323  -6.0  6.0  9
3324  -2.0  2.0  75
3325  -2.0  2.0  11
3326  0.0  0.0  75
3327  -4.0  4.0  10
3328  -2.0  2.0  11
3329  -2.0  2.0  11
3330  -2.0  2.0  11
3331  -4.0  4.0  10
3332  -2.0  2.0  11
3333  0.0  0.0  75
3334  -2.0  2.0  11
3335  -4.0  4.0  10
3336  0.0  0.0  75
3337  -2.0  2.0  75
3338  -8.0  8.0  8
3339  -8.0  8.0  8
3340  0.0  0.0  12
3341  -2.0  2.0  11
3342  0.0  0.0  12
3343  -2.0  2.0  11
3344  0.0  0.0  12
3345  -2.0  2.0  11
3346  -2.0  2.0  75
3347  0.0  0.0  75
3348  0.0  0.0  12
3349  0.0  0.0  12
3350  -10.0  10.0  7
3351  -2.0  2.0  11
3352  0.0  0.0  75
3353  -4.0  4.0  10
3354  -2.0  2.0  11
3355  -4.0  4.0  10
3356  -4.0  4.0  10
3357  0.0  0.0  75
3358  -2.0  2.0  11
3359  0.0  0.0  75
3360  -2.0  2.0  11
3361  -2.0  2.0  75
3362  -2.0  2.0  11
3363  -2.0  2.0  11
3364  0.0  0.0  75
3365  0.0  0.0  12
3366  -4.0  4.0  10
3367  0.0  0.0  75
3368  -2.0  2.0  75
3369  -6.0  6.0  9
3370  -2.0  2.0  11
3371  0.0  0.0  75
3372  0.0  0.0  12
3373  -4.0  4.0  10
3374  -4.0  4.0  10
3375  -6.0  6.0  9
3376  0.0  0.0  75
3377  -4.0  4.0  10
3378  -4.0  4.0  10
3379  0.0  0.0  75
3380  0.0  0.0  75
3381  0.0  0.0  75
3382  0.0  0.0  12
3383  0.0  0.0  75
3384  0.0  0.0  75
3385  -2.0  2.0  11
3386  -2.0  2.0  11
3387  0.0  0.0  75
3388  0.0  0.0  75
3389  -6.0  6.0  9
3390  0.0  0.0  75
3391  0.0  0.0  12
3392  -2.0  2.0  11
3393  -6.0  6.0  9
3394  -2.0  2.0  11
3395  -2.0  2.0  11
3396  0.0  0.0  12
3397  -4.0  4.0  10
3398  -2.0  2.0  11
3399  -6.0  6.0  9
3400  -2.0  2.0  11
3401  -2.0  2.0  11
3402  -8.0  8.0  8
3403  -2.0  2.0  75
3404  0.0  0.0  75
3405  0.0  0.0  75
3406  0.0  0.0  75
3407  -2.0  2.0  75
3408  0.0  0.0  12
3409  -2.0  2.0  11
3410  0.0  0.0  12
3411  -2.0  2.0  11
3412  -4.0  4.0  10
3413  -2.0  2.0  11
3414  -8.0  8.0  8
3415  0.0  0.0  12
3416  -4.0  4.0  10
3417  -6.0  6.0  9
3418  -6.0  6.0  9
3419  0.0  0.0  75
3420  -4.0  4.0  10
3421  0.0  0.0  75
3422  -2.0  2.0  11
3423  -6.0  6.0  9
3424  -2.0  2.0  11
3425  0.0  0.0  75
3426  -2.0  2.0  11
3427  0.0  0.0  12
3428  -2.0  2.0  11
3429  -4.0  4.0  10
3430  -2.0  2.0  11
3431  0.0  0.0  12
3432  -4.0  4.0  10
3433  -2.0  2.0  11
3434  -8.0  8.0  8
3435  0.0  0.0  12
3436  0.0  0.0  75
3437  -2.0  2.0  11
3438  -4.0  4.0  10
3439  -4.0  4.0  10
3440  -6.0  6.0  9
3441  -2.0  2.0  11
3442  -4.0  4.0  10
3443  -2.0  2.0  11
3444  -2.0  2.0  11
3445  -6.0  6.0  9
3446  0.0  0.0  75
3447  -2.0  2.0  11
3448  0.0  0.0  12
3449  -2.0  2.0  11
3450  -6.0  6.0  9
3451  0.0  0.0  75
3452  0.0  0.0  75
3453  -10.0  10.0  7
3454  0.0  0.0  75
3455  -2.0  2.0  11
3456  -4.0  4.0  10
3457  0.0  0.0  75
3458  0.0  0.0  12
3459  -4.0  4.0  10
3460  -6.0  6.0  9
3461  -2.0  2.0  11
3462  -4.0  4.0  10
3463  0.0  0.0  12
3464  0.0  0.0  12
3465  0.0  0.0  75
3466  -2.0  2.0  11
3467  0.0  0.0  12
3468  -4.0  4.0  10
3469  0.0  0.0  75
3470  -6.0  6.0  9
3471  -6.0  6.0  9
3472  0.0  0.0  12
3473  0.0  0.0  75
3474  0.0  0.0  75
3475  -4.0  4.0  10
3476  -2.0  2.0  11
3477  -2.0  2.0  11
3478  -8.0  8.0  8
3479  0.0  0.0  12
3480  0.0  0.0  12
3481  -4.0  4.0  10
3482  0.0  0.0  75
3483  -6.0  6.0  9
3484  -4.0  4.0  10
3485  0.0  0.0  75
3486  0.0  0.0  12
3487  0.0  0.0  75
3488  -2.0  2.0  11
3489  0.0  0.0  12
3490  -8.0  8.0  8
3491  -8.0  8.0  8
3492  0.0  0.0  12
3493  -2.0  2.0  11
3494  -8.0  8.0  8
3495  0.0  0.0  12
3496  0.0  0.0  75
3497  0.0  0.0  12
3498  0.0  0.0  12
3499  -4.0  4.0  10
3500  0.0  0.0  75
3501  0.0  0.0  75
3502  -6.0  6.0  9
3503  0.0  0.0  75
3504  0.0  0.0  12
3505  -4.0  4.0  10
3506  -6.0  6.0  9
3507  0.0  0.0  75
3508  -6.0  6.0  9
3509  0.0  0.0  75
3510  -6.0  6.0  9
3511  -10.0  10.0  7
3512  0.0  0.0  75
3513  -6.0  6.0  9
3514  0.0  0.0  75
3515  -6.0  6.0  9
3516  -2.0  2.0  11
3517  0.0  0.0  75
3518  -2.0  2.0  75
3519  -2.0  2.0  11
3520  -8.0  8.0  8
3521  -2.0  2.0  11
3522  -2.0  2.0  75
3523  0.0  0.0  12
3524  0.0  0.0  75
3525  -8.0  8.0  8
3526  0.0  0.0  75
3527  -4.0  4.0  10
3528  -4.0  4.0  10
3529  -2.0  2.0  75
3530  0.0  0.0  75
3531  0.0  0.0  75
3532  0.0  0.0  12
3533  0.0  0.0  75
3534  -4.0  4.0  10
3535  -2.0  2.0  11
3536  0.0  0.0  75
3537  -2.0  2.0  11
3538  0.0  0.0  75
3539  -2.0  2.0  11
3540  0.0  0.0  75
3541  -2.0  2.0  11
3542  -2.0  2.0  11
3543  -6.0  6.0  9
3544  0.0  0.0  12
3545  -4.0  4.0  10
3546  0.0  0.0  75
3547  0.0  0.0  12
3548  -6.0  6.0  9
3549  0.0  0.0  12
3550  0.0  0.0  12
3551  -2.0  2.0  11
3552  -2.0  2.0  11
3553  -2.0  2.0  11
3554  0.0  0.0  12
3555  -2.0  2.0  11
3556  -6.0  6.0  9
3557  -2.0  2.0  11
3558  0.0  0.0  75
3559  0.0  0.0  12
3560  0.0  0.0  75
3561  0.0  0.0  12
3562  -2.0  2.0  11
3563  0.0  0.0  12
3564  0.0  0.0  75
3565  0.0  0.0  75
3566  -4.0  4.0  10
3567  -2.0  2.0  11
3568  -2.0  2.0  11
3569  -6.0  6.0  9
3570  0.0  0.0  75
3571  -2.0  2.0  11
3572  -4.0  4.0  10
3573  0.0  0.0  75
3574  0.0  0.0  12
3575  -4.0  4.0  10
3576  -2.0  2.0  11
3577  0.0  0.0  75
3578  0.0  0.0  75
3579  -6.0  6.0  9
3580  0.0  0.0  75
3581  -4.0  4.0  10
3582  -4.0  4.0  10
3583  0.0  0.0  75
3584  -8.0  8.0  8
3585  -6.0  6.0  9
3586  -4.0  4.0  10
3587  -6.0  6.0  9
3588  0.0  0.0  12
3589  -2.0  2.0  11
3590  0.0  0.0  75
3591  -8.0  8.0  8
3592  0.0  0.0  75
3593  -6.0  6.0  9
3594  0.0  0.0  12
3595  0.0  0.0  75
3596  -4.0  4.0  10
3597  -2.0  2.0  11
3598  -4.0  4.0  10
3599  0.0  0.0  75
3600  -6.0  6.0  9
3601  0.0  0.0  12
3602  -2.0  2.0  11
3603  -4.0  4.0  10
3604  0.0  0.0  75
3605  0.0  0.0  75
3606  -6.0  6.0  9
3607  -6.0  6.0  9
3608  -6.0  6.0  9
3609  -6.0  6.0  9
3610  -4.0  4.0  10
3611  -4.0  4.0  10
3612  0.0  0.0  75
3613  -2.0  2.0  11
3614  0.0  0.0  75
3615  0.0  0.0  75
3616  0.0  0.0  12
3617  -4.0  4.0  10
3618  0.0  0.0  75
3619  -6.0  6.0  9
3620  -4.0  4.0  10
3621  0.0  0.0  75
3622  -4.0  4.0  10
3623  -10.0  10.0  7
3624  -6.0  6.0  9
3625  0.0  0.0  75
3626  -2.0  2.0  11
3627  -6.0  6.0  9
3628  -2.0  2.0  11
3629  -6.0  6.0  9
3630  0.0  0.0  12
3631  -4.0  4.0  10
3632  -4.0  4.0  10
3633  0.0  0.0  12
3634  -2.0  2.0  75
3635  0.0  0.0  12
3636  -4.0  4.0  10
3637  0.0  0.0  12
3638  0.0  0.0  12
3639  0.0  0.0  12
3640  -6.0  6.0  9
3641  0.0  0.0  12
3642  0.0  0.0  12
3643  -4.0  4.0  10
3644  -4.0  4.0  10
3645  -8.0  8.0  8
3646  -4.0  4.0  10
3647  -4.0  4.0  10
3648  -2.0  2.0  11
3649  0.0  0.0  12
3650  -6.0  6.0  9
3651  -2.0  2.0  11
3652  -6.0  6.0  9
3653  -2.0  2.0  11
3654  -2.0  2.0  75
3655  -8.0  8.0  8
3656  0.0  0.0  75
3657  0.0  0.0  75
3658  -4.0  4.0  10
3659  0.0  0.0  12
3660  0.0  0.0  12
3661  0.0  0.0  12
3662  0.0  0.0  12
3663  0.0  0.0  75
3664  -8.0  8.0  8
3665  -4.0  4.0  10
3666  -4.0  4.0  10
3667  -2.0  2.0  11
3668  -2.0  2.0  11
3669  0.0  0.0  75
3670  -2.0  2.0  11
3671  -2.0  2.0  11
3672  0.0  0.0  12
3673  -4.0  4.0  10
3674  -2.0  2.0  11
3675  0.0  0.0  75
3676  -2.0  2.0  11
3677  -2.0  2.0  11
3678  -2.0  2.0  11
3679  -2.0  2.0  11
3680  -4.0  4.0  10
3681  -4.0  4.0  10
3682  -2.0  2.0  11
3683  -6.0  6.0  9
3684  -2.0  2.0  11
3685  0.0  0.0  12
3686  0.0  0.0  75
3687  0.0  0.0  75
3688  0.0  0.0  75
3689  0.0  0.0  12
3690  -8.0  8.0  8
3691  -6.0  6.0  9
3692  -2.0  2.0  75
3693  -6.0  6.0  9
3694  0.0  0.0  12
3695  0.0  0.0  75
3696  -4.0  4.0  10
3697  -4.0  4.0  10
3698  -6.0  6.0  9
3699  -4.0  4.0  10
3700  0.0  0.0  75
3701  0.0  0.0  12
3702  -6.0  6.0  9
3703  -4.0  4.0  10
3704  0.0  0.0  12
3705  0.0  0.0  12
3706  -2.0  2.0  75
3707  0.0  0.0  75
3708  -6.0  6.0  9
3709  0.0  0.0  75
3710  -6.0  6.0  9
3711  -8.0  8.0  8
3712  0.0  0.0  75
3713  0.0  0.0  12
3714  -6.0  6.0  9
3715  -8.0  8.0  8
3716  0.0  0.0  75
3717  -4.0  4.0  10
3718  -2.0  2.0  11
3719  0.0  0.0  75
3720  -4.0  4.0  10
3721  -4.0  4.0  10
3722  -4.0  4.0  10
3723  -8.0  8.0  8
3724  -6.0  6.0  9
3725  -4.0  4.0  10
3726  0.0  0.0  75
3727  -4.0  4.0  10
3728  -4.0  4.0  10
3729  -2.0  2.0  11
3730  -2.0  2.0  11
3731  0.0  0.0  75
3732  0.0  0.0  75
3733  0.0  0.0  12
3734  0.0  0.0  12
3735  -2.0  2.0  75
3736  -2.0  2.0  11
3737  -8.0  8.0  8
3738  0.0  0.0  12
3739  -2.0  2.0  11
3740  -2.0  2.0  11
3741  -2.0  2.0  11
3742  0.0  0.0  12
3743  -4.0  4.0  10
3744  0.0  0.0  12
3745  -2.0  2.0  11
3746  0.0  0.0  12
3747  -2.0  2.0  11
3748  0.0  0.0  12
3749  0.0  0.0  12
3750  -4.0  4.0  10
3751  -4.0  4.0  10
3752  -4.0  4.0  10
3753  0.0  0.0  75
3754  -2.0  2.0  11
3755  0.0  0.0  12
3756  0.0  0.0  12
3757  -6.0  6.0  9
3758  -4.0  4.0  10
3759  -2.0  2.0  11
3760  -6.0  6.0  9
3761  -4.0  4.0  10
3762  0.0  0.0  12
3763  -2.0  2.0  11
3764  0.0  0.0  75
3765  0.0  0.0  75
3766  -4.0  4.0  10
3767  -6.0  6.0  9
3768  0.0  0.0  12
3769  -2.0  2.0  11
3770  0.0  0.0  75
3771  0.0  0.0  75
3772  0.0  0.0  75
3773  -2.0  2.0  11
3774  -2.0  2.0  11
3775  -4.0  4.0  10
3776  -2.0  2.0  11
3777  -2.0  2.0  11
3778  0.0  0.0  75
3779  0.0  0.0  12
3780  0.0  0.0  75
3781  0.0  0.0  75
3782  -4.0  4.0  10
3783  0.0  0.0  75
3784  -6.0  6.0  9
3785  -2.0  2.0  11
3786  0.0  0.0  12
3787  -2.0  2.0  11
3788  0.0  0.0  12
3789  -2.0  2.0  11
3790  -6.0  6.0  9
3791  -2.0  2.0  11
3792  -2.0  2.0  11
3793  0.0  0.0  75
3794  -2.0  2.0  11
3795  -6.0  6.0  9
3796  -2.0  2.0  11
3797  -4.0  4.0  10
3798  -8.0  8.0  8
3799  0.0  0.0  75
3800  -6.0  6.0  9
3801  0.0  0.0  12
3802  0.0  0.0  12
3803  0.0  0.0  75
3804  -2.0  2.0  11
3805  0.0  0.0  12
3806  -2.0  2.0  11
3807  0.0  0.0  75
3808  -6.0  6.0  9
3809  -2.0  2.0  75
3810  -2.0  2.0  11
3811  -2.0  2.0  75
3812  -2.0  2.0  75
3813  0.0  0.0  75
3814  -2.0  2.0  11
3815  -6.0  6.0  9
3816  -4.0  4.0  10
3817  -2.0  2.0  11
3818  -2.0  2.0  11
3819  0.0  0.0  12
3820  -4.0  4.0  10
3821  0.0  0.0  12
3822  0.0  0.0  12
3823  -6.0  6.0  9
3824  -6.0  6.0  9
3825  -2.0  2.0  11
3826  0.0  0.0  75
3827  -2.0  2.0  11
3828  0.0  0.0  75
3829  -4.0  4.0  10
3830  0.0  0.0  75
3831  -2.0  2.0  75
3832  -2.0  2.0  11
3833  -2.0  2.0  11
3834  -2.0  2.0  11
3835  0.0  0.0  75
3836  0.0  0.0  12
3837  0.0  0.0  12
3838  0.0  0.0  12
3839  0.0  0.0  12
3840  -2.0  2.0  75
3841  0.0  0.0  12
3842  0.0  0.0  12
3843  0.0  0.0  12
3844  -2.0  2.0  75
3845  0.0  0.0  12
3846  -8.0  8.0  8
3847  0.0  0.0  12
3848  0.0  0.0  75
3849  -2.0  2.0  11
3850  -4.0  4.0  10
3851  -2.0  2.0  11
3852  -6.0  6.0  9
3853  -4.0  4.0  10
3854  0.0  0.0  75
3855  -6.0  6.0  9
3856  -4.0  4.0  10
3857  -2.0  2.0  11
3858  0.0  0.0  75
3859  -4.0  4.0  10
3860  0.0  0.0  75
3861  0.0  0.0  75
3862  -4.0  4.0  10
3863  -8.0  8.0  8
3864  -8.0  8.0  8
3865  -6.0  6.0  9
3866  -4.0  4.0  10
3867  -2.0  2.0  11
3868  0.0  0.0  75
3869  -2.0  2.0  11
3870  0.0  0.0  12
3871  -2.0  2.0  11
3872  -2.0  2.0  11
3873  -6.0  6.0  9
3874  0.0  0.0  75
3875  -6.0  6.0  9
3876  -2.0  2.0  11
3877  0.0  0.0  75
3878  -2.0  2.0  11
3879  0.0  0.0  75
3880  0.0  0.0  75
3881  -2.0  2.0  11
3882  0.0  0.0  12
3883  -6.0  6.0  9
3884  -6.0  6.0  9
3885  -2.0  2.0  11
3886  0.0  0.0  75
3887  0.0  0.0  75
3888  0.0  0.0  75
3889  -8.0  8.0  8
3890  -4.0  4.0  10
3891  -2.0  2.0  75
3892  -2.0  2.0  11
3893  0.0  0.0  75
3894  -8.0  8.0  8
3895  -6.0  6.0  9
3896  -2.0  2.0  11
3897  -6.0  6.0  9
3898  -2.0  2.0  75
3899  -6.0  6.0  9
3900  -6.0  6.0  9
3901  0.0  0.0  75
3902  0.0  0.0  75
3903  0.0  0.0  75
3904  0.0  0.0  12
3905  0.0  0.0  12
3906  0.0  0.0  75
3907  0.0  0.0  12
3908  0.0  0.0  75
3909  -4.0  4.0  10
3910  0.0  0.0  12
3911  0.0  0.0  75
3912  0.0  0.0  12
3913  -8.0  8.0  8
3914  -4.0  4.0  10
3915  -2.0  2.0  11
3916  -2.0  2.0  11
3917  -2.0  2.0  75
3918  -6.0  6.0  9
3919  0.0  0.0  75
3920  0.0  0.0  75
3921  -2.0  2.0  11
3922  0.0  0.0  75
3923  0.0  0.0  12
3924  0.0  0.0  75
3925  -4.0  4.0  10
3926  -4.0  4.0  10
3927  0.0  0.0  75
3928  -2.0  2.0  11
3929  -6.0  6.0  9
3930  -2.0  2.0  11
3931  0.0  0.0  12
3932  -2.0  2.0  11
3933  -2.0  2.0  11
3934  -4.0  4.0  10
3935  -2.0  2.0  11
3936  0.0  0.0  12
3937  -4.0  4.0  10
3938  -2.0  2.0  11
3939  0.0  0.0  12
3940  -6.0  6.0  9
3941  0.0  0.0  12
3942  -2.0  2.0  11
3943  -4.0  4.0  10
3944  -2.0  2.0  11
3945  -6.0  6.0  9
3946  -4.0  4.0  10
3947  -8.0  8.0  8
3948  -2.0  2.0  11
3949  0.0  0.0  75
3950  0.0  0.0  75
3951  -4.0  4.0  10
3952  0.0  0.0  75
3953  0.0  0.0  12
3954  -4.0  4.0  10
3955  -6.0  6.0  9
3956  0.0  0.0  75
3957  -4.0  4.0  10
3958  0.0  0.0  75
3959  -4.0  4.0  10
3960  -6.0  6.0  9
3961  -6.0  6.0  9
3962  0.0  0.0  12
3963  -6.0  6.0  9
3964  0.0  0.0  75
3965  0.0  0.0  75
3966  -2.0  2.0  11
3967  0.0  0.0  75
3968  -6.0  6.0  9
3969  -2.0  2.0  11
3970  0.0  0.0  75
3971  0.0  0.0  12
3972  -6.0  6.0  9
3973  -10.0  10.0  7
3974  0.0  0.0  12
3975  0.0  0.0  12
3976  0.0  0.0  75
3977  -2.0  2.0  11
3978  -4.0  4.0  10
3979  0.0  0.0  75
3980  0.0  0.0  12
3981  -4.0  4.0  10
3982  -4.0  4.0  10
3983  -2.0  2.0  75
3984  0.0  0.0  75
3985  -6.0  6.0  9
3986  -2.0  2.0  11
3987  0.0  0.0  12
3988  0.0  0.0  75
3989  0.0  0.0  12
3990  -2.0  2.0  11
3991  0.0  0.0  12
3992  -2.0  2.0  11
3993  -2.0  2.0  11
3994  0.0  0.0  12
3995  -4.0  4.0  10
3996  -4.0  4.0  10
3997  0.0  0.0  75
3998  -6.0  6.0  9
3999  -4.0  4.0  10
4000  -2.0  2.0  75
4001  -4.0  4.0  10
4002  0.0  0.0  75
4003  0.0  0.0  12
4004  -2.0  2.0  11
4005  0.0  0.0  75
4006  0.0  0.0  12
4007  0.0  0.0  12
4008  -2.0  2.0  75
4009  0.0  0.0  12
4010  0.0  0.0  12
4011  0.0  0.0  75
4012  0.0  0.0  75
4013  0.0  0.0  12
4014  -6.0  6.0  9
4015  0.0  0.0  75
4016  -4.0  4.0  10
4017  -4.0  4.0  10
4018  -6.0  6.0  9
4019  -2.0  2.0  11
4020  -2.0  2.0  11
4021  -2.0  2.0  11
4022  0.0  0.0  75
4023  0.0  0.0  12
4024  -6.0  6.0  9
4025  0.0  0.0  75
4026  -6.0  6.0  9
4027  -4.0  4.0  10
4028  -2.0  2.0  75
4029  -6.0  6.0  9
4030  -4.0  4.0  10
4031  -6.0  6.0  9
4032  -2.0  2.0  11
4033  -8.0  8.0  8
4034  0.0  0.0  12
4035  -2.0  2.0  11
4036  -2.0  2.0  75
4037  0.0  0.0  75
4038  0.0  0.0  75
4039  -2.0  2.0  11
4040  0.0  0.0  12
4041  -6.0  6.0  9
4042  0.0  0.0  75
4043  -4.0  4.0  10
4044  -2.0  2.0  11
4045  -4.0  4.0  10
4046  -4.0  4.0  10
4047  0.0  0.0  12
4048  0.0  0.0  75
4049  -6.0  6.0  9
4050  0.0  0.0  12
4051  -2.0  2.0  11
4052  -4.0  4.0  10
4053  0.0  0.0  12
4054  0.0  0.0  12
4055  -2.0  2.0  11
4056  -2.0  2.0  11
4057  -2.0  2.0  11
4058  -4.0  4.0  10
4059  -2.0  2.0  11
4060  0.0  0.0  75
4061  -6.0  6.0  9
4062  -2.0  2.0  11
4063  -2.0  2.0  75
4064  -6.0  6.0  9
4065  -2.0  2.0  11
4066  -4.0  4.0  10
4067  0.0  0.0  12
4068  -4.0  4.0  10
4069  0.0  0.0  12
4070  0.0  0.0  12
4071  -4.0  4.0  10
4072  0.0  0.0  75
4073  -4.0  4.0  10
4074  -2.0  2.0  11
4075  -2.0  2.0  11
4076  0.0  0.0  12
4077  -2.0  2.0  11
4078  -4.0  4.0  10
4079  -6.0  6.0  9
4080  -2.0  2.0  11
4081  0.0  0.0  12
4082  -4.0  4.0  10
4083  -4.0  4.0  10
4084  -6.0  6.0  9
4085  0.0  0.0  75
4086  -2.0  2.0  11
4087  0.0  0.0  75
4088  0.0  0.0  75
4089  0.0  0.0  75
4090  0.0  0.0  12
4091  -2.0  2.0  75
4092  0.0  0.0  75
4093  -6.0  6.0  9
4094  0.0  0.0  75
4095  -2.0  2.0  11
4096  0.0  0.0  75
4097  -2.0  2.0  11
4098  -2.0  2.0  11
4099  -6.0  6.0  9
4100  -8.0  8.0  8
4101  0.0  0.0  12
4102  0.0  0.0  75
4103  0.0  0.0  12
4104  -6.0  6.0  9
4105  -4.0  4.0  10
4106  0.0  0.0  75
4107  -4.0  4.0  10
4108  -2.0  2.0  75
4109  0.0  0.0  75
4110  -2.0  2.0  11
4111  0.0  0.0  75
4112  0.0  0.0  75
4113  0.0  0.0  75
4114  0.0  0.0  75
4115  -2.0  2.0  11
4116  -2.0  2.0  75
4117  0.0  0.0  75
4118  0.0  0.0  75
4119  0.0  0.0  12
4120  0.0  0.0  75
4121  -6.0  6.0  9
4122  0.0  0.0  75
4123  -8.0  8.0  8
4124  -2.0  2.0  11
4125  0.0  0.0  12
4126  -4.0  4.0  10
4127  0.0  0.0  75
4128  -4.0  4.0  10
4129  -4.0  4.0  10
4130  -2.0  2.0  11
4131  0.0  0.0  75
4132  -2.0  2.0  11
4133  0.0  0.0  12
4134  0.0  0.0  12
4135  0.0  0.0  12
4136  -8.0  8.0  8
4137  0.0  0.0  12
4138  -6.0  6.0  9
4139  0.0  0.0  75
4140  -6.0  6.0  9
4141  0.0  0.0  75
4142  -4.0  4.0  10
4143  -6.0  6.0  9
4144  0.0  0.0  75
4145  -4.0  4.0  10
4146  -8.0  8.0  8
4147  -6.0  6.0  9
4148  0.0  0.0  75
4149  -2.0  2.0  75
4150  0.0  0.0  12
4151  -4.0  4.0  10
4152  -6.0  6.0  9
4153  0.0  0.0  75
4154  -2.0  2.0  75
4155  0.0  0.0  12
4156  -4.0  4.0  10
4157  -4.0  4.0  10
4158  -4.0  4.0  10
4159  0.0  0.0  75
4160  -2.0  2.0  11
4161  0.0  0.0  12
4162  -6.0  6.0  9
4163  -4.0  4.0  10
4164  -8.0  8.0  8
4165  -2.0  2.0  11
4166  0.0  0.0  75
4167  -6.0  6.0  9
4168  0.0  0.0  12
4169  0.0  0.0  75
4170  -4.0  4.0  10
4171  0.0  0.0  12
4172  0.0  0.0  75
4173  0.0  0.0  75
4174  -10.0  10.0  7
4175  0.0  0.0  75
4176  0.0  0.0  12
4177  -4.0  4.0  10
4178  -2.0  2.0  11
4179  -4.0  4.0  10
4180  -2.0  2.0  11
4181  -8.0  8.0  8
4182  0.0  0.0  75
4183  -2.0  2.0  11
4184  0.0  0.0  75
4185  0.0  0.0  75
4186  0.0  0.0  75
4187  -4.0  4.0  10
4188  0.0  0.0  75
4189  -8.0  8.0  8
4190  -8.0  8.0  8
4191  -8.0  8.0  8
4192  -2.0  2.0  75
4193  -6.0  6.0  9
4194  0.0  0.0  75
4195  -4.0  4.0  10
4196  -2.0  2.0  11
4197  -4.0  4.0  10
4198  0.0  0.0  12
4199  0.0  0.0  12
4200  -4.0  4.0  10
4201  -6.0  6.0  9
4202  -2.0  2.0  11
4203  -6.0  6.0  9
4204  -2.0  2.0  11
4205  -4.0  4.0  10
4206  0.0  0.0  75
4207  -2.0  2.0  11
4208  0.0  0.0  12
4209  0.0  0.0  75
4210  -4.0  4.0  10
4211  -2.0  2.0  11
4212  0.0  0.0  12
4213  -6.0  6.0  9
4214  -6.0  6.0  9
4215  -2.0  2.0  11
4216  -4.0  4.0  10
4217  -6.0  6.0  9
4218  -4.0  4.0  10
4219  -8.0  8.0  8
4220  -6.0  6.0  9
4221  -8.0  8.0  8
4222  -4.0  4.0  10
4223  0.0  0.0  12
4224  -6.0  6.0  9
4225  0.0  0.0  12
4226  0.0  0.0  75
4227  0.0  0.0  12
4228  -8.0  8.0  8
4229  0.0  0.0  75
4230  -2.0  2.0  11
4231  -2.0  2.0  11
4232  0.0  0.0  75
4233  -8.0  8.0  8
4234  -6.0  6.0  9
4235  -2.0  2.0  11
4236  -2.0  2.0  11
4237  -2.0  2.0  11
4238  0.0  0.0  12
4239  0.0  0.0  75
4240  -6.0  6.0  9
4241  -4.0  4.0  10
4242  -2.0  2.0  11
4243  -2.0  2.0  75
4244  -4.0  4.0  10
4245  0.0  0.0  12
4246  -2.0  2.0  11
4247  -4.0  4.0  10
4248  -2.0  2.0  11
4249  -6.0  6.0  9
4250  -4.0  4.0  10
4251  0.0  0.0  75
4252  0.0  0.0  12
4253  0.0  0.0  75
4254  -8.0  8.0  8
4255  0.0  0.0  12
4256  0.0  0.0  75
4257  -2.0  2.0  11
4258  -6.0  6.0  9
4259  -2.0  2.0  11
4260  -2.0  2.0  11
4261  -6.0  6.0  9
4262  -4.0  4.0  10
4263  0.0  0.0  12
4264  -6.0  6.0  9
4265  -2.0  2.0  11
4266  -4.0  4.0  10
4267  -8.0  8.0  8
4268  -6.0  6.0  9
4269  -2.0  2.0  11
4270  -2.0  2.0  75
4271  -2.0  2.0  11
4272  -2.0  2.0  11
4273  -2.0  2.0  11
4274  -8.0  8.0  8
4275  -8.0  8.0  8
4276  -2.0  2.0  11
4277  -4.0  4.0  10
4278  0.0  0.0  12
4279  0.0  0.0  75
4280  0.0  0.0  12
4281  -2.0  2.0  11
4282  -8.0  8.0  8
4283  -2.0  2.0  11
4284  -2.0  2.0  11
4285  -8.0  8.0  8
4286  -4.0  4.0  10
4287  0.0  0.0  12
4288  -4.0  4.0  10
4289  0.0  0.0  12
4290  -2.0  2.0  11
4291  0.0  0.0  75
4292  -6.0  6.0  9
4293  0.0  0.0  12
4294  -2.0  2.0  11
4295  0.0  0.0  75
4296  -2.0  2.0  11
4297  -2.0  2.0  11
4298  -2.0  2.0  11
4299  0.0  0.0  12
4300  -2.0  2.0  11
4301  0.0  0.0  12
4302  -6.0  6.0  9
4303  0.0  0.0  12
4304  -2.0  2.0  11
4305  0.0  0.0  12
4306  0.0  0.0  12
4307  0.0  0.0  75
4308  -8.0  8.0  8
4309  -4.0  4.0  10
4310  -2.0  2.0  11
4311  -6.0  6.0  9
4312  -6.0  6.0  9
4313  0.0  0.0  75
4314  0.0  0.0  75
4315  0.0  0.0  75
4316  -2.0  2.0  11
4317  0.0  0.0  75
4318  -8.0  8.0  8
4319  -6.0  6.0  9
4320  -6.0  6.0  9
4321  -2.0  2.0  75
4322  -4.0  4.0  10
4323  0.0  0.0  12
4324  -2.0  2.0  11
4325  -2.0  2.0  11
4326  0.0  0.0  12
4327  0.0  0.0  12
4328  0.0  0.0  75
4329  0.0  0.0  12
4330  0.0  0.0  12
4331  -8.0  8.0  8
4332  0.0  0.0  12
4333  -2.0  2.0  11
4334  -2.0  2.0  11
4335  -6.0  6.0  9
4336  -2.0  2.0  11
4337  0.0  0.0  75
4338  -2.0  2.0  11
4339  0.0  0.0  12
4340  0.0  0.0  12
4341  -2.0  2.0  11
4342  -2.0  2.0  11
4343  0.0  0.0  12
4344  0.0  0.0  12
4345  -2.0  2.0  11
4346  -4.0  4.0  10
4347  0.0  0.0  75
4348  -2.0  2.0  11
4349  -2.0  2.0  11
4350  -4.0  4.0  10
4351  0.0  0.0  75
4352  -6.0  6.0  9
4353  -2.0  2.0  11
4354  -6.0  6.0  9
4355  -6.0  6.0  9
4356  0.0  0.0  12
4357  0.0  0.0  12
4358  0.0  0.0  75
4359  0.0  0.0  75
4360  -2.0  2.0  11
4361  -6.0  6.0  9
4362  0.0  0.0  12
4363  0.0  0.0  75
4364  -2.0  2.0  11
4365  -6.0  6.0  9
4366  -8.0  8.0  8
4367  0.0  0.0  75
4368  -2.0  2.0  11
4369  0.0  0.0  75
4370  -6.0  6.0  9
4371  -2.0  2.0  75
4372  0.0  0.0  12
4373  -4.0  4.0  10
4374  -6.0  6.0  9
4375  0.0  0.0  75
4376  0.0  0.0  75
4377  -2.0  2.0  11
4378  -8.0  8.0  8
4379  0.0  0.0  75
4380  -4.0  4.0  10
4381  -2.0  2.0  11
4382  0.0  0.0  12
4383  -4.0  4.0  10
4384  0.0  0.0  75
4385  -6.0  6.0  9
4386  -2.0  2.0  75
4387  0.0  0.0  12
4388  0.0  0.0  12
4389  -2.0  2.0  11
4390  -2.0  2.0  11
4391  -2.0  2.0  11
4392  0.0  0.0  12
4393  -4.0  4.0  10
4394  -6.0  6.0  9
4395  -2.0  2.0  11
4396  0.0  0.0  12
4397  0.0  0.0  75
4398  -6.0  6.0  9
4399  -4.0  4.0  10
4400  0.0  0.0  75
4401  -6.0  6.0  9
4402  0.0  0.0  75
4403  -2.0  2.0  11
4404  -8.0  8.0  8
4405  -8.0  8.0  8
4406  0.0  0.0  75
4407  0.0  0.0  75
4408  0.0  0.0  75
4409  -2.0  2.0  11
4410  -4.0  4.0  10
4411  -2.0  2.0  11
4412  -4.0  4.0  10
4413  -2.0  2.0  11
4414  0.0  0.0  12
4415  -4.0  4.0  10
4416  0.0  0.0  12
4417  0.0  0.0  75
4418  -4.0  4.0  10
4419  0.0  0.0  75
4420  -2.0  2.0  11
4421  -2.0  2.0  11
4422  0.0  0.0  12
4423  -2.0  2.0  11
4424  -2.0  2.0  75
4425  -6.0  6.0  9
4426  -2.0  2.0  11
4427  0.0  0.0  75
4428  0.0  0.0  75
4429  0.0  0.0  75
4430  -6.0  6.0  9
4431  -2.0  2.0  11
4432  -2.0  2.0  11
4433  0.0  0.0  12
4434  -6.0  6.0  9
4435  -4.0  4.0  10
4436  -6.0  6.0  9
4437  -2.0  2.0  11
4438  -8.0  8.0  8
4439  -4.0  4.0  10
4440  -4.0  4.0  10
4441  0.0  0.0  12
4442  -2.0  2.0  75
4443  0.0  0.0  75
4444  -2.0  2.0  11
4445  0.0  0.0  75
4446  -6.0  6.0  9
4447  0.0  0.0  75
4448  0.0  0.0  12
4449  -2.0  2.0  11
4450  0.0  0.0  75
4451  0.0  0.0  75
4452  -4.0  4.0  10
4453  -2.0  2.0  11
4454  0.0  0.0  12
4455  -2.0  2.0  11
4456  -8.0  8.0  8
4457  -4.0  4.0  10
4458  -4.0  4.0  10
4459  -4.0  4.0  10
4460  0.0  0.0  75
4461  0.0  0.0  75
4462  -2.0  2.0  11
4463  0.0  0.0  75
4464  -2.0  2.0  11
4465  -2.0  2.0  11
4466  0.0  0.0  75
4467  -6.0  6.0  9
4468  -2.0  2.0  11
4469  -4.0  4.0  10
4470  -2.0  2.0  11
4471  -6.0  6.0  9
4472  0.0  0.0  75
4473  -4.0  4.0  10
4474  -4.0  4.0  10
4475  -8.0  8.0  8
4476  0.0  0.0  75
4477  -4.0  4.0  10
4478  0.0  0.0  12
4479  0.0  0.0  75
4480  -4.0  4.0  10
4481  0.0  0.0  75
4482  0.0  0.0  12
4483  -2.0  2.0  11
4484  0.0  0.0  12
4485  -2.0  2.0  11
4486  0.0  0.0  75
4487  0.0  0.0  75
4488  -2.0  2.0  11
4489  -2.0  2.0  11
4490  -6.0  6.0  9
4491  -6.0  6.0  9
4492  -10.0  10.0  7
4493  0.0  0.0  12
4494  0.0  0.0  12
4495  -2.0  2.0  11
4496  -6.0  6.0  9
4497  -8.0  8.0  8
4498  0.0  0.0  12
4499  0.0  0.0  12
4500  0.0  0.0  75
4501  -2.0  2.0  11
4502  -2.0  2.0  11
4503  -2.0  2.0  11
4504  -8.0  8.0  8
4505  -2.0  2.0  11
4506  -6.0  6.0  9
4507  -2.0  2.0  11
4508  -2.0  2.0  11
4509  -6.0  6.0  9
4510  0.0  0.0  12
4511  0.0  0.0  12
4512  -2.0  2.0  75
4513  -6.0  6.0  9
4514  -4.0  4.0  10
4515  0.0  0.0  75
4516  -8.0  8.0  8
4517  -6.0  6.0  9
4518  0.0  0.0  75
4519  0.0  0.0  12
4520  -2.0  2.0  11
4521  0.0  0.0  12
4522  -6.0  6.0  9
4523  0.0  0.0  12
4524  0.0  0.0  12
4525  -4.0  4.0  10
4526  -2.0  2.0  11
4527  -8.0  8.0  8
4528  -2.0  2.0  11
4529  -6.0  6.0  9
4530  -2.0  2.0  11
4531  -6.0  6.0  9
4532  0.0  0.0  12
4533  0.0  0.0  75
4534  0.0  0.0  75
4535  -6.0  6.0  9
4536  -4.0  4.0  10
4537  -2.0  2.0  11
4538  0.0  0.0  75
4539  -2.0  2.0  11
4540  0.0  0.0  75
4541  -2.0  2.0  11
4542  0.0  0.0  75
4543  -2.0  2.0  11
4544  -4.0  4.0  10
4545  0.0  0.0  75
4546  -4.0  4.0  10
4547  -2.0  2.0  75
4548  0.0  0.0  12
4549  -2.0  2.0  75
4550  -4.0  4.0  10
4551  -4.0  4.0  10
4552  -4.0  4.0  10
4553  0.0  0.0  12
4554  -2.0  2.0  11
4555  -6.0  6.0  9
4556  0.0  0.0  75
4557  -2.0  2.0  11
4558  -4.0  4.0  10
4559  0.0  0.0  12
4560  -2.0  2.0  11
4561  -2.0  2.0  11
4562  -2.0  2.0  75
4563  -2.0  2.0  11
4564  -4.0  4.0  10
4565  -6.0  6.0  9
4566  -2.0  2.0  75
4567  -4.0  4.0  10
4568  -4.0  4.0  10
4569  0.0  0.0  75
4570  -2.0  2.0  11
4571  0.0  0.0  12
4572  0.0  0.0  75
4573  -4.0  4.0  10
4574  -8.0  8.0  8
4575  0.0  0.0  75
4576  0.0  0.0  75
4577  0.0  0.0  12
4578  -6.0  6.0  9
4579  -6.0  6.0  9
4580  -4.0  4.0  10
4581  -4.0  4.0  10
4582  -2.0  2.0  11
4583  -4.0  4.0  10
4584  -2.0  2.0  11
4585  -2.0  2.0  11
4586  -4.0  4.0  10
4587  -4.0  4.0  10
4588  -10.0  10.0  7
4589  0.0  0.0  12
4590  -2.0  2.0  11
4591  0.0  0.0  75
4592  -10.0  10.0  7
4593  -4.0  4.0  10
4594  -4.0  4.0  10
4595  0.0  0.0  75
4596  0.0  0.0  12
4597  0.0  0.0  12
4598  0.0  0.0  75
4599  -2.0  2.0  11
4600  -2.0  2.0  11
4601  0.0  0.0  12
4602  -2.0  2.0  11
4603  -2.0  2.0  11
4604  0.0  0.0  75
4605  0.0  0.0  75
4606  -6.0  6.0  9
4607  0.0  0.0  12
4608  0.0  0.0  12
4609  -10.0  10.0  7
4610  0.0  0.0  75
4611  0.0  0.0  12
4612  -6.0  6.0  9
4613  0.0  0.0  12
4614  0.0  0.0  75
4615  0.0  0.0  75
4616  0.0  0.0  12
4617  -4.0  4.0  10
4618  -4.0  4.0  10
4619  0.0  0.0  75
4620  0.0  0.0  12
4621  0.0  0.0  75
4622  0.0  0.0  75
4623  -4.0  4.0  10
4624  -6.0  6.0  9
4625  0.0  0.0  75
4626  0.0  0.0  12
4627  -4.0  4.0  10
4628  -2.0  2.0  11
4629  0.0  0.0  12
4630  0.0  0.0  12
4631  0.0  0.0  75
4632  0.0  0.0  12
4633  -4.0  4.0  10
4634  -8.0  8.0  8
4635  -4.0  4.0  10
4636  -2.0  2.0  11
4637  -2.0  2.0  11
4638  -6.0  6.0  9
4639  0.0  0.0  75
4640  -6.0  6.0  9
4641  -2.0  2.0  11
4642  -4.0  4.0  10
4643  0.0  0.0  12
4644  -2.0  2.0  11
4645  -6.0  6.0  9
4646  0.0  0.0  12
4647  -2.0  2.0  11
4648  0.0  0.0  75
4649  -2.0  2.0  75
4650  0.0  0.0  12
4651  -6.0  6.0  9
4652  -2.0  2.0  11
4653  0.0  0.0  12
4654  -2.0  2.0  11
4655  -2.0  2.0  11
4656  0.0  0.0  12
4657  -6.0  6.0  9
4658  -4.0  4.0  10
4659  0.0  0.0  12
4660  -2.0  2.0  11
4661  -8.0  8.0  8
4662  -2.0  2.0  11
4663  -4.0  4.0  10
4664  -10.0  10.0  7
4665  -2.0  2.0  11
4666  0.0  0.0  12
4667  -6.0  6.0  9
4668  0.0  0.0  75
4669  0.0  0.0  75
4670  0.0  0.0  75
4671  -4.0  4.0  10
4672  -4.0  4.0  10
4673  0.0  0.0  12
4674  -2.0  2.0  11
4675  -6.0  6.0  9
4676  0.0  0.0  75
4677  -2.0  2.0  11
4678  -2.0  2.0  11
4679  -4.0  4.0  10
4680  -6.0  6.0  9
4681  -2.0  2.0  11
4682  -6.0  6.0  9
4683  0.0  0.0  75
4684  0.0  0.0  12
4685  0.0  0.0  75
4686  0.0  0.0  75
4687  0.0  0.0  75
4688  -2.0  2.0  11
4689  -2.0  2.0  11
4690  -4.0  4.0  10
4691  0.0  0.0  75
4692  -4.0  4.0  10
4693  -2.0  2.0  11
4694  0.0  0.0  75
4695  0.0  0.0  75
4696  -4.0  4.0  10
4697  -6.0  6.0  9
4698  -2.0  2.0  11
4699  -2.0  2.0  11
4700  -2.0  2.0  11
4701  -4.0  4.0  10
4702  0.0  0.0  12
4703  0.0  0.0  75
4704  0.0  0.0  12
4705  0.0  0.0  75
4706  -2.0  2.0  11
4707  -4.0  4.0  10
4708  -2.0  2.0  11
4709  -6.0  6.0  9
4710  -2.0  2.0  11
4711  -8.0  8.0  8
4712  -2.0  2.0  11
4713  -2.0  2.0  11
4714  -2.0  2.0  11
4715  0.0  0.0  12
4716  -4.0  4.0  10
4717  -10.0  10.0  7
4718  -2.0  2.0  11
4719  0.0  0.0  12
4720  -2.0  2.0  11
4721  0.0  0.0  75
4722  0.0  0.0  75
4723  -2.0  2.0  11
4724  0.0  0.0  12
4725  -6.0  6.0  9
4726  0.0  0.0  12
4727  -4.0  4.0  10
4728  -6.0  6.0  9
4729  -6.0  6.0  9
4730  0.0  0.0  75
4731  -4.0  4.0  10
4732  0.0  0.0  12
4733  -4.0  4.0  10
4734  0.0  0.0  75
4735  -6.0  6.0  9
4736  -6.0  6.0  9
4737  -2.0  2.0  11
4738  -2.0  2.0  11
4739  -2.0  2.0  11
4740  -2.0  2.0  11
4741  -6.0  6.0  9
4742  -8.0  8.0  8
4743  -6.0  6.0  9
4744  -4.0  4.0  10
4745  -4.0  4.0  10
4746  -2.0  2.0  11
4747  -2.0  2.0  11
4748  -8.0  8.0  8
4749  -8.0  8.0  8
4750  -8.0  8.0  8
4751  -6.0  6.0  9
4752  -2.0  2.0  11
4753  -2.0  2.0  11
4754  -4.0  4.0  10
4755  -8.0  8.0  8
4756  -2.0  2.0  11
4757  0.0  0.0  75
4758  0.0  0.0  75
4759  -4.0  4.0  10
4760  -4.0  4.0  10
4761  -2.0  2.0  11
4762  -2.0  2.0  11
4763  0.0  0.0  75
4764  0.0  0.0  12
4765  0.0  0.0  12
4766  -2.0  2.0  11
4767  0.0  0.0  12
4768  0.0  0.0  75
4769  -8.0  8.0  8
4770  0.0  0.0  12
4771  0.0  0.0  12
4772  -2.0  2.0  11
4773  0.0  0.0  75
4774  -4.0  4.0  10
4775  -2.0  2.0  11
4776  -6.0  6.0  9
4777  -2.0  2.0  75
4778  0.0  0.0  12
4779  0.0  0.0  75
4780  0.0  0.0  75
4781  0.0  0.0  12
4782  -2.0  2.0  11
4783  0.0  0.0  12
4784  -4.0  4.0  10
4785  0.0  0.0  75
4786  0.0  0.0  75
4787  -2.0  2.0  75
4788  -4.0  4.0  10
4789  -4.0  4.0  10
4790  0.0  0.0  12
4791  -6.0  6.0  9
4792  -4.0  4.0  10
4793  0.0  0.0  75
4794  -4.0  4.0  10
4795  -2.0  2.0  11
4796  -2.0  2.0  75
4797  -8.0  8.0  8
4798  -4.0  4.0  10
4799  0.0  0.0  75
4800  -4.0  4.0  10
4801  -2.0  2.0  11
4802  0.0  0.0  75
4803  -4.0  4.0  10
4804  0.0  0.0  12
4805  -8.0  8.0  8
4806  -2.0  2.0  75
4807  -2.0  2.0  11
4808  -2.0  2.0  11
4809  -6.0  6.0  9
4810  0.0  0.0  12
4811  0.0  0.0  75
4812  0.0  0.0  75
4813  -4.0  4.0  10
4814  -2.0  2.0  11
4815  0.0  0.0  75
4816  0.0  0.0  75
4817  -4.0  4.0  10
4818  -2.0  2.0  11
4819  -8.0  8.0  8
4820  -6.0  6.0  9
4821  -2.0  2.0  11
4822  -6.0  6.0  9
4823  0.0  0.0  12
4824  -4.0  4.0  10
4825  -4.0  4.0  10
4826  -6.0  6.0  9
4827  0.0  0.0  12
4828  -4.0  4.0  10
4829  0.0  0.0  12
4830  -4.0  4.0  10
4831  -4.0  4.0  10
4832  0.0  0.0  12
4833  -2.0  2.0  11
4834  -6.0  6.0  9
4835  -4.0  4.0  10
4836  -4.0  4.0  10
4837  -2.0  2.0  11
4838  -4.0  4.0  10
4839  -4.0  4.0  10
4840  0.0  0.0  75
4841  -4.0  4.0  10
4842  -8.0  8.0  8
4843  -6.0  6.0  9
4844  -2.0  2.0  11
4845  -6.0  6.0  9
4846  -2.0  2.0  11
4847  -4.0  4.0  10
4848  -10.0  10.0  7
4849  0.0  0.0  12
4850  -8.0  8.0  8
4851  0.0  0.0  75
4852  -2.0  2.0  11
4853  -6.0  6.0  9
4854  -4.0  4.0  10
4855  0.0  0.0  75
4856  0.0  0.0  75
4857  -6.0  6.0  9
4858  0.0  0.0  12
4859  -6.0  6.0  9
4860  -6.0  6.0  9
4861  0.0  0.0  75
4862  -4.0  4.0  10
4863  -6.0  6.0  9
4864  -6.0  6.0  9
4865  -2.0  2.0  11
4866  -6.0  6.0  9
4867  -2.0  2.0  11
4868  -6.0  6.0  9
4869  0.0  0.0  75
4870  -2.0  2.0  11
4871  0.0  0.0  12
4872  0.0  0.0  75
4873  0.0  0.0  75
4874  0.0  0.0  75
4875  -2.0  2.0  11
4876  0.0  0.0  75
4877  0.0  0.0  12
4878  -4.0  4.0  10
4879  -8.0  8.0  8
4880  -2.0  2.0  11
4881  0.0  0.0  75
4882  0.0  0.0  75
4883  0.0  0.0  12
4884  -4.0  4.0  10
4885  -2.0  2.0  11
4886  -2.0  2.0  75
4887  -2.0  2.0  75
4888  0.0  0.0  12
4889  -6.0  6.0  9
4890  -6.0  6.0  9
4891  -6.0  6.0  9
4892  -4.0  4.0  10
4893  -2.0  2.0  11
4894  -6.0  6.0  9
4895  -4.0  4.0  10
4896  0.0  0.0  12
4897  0.0  0.0  12
4898  -8.0  8.0  8
4899  0.0  0.0  12
4900  0.0  0.0  12
4901  -8.0  8.0  8
4902  0.0  0.0  12
4903  -2.0  2.0  11
4904  -4.0  4.0  10
4905  -2.0  2.0  11
4906  -2.0  2.0  11
4907  -4.0  4.0  10
4908  -4.0  4.0  10
4909  -2.0  2.0  11
4910  -4.0  4.0  10
4911  -8.0  8.0  8
4912  -6.0  6.0  9
4913  -2.0  2.0  11
4914  0.0  0.0  75
4915  -2.0  2.0  11
4916  0.0  0.0  12
4917  0.0  0.0  75
4918  -6.0  6.0  9
4919  0.0  0.0  75
4920  -2.0  2.0  75
4921  -2.0  2.0  11
4922  0.0  0.0  75
4923  0.0  0.0  75
4924  -6.0  6.0  9
4925  -2.0  2.0  11
4926  -4.0  4.0  10
4927  -4.0  4.0  10
4928  -8.0  8.0  8
4929  -6.0  6.0  9
4930  0.0  0.0  75
4931  0.0  0.0  75
4932  0.0  0.0  75
4933  -4.0  4.0  10
4934  -4.0  4.0  10
4935  -4.0  4.0  10
4936  -2.0  2.0  11
4937  0.0  0.0  75
4938  0.0  0.0  12
4939  -4.0  4.0  10
4940  -6.0  6.0  9
4941  -4.0  4.0  10
4942  0.0  0.0  75
4943  0.0  0.0  12
4944  0.0  0.0  12
4945  -2.0  2.0  75
4946  -4.0  4.0  10
4947  -4.0  4.0  10
4948  0.0  0.0  75
4949  -8.0  8.0  8
4950  -6.0  6.0  9
4951  -2.0  2.0  11
4952  -4.0  4.0  10
4953  0.0  0.0  75
4954  0.0  0.0  12
4955  -2.0  2.0  11
4956  -2.0  2.0  11
4957  0.0  0.0  75
4958  0.0  0.0  12
4959  0.0  0.0  75
4960  -2.0  2.0  11
4961  -6.0  6.0  9
4962  -2.0  2.0  75
4963  -2.0  2.0  11
4964  0.0  0.0  75
4965  -2.0  2.0  11
4966  -2.0  2.0  11
4967  0.0  0.0  12
4968  0.0  0.0  75
4969  -4.0  4.0  10
4970  -10.0  10.0  7
4971  -4.0  4.0  10
4972  -2.0  2.0  11
4973  -2.0  2.0  11
4974  -4.0  4.0  10
4975  0.0  0.0  12
4976  0.0  0.0  75
4977  -2.0  2.0  11
4978  -8.0  8.0  8
4979  -4.0  4.0  10
4980  0.0  0.0  12
4981  -2.0  2.0  11
4982  -2.0  2.0  75
4983  0.0  0.0  75
4984  -4.0  4.0  10
4985  -8.0  8.0  8
4986  -4.0  4.0  10
4987  -2.0  2.0  11
4988  0.0  0.0  75
4989  0.0  0.0  12
4990  0.0  0.0  12
4991  0.0  0.0  75
4992  0.0  0.0  12
4993  0.0  0.0  75
4994  -4.0  4.0  10
4995  0.0  0.0  75
4996  -2.0  2.0  11
4997  0.0  0.0  12
4998  -6.0  6.0  9
4999  0.0  0.0  12
