0  0.0  0.0  75
1  0.0  0.0  75
2  8.0  -8.0  75
3  0.0  0.0  75
4  0.0  0.0  75
5  0.0  0.0  75
6  0.0  0.0  75
7  0.0  0.0  75
8  0.0  0.0  75
9  0.0  0.0  75
10  0.0  0.0  75
11  0.0  0.0  75
12  0.0  0.0  75
13  8.0  -8.0  75
14  0.0  0.0  75
15  0.0  0.0  75
16  8.0  -8.0  75
17  8.0  -8.0  75
18  0.0  0.0  75
19  8.0  -8.0  75
20  0.0  0.0  75
21  0.0  0.0  75
22  8.0  -8.0  75
23  0.0  0.0  75
24  8.0  -8.0  75
25  0.0  0.0  75
26  8.0  -8.0  75
27  0.0  0.0  75
28  8.0  -8.0  75
29  8.0  -8.0  75
30  0.0  0.0  75
31  0.0  0.0  75
32  0.0  0.0  75
33  0.0  0.0  75
34  0.0  0.0  75
35  0.0  0.0  75
36  8.0  -8.0  75
37  0.0  0.0  75
38  8.0  -8.0  75
39  8.0  -8.0  75
40  0.0  0.0  75
41  0.0  0.0  75
42  0.0  0.0  75
43  8.0  -8.0  75
44  8.0  -8.0  75
45  8.0  -8.0  75
46  0.0  0.0  75
47  0.0  0.0  75
48  8.0  -8.0  75
49  0.0  0.0  75
50  0.0  0.0  75
51  0.0  0.0  75
52  8.0  -8.0  75
53  0.0  0.0  75
54  0.0  0.0  75
55  0.0  0.0  75
56  0.0  0.0  75
57  8.0  -8.0  75
58  0.0  0.0  75
59  0.0  0.0  75
60  0.0  0.0  75
61  8.0  -8.0  75
62  0.0  0.0  75
63  0.0  0.0  75
64  8.0  -8.0  75
65  0.0  0.0  75
66  8.0  -8.0  75
67  0.0  0.0  75
68  0.0  0.0  75
69  0.0  0.0  75
70  0.0  0.0  75
71  0.0  0.0  75
72  0.0  0.0  75
73  0.0  0.0  75
74  0.0  0.0  75
75  8.0  -8.0  75
76  0.0  0.0  75
77  0.0  0.0  75
78  0.0  0.0  75
79  0.0  0.0  75
80  0.0  0.0  75
81  8.0  -8.0  75
82  8.0  -8.0  75
83  0.0  0.0  75
84  8.0  -8.0  75
85  0.0  0.0  75
86  0.0  0.0  75
87  0.0  0.0  75
88  0.0  0.0  75
89  0.0  0.0  75
90  0.0  0.0  75
91  8.0  -8.0  75
92  0.0  0.0  75
93  0.0  0.0  75
94  0.0  0.0  75
95  0.0  0.0  75
96  0.0  0.0  75
97  8.0  -8.0  75
98  8.0  -8.0  75
99  0.0  0.0  75
100  0.0  0.0  75
101  0.0  0.0  75
102  8.0  -8.0  75
103  8.0  -8.0  75
104  0.0  0.0  75
105  8.0  -8.0  75
106  0.0  0.0  75
107  0.0  0.0  75
108  0.0  0.0  75
109  8.0  -8.0  75
110  0.0  0.0  75
111  0.0  0.0  75
112  0.0  0.0  75
113  0.0  0.0  75
114  0.0  0.0  75
115  0.0  0.0  75
116  8.0  -8.0  75
117  0.0  0.0  75
118  0.0  0.0  75
119  8.0  -8.0  75
120  0.0  0.0  75
121  0.0  0.0  75
122  0.0  0.0  75
123  0.0  0.0  75
124  0.0  0.0  75
125  0.0  0.0  75
126  0.0  0.0  75
127  0.0  0.0  75
128  0.0  0.0  75
129  0.0  0.0  75
130  8.0  -8.0  75
131  0.0  0.0  75
132  0.0  0.0  75
133  0.0  0.0  75
134  8.0  -8.0  75
135  0.0  0.0  75
136  0.0  0.0  75
137  0.0  0.0  75
138  0.0  0.0  75
139  8.0  -8.0  75
140  0.0  0.0  75
141  8.0  -8.0  75
142  0.0  0.0  75
143  0.0  0.0  75
144  0.0  0.0  75
145  0.0  0.0  75
146  0.0  0.0  75
147  8.0  -8.0  75
148  0.0  0.0  75
149  0.0  0.0  75
150  0.0  0.0  75
151  0.0  0.0  75
152  0.0  0.0  75
153  0.0  0.0  75
154  0.0  0.0  75
155  0.0  0.0  75
156  0.0  0.0  75
157  8.0  -8.0  75
158  0.0  0.0  75
159  0.0  0.0  75
160  0.0  0.0  75
161  0.0  0.0  75
162  0.0  0.0  75
163  0.0  0.0  75
164  8.0  -8.0  75
165  0.0  0.0  75
166  8.0  -8.0  75
167  8.0  -8.0  75
168  0.0  0.0  75
169  0.0  0.0  75
170  0.0  0.0  75
171  0.0  0.0  75
172  8.0  -8.0  75
173  0.0  0.0  75
174  0.0  0.0  75
175  8.0  -8.0  75
176  0.0  0.0  75
177  8.0  -8.0  75
178  0.0  0.0  75
179  0.0  0.0  75
180  0.0  0.0  75
181  0.0  0.0  75
182  0.0  0.0  75
183  0.0  0.0  75
184  8.0  -8.0  75
185  0.0  0.0  75
186  0.0  0.0  75
187  0.0  0.0  75
188  0.0  0.0  75
189  0.0  0.0  75
190  0.0  0.0  75
191  0.0  0.0  75
192  0.0  0.0  75
193  0.0  0.0  75
194  0.0  0.0  75
195  0.0  0.0  75
196  0.0  0.0  75
197  0.0  0.0  75
198  0.0  0.0  75
199  0.0  0.0  75
200  0.0  0.0  75
201  8.0  -8.0  75
202  0.0  0.0  75
203  8.0  -8.0  75
204  0.0  0.0  75
205  0.0  0.0  75
206  0.0  0.0  75
207  0.0  0.0  75
208  0.0  0.0  75
209  0.0  0.0  75
210  0.0  0.0  75
211  0.0  0.0  75
212  0.0  0.0  75
213  8.0  -8.0  75
214  8.0  -8.0  75
215  8.0  -8.0  75
216  0.0  0.0  75
217  8.0  -8.0  75
218  0.0  0.0  75
219  8.0  -8.0  75
220  0.0  0.0  75
221  8.0  -8.0  75
222  8.0  -8.0  75
223  0.0  0.0  75
224  0.0  0.0  75
225  0.0  0.0  75
226  8.0  -8.0  75
227  0.0  0.0  75
228  0.0  0.0  75
229  0.0  0.0  75
230  0.0  0.0  75
231  0.0  0.0  75
232  0.0  0.0  75
233  0.0  0.0  75
234  0.0  0.0  75
235  0.0  0.0  75
236  0.0  0.0  75
237  8.0  -8.0  75
238  8.0  -8.0  75
239  0.0  0.0  75
240  8.0  -8.0  75
241  0.0  0.0  75
242  0.0  0.0  75
243  0.0  0.0  75
244  0.0  0.0  75
245  0.0  0.0  75
246  0.0  0.0  75
247  0.0  0.0  75
248  0.0  0.0  75
249  0.0  0.0  75
250  0.0  0.0  75
251  8.0  -8.0  75
252  8.0  -8.0  75
253  0.0  0.0  75
254  0.0  0.0  75
255  0.0  0.0  75
256  8.0  -8.0  75
257  0.0  0.0  75
258  0.0  0.0  75
259  8.0  -8.0  75
260  8.0  -8.0  75
261  8.0  -8.0  75
262  0.0  0.0  75
263  0.0  0.0  75
264  8.0  -8.0  75
265  0.0  0.0  75
266  0.0  0.0  75
267  0.0  0.0  75
268  0.0  0.0  75
269  0.0  0.0  75
270  0.0  0.0  75
271  0.0  0.0  75
272  0.0  0.0  75
273  8.0  -8.0  75
274  0.0  0.0  75
275  0.0  0.0  75
276  0.0  0.0  75
277  0.0  0.0  75
278  0.0  0.0  75
279  0.0  0.0  75
280  0.0  0.0  75
281  0.0  0.0  75
282  8.0  -8.0  75
283  0.0  0.0  75
284  0.0  0.0  75
285  0.0  0.0  75
286  0.0  0.0  75
287  0.0  0.0  75
288  0.0  0.0  75
289  0.0  0.0  75
290  0.0  0.0  75
291  0.0  0.0  75
292  8.0  -8.0  75
293  0.0  0.0  75
294  0.0  0.0  75
295  0.0  0.0  75
296  0.0  0.0  75
297  0.0  0.0  75
298  0.0  0.0  75
299  8.0  -8.0  75
300  0.0  0.0  75
301  0.0  0.0  75
302  0.0  0.0  75
303  8.0  -8.0  75
304  8.0  -8.0  75
305  8.0  -8.0  75
306  0.0  0.0  75
307  0.0  0.0  75
308  0.0  0.0  75
309  8.0  -8.0  75
310  0.0  0.0  75
311  8.0  -8.0  75
312  0.0  0.0  75
313  0.0  0.0  75
314  8.0  -8.0  75
315  8.0  -8.0  75
316  0.0  0.0  75
317  0.0  0.0  75
318  0.0  0.0  75
319  0.0  0.0  75
320  0.0  0.0  75
321  0.0  0.0  75
322  8.0  -8.0  75
323  0.0  0.0  75
324  0.0  0.0  75
325  8.0  -8.0  75
326  0.0  0.0  75
327  0.0  0.0  75
328  0.0  0.0  75
329  8.0  -8.0  75
330  8.0  -8.0  75
331  8.0  -8.0  75
332  0.0  0.0  75
333  8.0  -8.0  75
334  0.0  0.0  75
335  0.0  0.0  75
336  0.0  0.0  75
337  0.0  0.0  75
338  8.0  -8.0  75
339  0.0  0.0  75
340  8.0  -8.0  75
341  0.0  0.0  75
342  0.0  0.0  75
343  0.0  0.0  75
344  0.0  0.0  75
345  8.0  -8.0  75
346  8.0  -8.0  75
347  0.0  0.0  75
348  0.0  0.0  75
349  8.0  -8.0  75
350  0.0  0.0  75
351  0.0  0.0  75
352  8.0  -8.0  75
353  0.0  0.0  75
354  0.0  0.0  75
355  8.0  -8.0  75
356  0.0  0.0  75
357  0.0  0.0  75
358  0.0  0.0  75
359  0.0  0.0  75
360  0.0  0.0  75
361  8.0  -8.0  75
362  0.0  0.0  75
363  8.0  -8.0  75
364  0.0  0.0  75
365  8.0  -8.0  75
366  8.0  -8.0  75
367  8.0  -8.0  75
368  8.0  -8.0  75
369  0.0  0.0  75
370  0.0  0.0  75
371  8.0  -8.0  75
372  0.0  0.0  75
373  0.0  0.0  75
374  0.0  0.0  75
375  0.0  0.0  75
376  8.0  -8.0  75
377  0.0  0.0  75
378  0.0  0.0  75
379  0.0  0.0  75
380  8.0  -8.0  75
381  8.0  -8.0  75
382  0.0  0.0  75
383  0.0  0.0  75
384  8.0  -8.0  75
385  0.0  0.0  75
386  0.0  0.0  75
387  0.0  0.0  75
388  8.0  -8.0  75
389  0.0  0.0  75
390  0.0  0.0  75
391  0.0  0.0  75
392  0.0  0.0  75
393  0.0  0.0  75
394  0.0  0.0  75
395  0.0  0.0  75
396  0.0  0.0  75
397  8.0  -8.0  75
398  0.0  0.0  75
399  0.0  0.0  75
400  0.0  0.0  75
401  0.0  0.0  75
402  0.0  0.0  75
403  0.0  0.0  75
404  0.0  0.0  75
405  8.0  -8.0  75
406  0.0  0.0  75
407  0.0  0.0  75
408  0.0  0.0  75
409  0.0  0.0  75
410  8.0  -8.0  75
411  0.0  0.0  75
412  0.0  0.0  75
413  0.0  0.0  75
414  0.0  0.0  75
415  8.0  -8.0  75
416  0.0  0.0  75
417  0.0  0.0  75
418  0.0  0.0  75
419  0.0  0.0  75
420  0.0  0.0  75
421  0.0  0.0  75
422  0.0  0.0  75
423  0.0  0.0  75
424  0.0  0.0  75
425  8.0  -8.0  75
426  0.0  0.0  75
427  0.0  0.0  75
428  8.0  -8.0  75
429  0.0  0.0  75
430  0.0  0.0  75
431  0.0  0.0  75
432  0.0  0.0  75
433  8.0  -8.0  75
434  0.0  0.0  75
435  0.0  0.0  75
436  0.0  0.0  75
437  0.0  0.0  75
438  0.0  0.0  75
439  0.0  0.0  75
440  0.0  0.0  75
441  0.0  0.0  75
442  0.0  0.0  75
443  0.0  0.0  75
444  0.0  0.0  75
445  8.0  -8.0  75
446  0.0  0.0  75
447  0.0  0.0  75
448  0.0  0.0  75
449  0.0  0.0  75
450  0.0  0.0  75
451  0.0  0.0  75
452  0.0  0.0  75
453  8.0  -8.0  75
454  0.0  0.0  75
455  8.0  -8.0  75
456  0.0  0.0  75
457  0.0  0.0  75
458  0.0  0.0  75
459  0.0  0.0  75
460  0.0  0.0  75
461  0.0  0.0  75
462  0.0  0.0  75
463  0.0  0.0  75
464  0.0  0.0  75
465  0.0  0.0  75
466  0.0  0.0  75
467  0.0  0.0  75
468  0.0  0.0  75
469  0.0  0.0  75
470  0.0  0.0  75
471  0.0  0.0  75
472  0.0  0.0  75
473  0.0  0.0  75
474  0.0  0.0  75
475  0.0  0.0  75
476  0.0  0.0  75
477  0.0  0.0  75
478  0.0  0.0  75
479  0.0  0.0  75
480  8.0  -8.0  75
481  0.0  0.0  75
482  0.0  0.0  75
483  0.0  0.0  75
484  0.0  0.0  75
485  0.0  0.0  75
486  0.0  0.0  75
487  0.0  0.0  75
488  0.0  0.0  75
489  8.0  -8.0  75
490  8.0  -8.0  75
491  8.0  -8.0  75
492  0.0  0.0  75
493  0.0  0.0  75
494  0.0  0.0  75
495  0.0  0.0  75
496  8.0  -8.0  75
497  0.0  0.0  75
498  0.0  0.0  75
499  0.0  0.0  75
500  0.0  0.0  75
501  8.0  -8.0  75
502  0.0  0.0  75
503  0.0  0.0  75
504  0.0  0.0  75
505  0.0  0.0  75
506  8.0  -8.0  75
507  0.0  0.0  75
508  8.0  -8.0  75
509  0.0  0.0  75
510  0.0  0.0  75
511  0.0  0.0  75
512  0.0  0.0  75
513  8.0  -8.0  75
514  0.0  0.0  75
515  0.0  0.0  75
516  8.0  -8.0  75
517  8.0  -8.0  75
518  0.0  0.0  75
519  8.0  -8.0  75
520  8.0  -8.0  75
521  0.0  0.0  75
522  0.0  0.0  75
523  0.0  0.0  75
524  0.0  0.0  75
525  0.0  0.0  75
526  8.0  -8.0  75
527  0.0  0.0  75
528  8.0  -8.0  75
529  0.0  0.0  75
530  0.0  0.0  75
531  0.0  0.0  75
532  0.0  0.0  75
533  0.0  0.0  75
534  0.0  0.0  75
535  0.0  0.0  75
536  0.0  0.0  75
537  0.0  0.0  75
538  0.0  0.0  75
539  8.0  -8.0  75
540  0.0  0.0  75
541  0.0  0.0  75
542  0.0  0.0  75
543  8.0  -8.0  75
544  0.0  0.0  75
545  0.0  0.0  75
546  0.0  0.0  75
547  8.0  -8.0  75
548  0.0  0.0  75
549  8.0  -8.0  75
550  8.0  -8.0  75
551  8.0  -8.0  75
552  0.0  0.0  75
553  0.0  0.0  75
554  0.0  0.0  75
555  8.0  -8.0  75
556  0.0  0.0  75
557  0.0  0.0  75
558  0.0  0.0  75
559  0.0  0.0  75
560  0.0  0.0  75
561  0.0  0.0  75
562  0.0  0.0  75
563  0.0  0.0  75
564  0.0  0.0  75
565  0.0  0.0  75
566  0.0  0.0  75
567  0.0  0.0  75
568  0.0  0.0  75
569  0.0  0.0  75
570  0.0  0.0  75
571  0.0  0.0  75
572  8.0  -8.0  75
573  0.0  0.0  75
574  0.0  0.0  75
575  0.0  0.0  75
576  0.0  0.0  75
577  0.0  0.0  75
578  0.0  0.0  75
579  8.0  -8.0  75
580  0.0  0.0  75
581  8.0  -8.0  75
582  0.0  0.0  75
583  0.0  0.0  75
584  8.0  -8.0  75
585  0.0  0.0  75
586  0.0  0.0  75
587  8.0  -8.0  75
588  8.0  -8.0  75
589  0.0  0.0  75
590  0.0  0.0  75
591  8.0  -8.0  75
592  0.0  0.0  75
593  0.0  0.0  75
594  8.0  -8.0  75
595  0.0  0.0  75
596  0.0  0.0  75
597  0.0  0.0  75
598  0.0  0.0  75
599  8.0  -8.0  75
600  0.0  0.0  75
601  0.0  0.0  75
602  8.0  -8.0  75
603  0.0  0.0  75
604  8.0  -8.0  75
605  0.0  0.0  75
606  0.0  0.0  75
607  0.0  0.0  75
608  8.0  -8.0  75
609  8.0  -8.0  75
610  0.0  0.0  75
611  0.0  0.0  75
612  0.0  0.0  75
613  8.0  -8.0  75
614  0.0  0.0  75
615  0.0  0.0  75
616  0.0  0.0  75
617  0.0  0.0  75
618  0.0  0.0  75
619  0.0  0.0  75
620  0.0  0.0  75
621  0.0  0.0  75
622  0.0  0.0  75
623  8.0  -8.0  75
624  0.0  0.0  75
625  0.0  0.0  75
626  0.0  0.0  75
627  0.0  0.0  75
628  0.0  0.0  75
629  0.0  0.0  75
630  0.0  0.0  75
631  0.0  0.0  75
632  8.0  -8.0  75
633  8.0  -8.0  75
634  0.0  0.0  75
635  0.0  0.0  75
636  0.0  0.0  75
637  0.0  0.0  75
638  8.0  -8.0  75
639  0.0  0.0  75
640  8.0  -8.0  75
641  0.0  0.0  75
642  0.0  0.0  75
643  0.0  0.0  75
644  0.0  0.0  75
645  0.0  0.0  75
646  0.0  0.0  75
647  0.0  0.0  75
648  0.0  0.0  75
649  8.0  -8.0  75
650  0.0  0.0  75
651  0.0  0.0  75
652  0.0  0.0  75
653  0.0  0.0  75
654  0.0  0.0  75
655  0.0  0.0  75
656  0.0  0.0  75
657  0.0  0.0  75
658  8.0  -8.0  75
659  8.0  -8.0  75
660  0.0  0.0  75
661  8.0  -8.0  75
662  8.0  -8.0  75
663  0.0  0.0  75
664  0.0  0.0  75
665  0.0  0.0  75
666  0.0  0.0  75
667  0.0  0.0  75
668  0.0  0.0  75
669  0.0  0.0  75
670  0.0  0.0  75
671  0.0  0.0  75
672  0.0  0.0  75
673  0.0  0.0  75
674  0.0  0.0  75
675  0.0  0.0  75
676  0.0  0.0  75
677  0.0  0.0  75
678  0.0  0.0  75
679  0.0  0.0  75
680  8.0  -8.0  75
681  0.0  0.0  75
682  8.0  -8.0  75
683  8.0  -8.0  75
684  0.0  0.0  75
685  0.0  0.0  75
686  8.0  -8.0  75
687  0.0  0.0  75
688  8.0  -8.0  75
689  0.0  0.0  75
690  0.0  0.0  75
691  0.0  0.0  75
692  0.0  0.0  75
693  0.0  0.0  75
694  8.0  -8.0  75
695  0.0  0.0  75
696  0.0  0.0  75
697  0.0  0.0  75
698  0.0  0.0  75
699  8.0  -8.0  75
700  8.0  -8.0  75
701  0.0  0.0  75
702  0.0  0.0  75
703  0.0  0.0  75
704  8.0  -8.0  75
705  0.0  0.0  75
706  0.0  0.0  75
707  8.0  -8.0  75
708  0.0  0.0  75
709  0.0  0.0  75
710  8.0  -8.0  75
711  8.0  -8.0  75
712  0.0  0.0  75
713  0.0  0.0  75
714  0.0  0.0  75
715  0.0  0.0  75
716  0.0  0.0  75
717  0.0  0.0  75
718  0.0  0.0  75
719  0.0  0.0  75
720  0.0  0.0  75
721  0.0  0.0  75
722  0.0  0.0  75
723  8.0  -8.0  75
724  0.0  0.0  75
725  0.0  0.0  75
726  0.0  0.0  75
727  0.0  0.0  75
728  0.0  0.0  75
729  0.0  0.0  75
730  0.0  0.0  75
731  0.0  0.0  75
732  0.0  0.0  75
733  8.0  -8.0  75
734  0.0  0.0  75
735  0.0  0.0  75
736  0.0  0.0  75
737  0.0  0.0  75
738  8.0  -8.0  75
739  0.0  0.0  75
740  0.0  0.0  75
741  0.0  0.0  75
742  0.0  0.0  75
743  0.0  0.0  75
744  0.0  0.0  75
745  0.0  0.0  75
746  0.0  0.0  75
747  8.0  -8.0  75
748  0.0  0.0  75
749  0.0  0.0  75
750  0.0  0.0  75
751  0.0  0.0  75
752  0.0  0.0  75
753  8.0  -8.0  75
754  0.0  0.0  75
755  0.0  0.0  75
756  0.0  0.0  75
757  0.0  0.0  75
758  8.0  -8.0  75
759  0.0  0.0  75
760  0.0  0.0  75
761  0.0  0.0  75
762  0.0  0.0  75
763  0.0  0.0  75
764  0.0  0.0  75
765  0.0  0.0  75
766  0.0  0.0  75
767  0.0  0.0  75
768  0.0  0.0  75
769  8.0  -8.0  75
770  0.0  0.0  75
771  0.0  0.0  75
772  0.0  0.0  75
773  0.0  0.0  75
774  0.0  0.0  75
775  0.0  0.0  75
776  8.0  -8.0  75
777  0.0  0.0  75
778  0.0  0.0  75
779  0.0  0.0  75
780  0.0  0.0  75
781  0.0  0.0  75
782  0.0  0.0  75
783  8.0  -8.0  75
784  0.0  0.0  75
785  0.0  0.0  75
786  0.0  0.0  75
787  0.0  0.0  75
788  0.0  0.0  75
789  0.0  0.0  75
790  0.0  0.0  75
791  8.0  -8.0  75
792  8.0  -8.0  75
793  0.0  0.0  75
794  0.0  0.0  75
795  0.0  0.0  75
796  0.0  0.0  75
797  0.0  0.0  75
798  0.0  0.0  75
799  0.0  0.0  75
800  0.0  0.0  75
801  8.0  -8.0  75
802  0.0  0.0  75
803  0.0  0.0  75
804  0.0  0.0  75
805  0.0  0.0  75
806  8.0  -8.0  75
807  8.0  -8.0  75
808  0.0  0.0  75
809  8.0  -8.0  75
810  0.0  0.0  75
811  0.0  0.0  75
812  8.0  -8.0  75
813  8.0  -8.0  75
814  0.0  0.0  75
815  8.0  -8.0  75
816  0.0  0.0  75
817  0.0  0.0  75
818  0.0  0.0  75
819  0.0  0.0  75
820  0.0  0.0  75
821  0.0  0.0  75
822  0.0  0.0  75
823  8.0  -8.0  75
824  0.0  0.0  75
825  8.0  -8.0  75
826  8.0  -8.0  75
827  0.0  0.0  75
828  8.0  -8.0  75
829  8.0  -8.0  75
830  0.0  0.0  75
831  0.0  0.0  75
832  0.0  0.0  75
833  0.0  0.0  75
834  0.0  0.0  75
835  0.0  0.0  75
836  0.0  0.0  75
837  0.0  0.0  75
838  0.0  0.0  75
839  0.0  0.0  75
840  0.0  0.0  75
841  0.0  0.0  75
842  0.0  0.0  75
843  0.0  0.0  75
844  0.0  0.0  75
845  8.0  -8.0  75
846  0.0  0.0  75
847  0.0  0.0  75
848  0.0  0.0  75
849  0.0  0.0  75
850  0.0  0.0  75
851  0.0  0.0  75
852  8.0  -8.0  75
853  0.0  0.0  75
854  8.0  -8.0  75
855  0.0  0.0  75
856  8.0  -8.0  75
857  0.0  0.0  75
858  8.0  -8.0  75
859  0.0  0.0  75
860  8.0  -8.0  75
861  0.0  0.0  75
862  8.0  -8.0  75
863  0.0  0.0  75
864  0.0  0.0  75
865  0.0  0.0  75
866  0.0  0.0  75
867  8.0  -8.0  75
868  8.0  -8.0  75
869  8.0  -8.0  75
870  0.0  0.0  75
871  0.0  0.0  75
872  0.0  0.0  75
873  0.0  0.0  75
874  0.0  0.0  75
875  0.0  0.0  75
876  0.0  0.0  75
877  0.0  0.0  75
878  0.0  0.0  75
879  0.0  0.0  75
880  0.0  0.0  75
881  0.0  0.0  75
882  0.0  0.0  75
883  0.0  0.0  75
884  0.0  0.0  75
885  8.0  -8.0  75
886  0.0  0.0  75
887  0.0  0.0  75
888  0.0  0.0  75
889  0.0  0.0  75
890  8.0  -8.0  75
891  0.0  0.0  75
892  0.0  0.0  75
893  0.0  0.0  75
894  8.0  -8.0  75
895  0.0  0.0  75
896  0.0  0.0  75
897  8.0  -8.0  75
898  0.0  0.0  75
899  0.0  0.0  75
900  0.0  0.0  75
901  0.0  0.0  75
902  0.0  0.0  75
903  0.0  0.0  75
904  0.0  0.0  75
905  0.0  0.0  75
906  0.0  0.0  75
907  0.0  0.0  75
908  0.0  0.0  75
909  0.0  0.0  75
910  0.0  0.0  75
911  0.0  0.0  75
912  8.0  -8.0  75
913  0.0  0.0  75
914  8.0  -8.0  75
915  8.0  -8.0  75
916  0.0  0.0  75
917  0.0  0.0  75
918  8.0  -8.0  75
919  8.0  -8.0  75
920  0.0  0.0  75
921  0.0  0.0  75
922  0.0  0.0  75
923  8.0  -8.0  75
924  0.0  0.0  75
925  0.0  0.0  75
926  8.0  -8.0  75
927  0.0  0.0  75
928  8.0  -8.0  75
929  0.0  0.0  75
930  0.0  0.0  75
931  8.0  -8.0  75
932  0.0  0.0  75
933  8.0  -8.0  75
934  0.0  0.0  75
935  0.0  0.0  75
936  8.0  -8.0  75
937  8.0  -8.0  75
938  0.0  0.0  75
939  0.0  0.0  75
940  0.0  0.0  75
941  0.0  0.0  75
942  0.0  0.0  75
943  0.0  0.0  75
944  0.0  0.0  75
945  8.0  -8.0  75
946  0.0  0.0  75
947  0.0  0.0  75
948  8.0  -8.0  75
949  8.0  -8.0  75
950  0.0  0.0  75
951  0.0  0.0  75
952  8.0  -8.0  75
953  8.0  -8.0  75
954  0.0  0.0  75
955  0.0  0.0  75
956  0.0  0.0  75
957  0.0  0.0  75
958  0.0  0.0  75
959  8.0  -8.0  75
960  0.0  0.0  75
961  8.0  -8.0  75
962  0.0  0.0  75
963  0.0  0.0  75
964  0.0  0.0  75
965  8.0  -8.0  75
966  0.0  0.0  75
967  0.0  0.0  75
968  0.0  0.0  75
969  0.0  0.0  75
970  0.0  0.0  75
971  0.0  0.0  75
972  0.0  0.0  75
973  0.0  0.0  75
974  8.0  -8.0  75
975  0.0  0.0  75
976  0.0  0.0  75
977  8.0  -8.0  75
978  0.0  0.0  75
979  0.0  0.0  75
980  0.0  0.0  75
981  8.0  -8.0  75
982  8.0  -8.0  75
983  8.0  -8.0  75
984  0.0  0.0  75
985  0.0  0.0  75
986  0.0  0.0  75
987  0.0  0.0  75
988  0.0  0.0  75
989  8.0  -8.0  75
990  0.0  0.0  75
991  0.0  0.0  75
992  0.0  0.0  75
993  0.0  0.0  75
994  8.0  -8.0  75
995  8.0  -8.0  75
996  0.0  0.0  75
997  0.0  0.0  75
998  8.0  -8.0  75
999  0.0  0.0  75
1000  0.0  0.0  75
1001  0.0  0.0  75
1002  0.0  0.0  75
1003  0.0  0.0  75
1004  8.0  -8.0  75
1005  0.0  0.0  75
1006  0.0  0.0  75
1007  0.0  0.0  75
1008  0.0  0.0  75
1009  0.0  0.0  75
1010  0.0  0.0  75
1011  8.0  -8.0  75
1012  8.0  -8.0  75
1013  8.0  -8.0  75
1014  0.0  0.0  75
1015  8.0  -8.0  75
1016  8.0  -8.0  75
1017  0.0  0.0  75
1018  0.0  0.0  75
1019  0.0  0.0  75
1020  8.0  -8.0  75
1021  0.0  0.0  75
1022  0.0  0.0  75
1023  8.0  -8.0  75
1024  0.0  0.0  75
1025  8.0  -8.0  75
1026  0.0  0.0  75
1027  0.0  0.0  75
1028  0.0  0.0  75
1029  0.0  0.0  75
1030  0.0  0.0  75
1031  8.0  -8.0  75
1032  0.0  0.0  75
1033  0.0  0.0  75
1034  8.0  -8.0  75
1035  0.0  0.0  75
1036  0.0  0.0  75
1037  8.0  -8.0  75
1038  8.0  -8.0  75
1039  0.0  0.0  75
1040  0.0  0.0  75
1041  0.0  0.0  75
1042  0.0  0.0  75
1043  8.0  -8.0  75
1044  0.0  0.0  75
1045  0.0  0.0  75
1046  0.0  0.0  75
1047  8.0  -8.0  75
1048  0.0  0.0  75
1049  8.0  -8.0  75
1050  0.0  0.0  75
1051  0.0  0.0  75
1052  8.0  -8.0  75
1053  8.0  -8.0  75
1054  0.0  0.0  75
1055  0.0  0.0  75
1056  0.0  0.0  75
1057  0.0  0.0  75
1058  0.0  0.0  75
1059  8.0  -8.0  75
1060  8.0  -8.0  75
1061  0.0  0.0  75
1062  0.0  0.0  75
1063  0.0  0.0  75
1064  8.0  -8.0  75
1065  0.0  0.0  75
1066  0.0  0.0  75
1067  0.0  0.0  75
1068  0.0  0.0  75
1069  0.0  0.0  75
1070  8.0  -8.0  75
1071  0.0  0.0  75
1072  8.0  -8.0  75
1073  0.0  0.0  75
1074  0.0  0.0  75
1075  0.0  0.0  75
1076  8.0  -8.0  75
1077  0.0  0.0  75
1078  8.0  -8.0  75
1079  0.0  0.0  75
1080  0.0  0.0  75
1081  0.0  0.0  75
1082  0.0  0.0  75
1083  0.0  0.0  75
1084  0.0  0.0  75
1085  0.0  0.0  75
1086  8.0  -8.0  75
1087  0.0  0.0  75
1088  0.0  0.0  75
1089  0.0  0.0  75
1090  0.0  0.0  75
1091  0.0  0.0  75
1092  8.0  -8.0  75
1093  0.0  0.0  75
1094  0.0  0.0  75
1095  0.0  0.0  75
1096  8.0  -8.0  75
1097  0.0  0.0  75
1098  0.0  0.0  75
1099  0.0  0.0  75
1100  8.0  -8.0  75
1101  0.0  0.0  75
1102  0.0  0.0  75
1103  0.0  0.0  75
1104  8.0  -8.0  75
1105  0.0  0.0  75
1106  0.0  0.0  75
1107  8.0  -8.0  75
1108  8.0  -8.0  75
1109  0.0  0.0  75
1110  0.0  0.0  75
1111  0.0  0.0  75
1112  0.0  0.0  75
1113  0.0  0.0  75
1114  8.0  -8.0  75
1115  8.0  -8.0  75
1116  0.0  0.0  75
1117  0.0  0.0  75
1118  8.0  -8.0  75
1119  8.0  -8.0  75
1120  0.0  0.0  75
1121  0.0  0.0  75
1122  8.0  -8.0  75
1123  0.0  0.0  75
1124  0.0  0.0  75
1125  8.0  -8.0  75
1126  0.0  0.0  75
1127  0.0  0.0  75
1128  0.0  0.0  75
1129  0.0  0.0  75
1130  0.0  0.0  75
1131  0.0  0.0  75
1132  0.0  0.0  75
1133  0.0  0.0  75
1134  8.0  -8.0  75
1135  8.0  -8.0  75
1136  0.0  0.0  75
1137  0.0  0.0  75
1138  0.0  0.0  75
1139  8.0  -8.0  75
1140  0.0  0.0  75
1141  8.0  -8.0  75
1142  0.0  0.0  75
1143  0.0  0.0  75
1144  8.0  -8.0  75
1145  0.0  0.0  75
1146  8.0  -8.0  75
1147  8.0  -8.0  75
1148  8.0  -8.0  75
1149  0.0  0.0  75
1150  0.0  0.0  75
1151  0.0  0.0  75
1152  0.0  0.0  75
1153  0.0  0.0  75
1154  0.0  0.0  75
1155  0.0  0.0  75
1156  0.0  0.0  75
1157  0.0  0.0  75
1158  0.0  0.0  75
1159  8.0  -8.0  75
1160  0.0  0.0  75
1161  0.0  0.0  75
1162  8.0  -8.0  75
1163  0.0  0.0  75
1164  0.0  0.0  75
1165  0.0  0.0  75
1166  8.0  -8.0  75
1167  8.0  -8.0  75
1168  0.0  0.0  75
1169  8.0  -8.0  75
1170  0.0  0.0  75
1171  8.0  -8.0  75
1172  0.0  0.0  75
1173  0.0  0.0  75
1174  8.0  -8.0  75
1175  8.0  -8.0  75
1176  0.0  0.0  75
1177  0.0  0.0  75
1178  8.0  -8.0  75
1179  0.0  0.0  75
1180  0.0  0.0  75
1181  0.0  0.0  75
1182  0.0  0.0  75
1183  0.0  0.0  75
1184  0.0  0.0  75
1185  0.0  0.0  75
1186  0.0  0.0  75
1187  0.0  0.0  75
1188  0.0  0.0  75
1189  0.0  0.0  75
1190  0.0  0.0  75
1191  0.0  0.0  75
1192  0.0  0.0  75
1193  0.0  0.0  75
1194  0.0  0.0  75
1195  0.0  0.0  75
1196  0.0  0.0  75
1197  8.0  -8.0  75
1198  0.0  0.0  75
1199  0.0  0.0  75
1200  0.0  0.0  75
1201  0.0  0.0  75
1202  0.0  0.0  75
1203  0.0  0.0  75
1204  0.0  0.0  75
1205  0.0  0.0  75
1206  0.0  0.0  75
1207  0.0  0.0  75
1208  0.0  0.0  75
1209  0.0  0.0  75
1210  0.0  0.0  75
1211  8.0  -8.0  75
1212  0.0  0.0  75
1213  0.0  0.0  75
1214  0.0  0.0  75
1215  0.0  0.0  75
1216  0.0  0.0  75
1217  0.0  0.0  75
1218  0.0  0.0  75
1219  8.0  -8.0  75
1220  0.0  0.0  75
1221  0.0  0.0  75
1222  0.0  0.0  75
1223  0.0  0.0  75
1224  0.0  0.0  75
1225  8.0  -8.0  75
1226  0.0  0.0  75
1227  0.0  0.0  75
1228  8.0  -8.0  75
1229  0.0  0.0  75
1230  8.0  -8.0  75
1231  0.0  0.0  75
1232  0.0  0.0  75
1233  0.0  0.0  75
1234  0.0  0.0  75
1235  0.0  0.0  75
1236  0.0  0.0  75
1237  0.0  0.0  75
1238  0.0  0.0  75
1239  0.0  0.0  75
1240  0.0  0.0  75
1241  8.0  -8.0  75
1242  0.0  0.0  75
1243  0.0  0.0  75
1244  0.0  0.0  75
1245  8.0  -8.0  75
1246  0.0  0.0  75
1247  0.0  0.0  75
1248  8.0  -8.0  75
1249  8.0  -8.0  75
1250  0.0  0.0  75
1251  0.0  0.0  75
1252  8.0  -8.0  75
1253  0.0  0.0  75
1254  0.0  0.0  75
1255  0.0  0.0  75
1256  8.0  -8.0  75
1257  0.0  0.0  75
1258  0.0  0.0  75
1259  0.0  0.0  75
1260  0.0  0.0  75
1261  0.0  0.0  75
1262  0.0  0.0  75
1263  8.0  -8.0  75
1264  8.0  -8.0  75
1265  0.0  0.0  75
1266  0.0  0.0  75
1267  8.0  -8.0  75
1268  0.0  0.0  75
1269  0.0  0.0  75
1270  8.0  -8.0  75
1271  0.0  0.0  75
1272  0.0  0.0  75
1273  8.0  -8.0  75
1274  0.0  0.0  75
1275  8.0  -8.0  75
1276  8.0  -8.0  75
1277  8.0  -8.0  75
1278  8.0  -8.0  75
1279  8.0  -8.0  75
1280  0.0  0.0  75
1281  0.0  0.0  75
1282  0.0  0.0  75
1283  0.0  0.0  75
1284  0.0  0.0  75
1285  0.0  0.0  75
1286  0.0  0.0  75
1287  8.0  -8.0  75
1288  0.0  0.0  75
1289  8.0  -8.0  75
1290  0.0  0.0  75
1291  0.0  0.0  75
1292  0.0  0.0  75
1293  0.0  0.0  75
1294  0.0  0.0  75
1295  8.0  -8.0  75
1296  8.0  -8.0  75
1297  0.0  0.0  75
1298  0.0  0.0  75
1299  0.0  0.0  75
1300  0.0  0.0  75
1301  0.0  0.0  75
1302  8.0  -8.0  75
1303  8.0  -8.0  75
1304  0.0  0.0  75
1305  0.0  0.0  75
1306  0.0  0.0  75
1307  0.0  0.0  75
1308  8.0  -8.0  75
1309  0.0  0.0  75
1310  8.0  -8.0  75
1311  0.0  0.0  75
1312  0.0  0.0  75
1313  8.0  -8.0  75
1314  0.0  0.0  75
1315  8.0  -8.0  75
1316  0.0  0.0  75
1317  8.0  -8.0  75
1318  0.0  0.0  75
1319  0.0  0.0  75
1320  0.0  0.0  75
1321  8.0  -8.0  75
1322  0.0  0.0  75
1323  8.0  -8.0  75
1324  8.0  -8.0  75
1325  0.0  0.0  75
1326  0.0  0.0  75
1327  0.0  0.0  75
1328  8.0  -8.0  75
1329  8.0  -8.0  75
1330  0.0  0.0  75
1331  0.0  0.0  75
1332  8.0  -8.0  75
1333  8.0  -8.0  75
1334  8.0  -8.0  75
1335  0.0  0.0  75
1336  8.0  -8.0  75
1337  0.0  0.0  75
1338  0.0  0.0  75
1339  0.0  0.0  75
1340  0.0  0.0  75
1341  0.0  0.0  75
1342  0.0  0.0  75
1343  8.0  -8.0  75
1344  0.0  0.0  75
1345  8.0  -8.0  75
1346  0.0  0.0  75
1347  0.0  0.0  75
1348  0.0  0.0  75
1349  0.0  0.0  75
1350  0.0  0.0  75
1351  0.0  0.0  75
1352  0.0  0.0  75
1353  0.0  0.0  75
1354  0.0  0.0  75
1355  0.0  0.0  75
1356  0.0  0.0  75
1357  0.0  0.0  75
1358  0.0  0.0  75
1359  8.0  -8.0  75
1360  8.0  -8.0  75
1361  0.0  0.0  75
1362  0.0  0.0  75
1363  0.0  0.0  75
1364  0.0  0.0  75
1365  0.0  0.0  75
1366  0.0  0.0  75
1367  8.0  -8.0  75
1368  0.0  0.0  75
1369  8.0  -8.0  75
1370  0.0  0.0  75
1371  0.0  0.0  75
1372  0.0  0.0  75
1373  0.0  0.0  75
1374  0.0  0.0  75
1375  0.0  0.0  75
1376  0.0  0.0  75
1377  0.0  0.0  75
1378  0.0  0.0  75
1379  0.0  0.0  75
1380  0.0  0.0  75
1381  0.0  0.0  75
1382  0.0  0.0  75
1383  8.0  -8.0  75
1384  0.0  0.0  75
1385  8.0  -8.0  75
1386  0.0  0.0  75
1387  0.0  0.0  75
1388  0.0  0.0  75
1389  0.0  0.0  75
1390  0.0  0.0  75
1391  0.0  0.0  75
1392  0.0  0.0  75
1393  8.0  -8.0  75
1394  0.0  0.0  75
1395  0.0  0.0  75
1396  8.0  -8.0  75
1397  0.0  0.0  75
1398  0.0  0.0  75
1399  8.0  -8.0  75
1400  8.0  -8.0  75
1401  8.0  -8.0  75
1402  0.0  0.0  75
1403  0.0  0.0  75
1404  0.0  0.0  75
1405  0.0  0.0  75
1406  8.0  -8.0  75
1407  0.0  0.0  75
1408  8.0  -8.0  75
1409  8.0  -8.0  75
1410  0.0  0.0  75
1411  8.0  -8.0  75
1412  0.0  0.0  75
1413  0.0  0.0  75
1414  0.0  0.0  75
1415  8.0  -8.0  75
1416  8.0  -8.0  75
1417  0.0  0.0  75
1418  0.0  0.0  75
1419  0.0  0.0  75
1420  0.0  0.0  75
1421  0.0  0.0  75
1422  0.0  0.0  75
1423  0.0  0.0  75
1424  0.0  0.0  75
1425  0.0  0.0  75
1426  0.0  0.0  75
1427  0.0  0.0  75
1428  8.0  -8.0  75
1429  8.0  -8.0  75
1430  0.0  0.0  75
1431  8.0  -8.0  75
1432  0.0  0.0  75
1433  0.0  0.0  75
1434  0.0  0.0  75
1435  0.0  0.0  75
1436  0.0  0.0  75
1437  0.0  0.0  75
1438  0.0  0.0  75
1439  0.0  0.0  75
1440  0.0  0.0  75
1441  0.0  0.0  75
1442  0.0  0.0  75
1443  0.0  0.0  75
1444  8.0  -8.0  75
1445  0.0  0.0  75
1446  8.0  -8.0  75
1447  8.0  -8.0  75
1448  8.0  -8.0  75
1449  0.0  0.0  75
1450  0.0  0.0  75
1451  0.0  0.0  75
1452  0.0  0.0  75
1453  0.0  0.0  75
1454  0.0  0.0  75
1455  0.0  0.0  75
1456  0.0  0.0  75
1457  8.0  -8.0  75
1458  0.0  0.0  75
1459  8.0  -8.0  75
1460  0.0  0.0  75
1461  0.0  0.0  75
1462  0.0  0.0  75
1463  8.0  -8.0  75
1464  0.0  0.0  75
1465  8.0  -8.0  75
1466  8.0  -8.0  75
1467  8.0  -8.0  75
1468  8.0  -8.0  75
1469  0.0  0.0  75
1470  0.0  0.0  75
1471  0.0  0.0  75
1472  0.0  0.0  75
1473  0.0  0.0  75
1474  0.0  0.0  75
1475  0.0  0.0  75
1476  0.0  0.0  75
1477  0.0  0.0  75
1478  0.0  0.0  75
1479  0.0  0.0  75
1480  0.0  0.0  75
1481  0.0  0.0  75
1482  8.0  -8.0  75
1483  0.0  0.0  75
1484  0.0  0.0  75
1485  8.0  -8.0  75
1486  8.0  -8.0  75
1487  8.0  -8.0  75
1488  0.0  0.0  75
1489  8.0  -8.0  75
1490  0.0  0.0  75
1491  0.0  0.0  75
1492  0.0  0.0  75
1493  8.0  -8.0  75
1494  0.0  0.0  75
1495  0.0  0.0  75
1496  0.0  0.0  75
1497  0.0  0.0  75
1498  0.0  0.0  75
1499  0.0  0.0  75
1500  0.0  0.0  75
1501  0.0  0.0  75
1502  0.0  0.0  75
1503  8.0  -8.0  75
1504  0.0  0.0  75
1505  0.0  0.0  75
1506  8.0  -8.0  75
1507  0.0  0.0  75
1508  8.0  -8.0  75
1509  8.0  -8.0  75
1510  0.0  0.0  75
1511  0.0  0.0  75
1512  0.0  0.0  75
1513  8.0  -8.0  75
1514  0.0  0.0  75
1515  8.0  -8.0  75
1516  0.0  0.0  75
1517  0.0  0.0  75
1518  8.0  -8.0  75
1519  0.0  0.0  75
1520  0.0  0.0  75
1521  0.0  0.0  75
1522  0.0  0.0  75
1523  0.0  0.0  75
1524  0.0  0.0  75
1525  0.0  0.0  75
1526  8.0  -8.0  75
1527  0.0  0.0  75
1528  0.0  0.0  75
1529  8.0  -8.0  75
1530  0.0  0.0  75
1531  0.0  0.0  75
1532  0.0  0.0  75
1533  0.0  0.0  75
1534  0.0  0.0  75
1535  0.0  0.0  75
1536  0.0  0.0  75
1537  0.0  0.0  75
1538  8.0  -8.0  75
1539  8.0  -8.0  75
1540  8.0  -8.0  75
1541  0.0  0.0  75
1542  0.0  0.0  75
1543  8.0  -8.0  75
1544  0.0  0.0  75
1545  0.0  0.0  75
1546  8.0  -8.0  75
1547  8.0  -8.0  75
1548  0.0  0.0  75
1549  8.0  -8.0  75
1550  8.0  -8.0  75
1551  0.0  0.0  75
1552  0.0  0.0  75
1553  0.0  0.0  75
1554  0.0  0.0  75
1555  0.0  0.0  75
1556  0.0  0.0  75
1557  0.0  0.0  75
1558  0.0  0.0  75
1559  0.0  0.0  75
1560  8.0  -8.0  75
1561  0.0  0.0  75
1562  8.0  -8.0  75
1563  0.0  0.0  75
1564  0.0  0.0  75
1565  8.0  -8.0  75
1566  0.0  0.0  75
1567  0.0  0.0  75
1568  8.0  -8.0  75
1569  8.0  -8.0  75
1570  0.0  0.0  75
1571  0.0  0.0  75
1572  0.0  0.0  75
1573  0.0  0.0  75
1574  0.0  0.0  75
1575  0.0  0.0  75
1576  8.0  -8.0  75
1577  0.0  0.0  75
1578  0.0  0.0  75
1579  0.0  0.0  75
1580  0.0  0.0  75
1581  0.0  0.0  75
1582  0.0  0.0  75
1583  0.0  0.0  75
1584  0.0  0.0  75
1585  0.0  0.0  75
1586  0.0  0.0  75
1587  8.0  -8.0  75
1588  8.0  -8.0  75
1589  0.0  0.0  75
1590  0.0  0.0  75
1591  8.0  -8.0  75
1592  0.0  0.0  75
1593  0.0  0.0  75
1594  0.0  0.0  75
1595  0.0  0.0  75
1596  8.0  -8.0  75
1597  0.0  0.0  75
1598  8.0  -8.0  75
1599  0.0  0.0  75
1600  0.0  0.0  75
1601  0.0  0.0  75
1602  0.0  0.0  75
1603  0.0  0.0  75
1604  0.0  0.0  75
1605  8.0  -8.0  75
1606  0.0  0.0  75
1607  8.0  -8.0  75
1608  0.0  0.0  75
1609  0.0  0.0  75
1610  0.0  0.0  75
1611  0.0  0.0  75
1612  8.0  -8.0  75
1613  0.0  0.0  75
1614  0.0  0.0  75
1615  0.0  0.0  75
1616  0.0  0.0  75
1617  0.0  0.0  75
1618  0.0  0.0  75
1619  0.0  0.0  75
1620  0.0  0.0  75
1621  0.0  0.0  75
1622  0.0  0.0  75
1623  0.0  0.0  75
1624  0.0  0.0  75
1625  0.0  0.0  75
1626  0.0  0.0  75
1627  0.0  0.0  75
1628  0.0  0.0  75
1629  0.0  0.0  75
1630  0.0  0.0  75
1631  0.0  0.0  75
1632  0.0  0.0  75
1633  0.0  0.0  75
1634  0.0  0.0  75
1635  0.0  0.0  75
1636  0.0  0.0  75
1637  8.0  -8.0  75
1638  8.0  -8.0  75
1639  8.0  -8.0  75
1640  8.0  -8.0  75
1641  8.0  -8.0  75
1642  0.0  0.0  75
1643  8.0  -8.0  75
1644  0.0  0.0  75
1645  0.0  0.0  75
1646  0.0  0.0  75
1647  8.0  -8.0  75
1648  0.0  0.0  75
1649  0.0  0.0  75
1650  0.0  0.0  75
1651  0.0  0.0  75
1652  0.0  0.0  75
1653  0.0  0.0  75
1654  0.0  0.0  75
1655  0.0  0.0  75
1656  8.0  -8.0  75
1657  0.0  0.0  75
1658  0.0  0.0  75
1659  0.0  0.0  75
1660  0.0  0.0  75
1661  0.0  0.0  75
1662  8.0  -8.0  75
1663  8.0  -8.0  75
1664  0.0  0.0  75
1665  8.0  -8.0  75
1666  0.0  0.0  75
1667  0.0  0.0  75
1668  8.0  -8.0  75
1669  8.0  -8.0  75
1670  0.0  0.0  75
1671  0.0  0.0  75
1672  0.0  0.0  75
1673  8.0  -8.0  75
1674  0.0  0.0  75
1675  0.0  0.0  75
1676  0.0  0.0  75
1677  0.0  0.0  75
1678  0.0  0.0  75
1679  0.0  0.0  75
1680  0.0  0.0  75
1681  8.0  -8.0  75
1682  0.0  0.0  75
1683  8.0  -8.0  75
1684  0.0  0.0  75
1685  8.0  -8.0  75
1686  8.0  -8.0  75
1687  0.0  0.0  75
1688  0.0  0.0  75
1689  0.0  0.0  75
1690  8.0  -8.0  75
1691  0.0  0.0  75
1692  0.0  0.0  75
1693  0.0  0.0  75
1694  8.0  -8.0  75
1695  8.0  -8.0  75
1696  8.0  -8.0  75
1697  0.0  0.0  75
1698  8.0  -8.0  75
1699  8.0  -8.0  75
1700  0.0  0.0  75
1701  0.0  0.0  75
1702  8.0  -8.0  75
1703  8.0  -8.0  75
1704  0.0  0.0  75
1705  8.0  -8.0  75
1706  0.0  0.0  75
1707  8.0  -8.0  75
1708  0.0  0.0  75
1709  8.0  -8.0  75
1710  8.0  -8.0  75
1711  0.0  0.0  75
1712  0.0  0.0  75
1713  0.0  0.0  75
1714  8.0  -8.0  75
1715  0.0  0.0  75
1716  0.0  0.0  75
1717  0.0  0.0  75
1718  0.0  0.0  75
1719  0.0  0.0  75
1720  0.0  0.0  75
1721  0.0  0.0  75
1722  0.0  0.0  75
1723  0.0  0.0  75
1724  0.0  0.0  75
1725  0.0  0.0  75
1726  0.0  0.0  75
1727  0.0  0.0  75
1728  0.0  0.0  75
1729  0.0  0.0  75
1730  0.0  0.0  75
1731  0.0  0.0  75
1732  0.0  0.0  75
1733  0.0  0.0  75
1734  0.0  0.0  75
1735  0.0  0.0  75
1736  0.0  0.0  75
1737  0.0  0.0  75
1738  8.0  -8.0  75
1739  8.0  -8.0  75
1740  8.0  -8.0  75
1741  0.0  0.0  75
1742  0.0  0.0  75
1743  0.0  0.0  75
1744  0.0  0.0  75
1745  0.0  0.0  75
1746  0.0  0.0  75
1747  0.0  0.0  75
1748  8.0  -8.0  75
1749  0.0  0.0  75
1750  8.0  -8.0  75
1751  8.0  -8.0  75
1752  0.0  0.0  75
1753  8.0  -8.0  75
1754  8.0  -8.0  75
1755  0.0  0.0  75
1756  0.0  0.0  75
1757  8.0  -8.0  75
1758  0.0  0.0  75
1759  0.0  0.0  75
1760  0.0  0.0  75
