0  -2.0  2.0  100
1  0.0  0.0  100
2  -2.0  2.0  100
3  -4.0  4.0  100
4  -16.0  26.0  17
5  0.0  0.0  100
6  -6.0  6.0  100
7  0.0  0.0  100
8  -6.0  6.0  100
9  -2.0  2.0  100
10  -2.0  2.0  100
11  -16.0  26.0  24
12  16.0  -16.0  41
13  18.0  -18.0  41
14  -6.0  6.0  100
15  16.0  -16.0  41
16  -16.0  26.0  17
17  -2.0  2.0  100
18  0.0  0.0  100
19  -2.0  2.0  100
20  -4.0  4.0  100
21  18.0  -18.0  41
22  -6.0  6.0  100
23  -16.0  26.0  39
24  16.0  -16.0  41
25  -4.0  4.0  100
26  0.0  0.0  100
27  16.0  -16.0  41
28  0.0  0.0  100
29  -16.0  26.0  28
30  -6.0  6.0  100
31  -2.0  2.0  100
32  0.0  0.0  100
33  18.0  -18.0  41
34  16.0  -16.0  41
35  0.0  0.0  100
36  -6.0  6.0  100
37  0.0  0.0  100
38  -2.0  2.0  100
39  0.0  0.0  100
40  0.0  0.0  100
41  -16.0  26.0  68
42  20.0  -20.0  41
43  16.0  -16.0  41
44  0.0  0.0  100
45  16.0  -16.0  41
46  0.0  0.0  100
47  0.0  0.0  100
48  0.0  0.0  100
49  -4.0  4.0  100
50  -6.0  6.0  100
51  -4.0  4.0  100
52  -4.0  4.0  100
53  -4.0  4.0  100
