0  20.0  -20.0  46
1  0.0  0.0  100
2  0.0  0.0  100
3  -2.0  2.0  100
4  0.0  0.0  100
5  0.0  0.0  100
6  0.0  0.0  100
7  -2.0  2.0  100
8  0.0  0.0  100
9  0.0  0.0  100
10  20.0  -20.0  46
11  20.0  -20.0  46
12  0.0  0.0  100
13  0.0  0.0  100
14  0.0  0.0  100
15  0.0  0.0  100
16  0.0  0.0  100
17  0.0  0.0  100
18  20.0  -20.0  46
19  0.0  0.0  100
20  20.0  -20.0  46
21  20.0  -20.0  46
22  0.0  0.0  100
23  0.0  0.0  100
24  20.0  -20.0  46
25  0.0  0.0  100
26  0.0  0.0  100
27  0.0  0.0  100
28  0.0  0.0  100
29  0.0  0.0  100
30  0.0  0.0  100
31  0.0  0.0  100
32  20.0  -20.0  46
33  0.0  0.0  100
34  20.0  -20.0  46
35  0.0  0.0  100
36  20.0  -20.0  46
37  20.0  -20.0  46
38  20.0  -20.0  46
39  0.0  0.0  100
40  20.0  -20.0  46
41  20.0  -20.0  46
42  0.0  0.0  100
43  -2.0  2.0  100
44  0.0  0.0  100
45  0.0  0.0  100
46  0.0  0.0  100
47  0.0  0.0  100
48  -2.0  2.0  100
49  0.0  0.0  100
50  0.0  0.0  100
51  0.0  0.0  100
52  0.0  0.0  100
53  -2.0  2.0  100
54  0.0  0.0  100
55  20.0  -20.0  46
56  20.0  -20.0  46
57  0.0  0.0  100
