0  0.0  0.0  100
1  -6.0  6.0  100
2  -6.0  6.0  100
3  -2.0  2.0  100
4  0.0  0.0  100
5  -6.0  6.0  100
6  0.0  0.0  100
7  -6.0  6.0  100
8  -6.0  6.0  100
9  0.0  0.0  100
10  -6.0  6.0  100
11  -6.0  6.0  100
12  0.0  0.0  100
13  0.0  0.0  100
14  0.0  0.0  100
15  -2.0  2.0  100
16  -6.0  6.0  100
17  0.0  0.0  100
18  -6.0  6.0  100
19  0.0  0.0  100
20  -6.0  6.0  100
21  0.0  0.0  100
22  -6.0  6.0  100
23  0.0  0.0  100
24  0.0  0.0  100
25  -6.0  6.0  100
26  -6.0  6.0  100
27  0.0  0.0  100
28  0.0  0.0  100
29  -6.0  6.0  100
30  0.0  0.0  100
31  -6.0  6.0  100
32  0.0  0.0  100
33  -6.0  6.0  100
34  0.0  0.0  100
35  0.0  0.0  100
36  0.0  0.0  100
37  -6.0  6.0  100
38  -2.0  2.0  100
39  -6.0  6.0  100
40  -6.0  6.0  100
41  0.0  0.0  100
42  -2.0  2.0  100
43  0.0  0.0  100
44  -4.0  4.0  100
45  -6.0  6.0  100
46  0.0  0.0  100
47  0.0  0.0  100
48  0.0  0.0  100
49  0.0  0.0  100
50  0.0  0.0  100
51  0.0  0.0  100
52  0.0  0.0  100
53  -4.0  4.0  100
54  -6.0  6.0  100
55  -6.0  6.0  100
56  -2.0  2.0  100
57  -4.0  4.0  100
58  0.0  0.0  100
59  -2.0  2.0  100
60  0.0  0.0  100
61  0.0  0.0  100
62  0.0  0.0  100
63  -4.0  4.0  100
64  0.0  0.0  100
65  -6.0  6.0  100
66  0.0  0.0  100
67  0.0  0.0  100
68  0.0  0.0  100
69  -2.0  2.0  100
70  0.0  0.0  100
71  -6.0  6.0  100
72  -6.0  6.0  100
73  -6.0  6.0  100
74  -2.0  2.0  100
75  -6.0  6.0  100
76  -6.0  6.0  100
77  0.0  0.0  100
78  -4.0  4.0  100
79  -6.0  6.0  100
80  -6.0  6.0  100
81  -6.0  6.0  100
82  -6.0  6.0  100
83  0.0  0.0  100
84  0.0  0.0  100
85  -6.0  6.0  100
86  -6.0  6.0  100
87  0.0  0.0  100
88  -2.0  2.0  100
89  -6.0  6.0  100
90  -6.0  6.0  100
91  -6.0  6.0  100
92  -6.0  6.0  100
93  0.0  0.0  100
94  0.0  0.0  100
95  -2.0  2.0  100
96  -6.0  6.0  100
97  -2.0  2.0  100
98  20.0  -20.0  42
99  -6.0  6.0  100
100  20.0  -20.0  42
101  0.0  0.0  100
102  0.0  0.0  100
103  -6.0  6.0  100
104  0.0  0.0  100
105  -6.0  6.0  100
106  0.0  0.0  100
107  0.0  0.0  100
108  -4.0  4.0  100
109  -2.0  2.0  100
110  -2.0  2.0  100
111  -6.0  6.0  100
112  -6.0  6.0  100
113  -6.0  6.0  100
114  0.0  0.0  100
115  -6.0  6.0  100
116  -6.0  6.0  100
117  0.0  0.0  100
118  -6.0  6.0  100
119  -6.0  6.0  100
120  0.0  0.0  100
121  -4.0  4.0  100
122  0.0  0.0  100
123  -2.0  2.0  100
124  0.0  0.0  100
125  0.0  0.0  100
126  18.0  -18.0  32
127  -6.0  6.0  100
128  -2.0  2.0  100
129  -6.0  6.0  100
130  -2.0  2.0  100
131  -4.0  4.0  100
132  -6.0  6.0  100
133  0.0  0.0  100
134  0.0  0.0  100
135  0.0  0.0  100
136  -6.0  6.0  100
137  -4.0  4.0  100
138  -2.0  2.0  100
139  -6.0  6.0  100
140  -6.0  6.0  100
141  -6.0  6.0  100
142  -6.0  6.0  100
143  -6.0  6.0  100
144  -4.0  4.0  100
145  0.0  0.0  100
146  -4.0  4.0  100
147  0.0  0.0  100
148  -6.0  6.0  100
149  0.0  0.0  100
150  -6.0  6.0  100
151  -4.0  4.0  100
152  20.0  -20.0  42
153  0.0  0.0  100
154  0.0  0.0  100
155  -6.0  6.0  100
156  0.0  0.0  100
157  -6.0  6.0  100
158  -4.0  4.0  100
159  0.0  0.0  100
160  -6.0  6.0  100
161  0.0  0.0  100
162  -6.0  6.0  100
163  0.0  0.0  100
164  -2.0  2.0  100
