0  8.0  -8.0  4
1  8.0  -8.0  4
2  8.0  -8.0  2
3  8.0  -8.0  4
4  0.0  0.0  4
5  8.0  -8.0  4
6  8.0  -8.0  2
7  0.0  0.0  4
8  8.0  -8.0  4
9  0.0  0.0  4
10  0.0  0.0  4
11  0.0  0.0  4
12  0.0  0.0  4
13  0.0  0.0  4
14  8.0  -8.0  2
15  0.0  0.0  4
16  8.0  -8.0  4
17  8.0  -8.0  4
18  8.0  -8.0  2
19  0.0  0.0  4
20  0.0  0.0  4
21  0.0  0.0  4
22  8.0  -8.0  4
23  8.0  -8.0  2
24  8.0  -8.0  2
25  8.0  -8.0  4
26  0.0  0.0  4
27  8.0  -8.0  4
28  8.0  -8.0  2
29  8.0  -8.0  2
30  0.0  0.0  4
31  0.0  0.0  4
32  0.0  0.0  4
33  0.0  0.0  4
34  8.0  -8.0  2
35  8.0  -8.0  4
36  0.0  0.0  4
37  0.0  0.0  4
38  0.0  0.0  4
39  0.0  0.0  4
40  8.0  -8.0  2
41  8.0  -8.0  4
42  0.0  0.0  4
43  0.0  0.0  4
44  0.0  0.0  4
45  8.0  -8.0  4
46  0.0  0.0  4
47  0.0  0.0  4
48  8.0  -8.0  4
49  0.0  0.0  4
50  8.0  -8.0  4
51  0.0  0.0  4
52  8.0  -8.0  4
53  0.0  0.0  4
54  0.0  0.0  4
55  8.0  -8.0  4
56  8.0  -8.0  4
57  0.0  0.0  4
58  0.0  0.0  4
59  8.0  -8.0  2
60  8.0  -8.0  4
61  8.0  -8.0  4
62  8.0  -8.0  4
63  0.0  0.0  4
64  8.0  -8.0  2
65  0.0  0.0  4
66  0.0  0.0  4
67  0.0  0.0  4
68  0.0  0.0  4
69  8.0  -8.0  4
70  8.0  -8.0  4
71  8.0  -8.0  4
72  0.0  0.0  4
73  0.0  0.0  4
74  8.0  -8.0  2
75  0.0  0.0  4
76  0.0  0.0  4
77  0.0  0.0  4
78  8.0  -8.0  2
79  0.0  0.0  4
80  8.0  -8.0  4
81  8.0  -8.0  4
82  8.0  -8.0  2
83  0.0  0.0  4
84  0.0  0.0  4
85  0.0  0.0  4
86  0.0  0.0  4
87  8.0  -8.0  2
88  8.0  -8.0  4
89  0.0  0.0  4
90  8.0  -8.0  4
91  0.0  0.0  4
92  0.0  0.0  4
93  8.0  -8.0  4
94  0.0  0.0  4
95  8.0  -8.0  2
96  0.0  0.0  4
97  0.0  0.0  4
98  0.0  0.0  4
99  0.0  0.0  4
100  8.0  -8.0  2
101  8.0  -8.0  2
102  0.0  0.0  4
103  8.0  -8.0  2
104  8.0  -8.0  2
105  8.0  -8.0  4
106  8.0  -8.0  4
107  8.0  -8.0  2
108  0.0  0.0  4
109  0.0  0.0  4
110  0.0  0.0  4
111  0.0  0.0  4
112  0.0  0.0  4
113  8.0  -8.0  4
114  0.0  0.0  4
115  0.0  0.0  4
116  8.0  -8.0  2
117  0.0  0.0  4
118  8.0  -8.0  4
119  8.0  -8.0  2
120  0.0  0.0  4
121  8.0  -8.0  4
122  0.0  0.0  4
123  0.0  0.0  4
124  8.0  -8.0  4
125  0.0  0.0  4
126  0.0  0.0  4
127  0.0  0.0  4
128  0.0  0.0  4
129  8.0  -8.0  2
130  0.0  0.0  4
131  0.0  0.0  4
132  0.0  0.0  4
133  8.0  -8.0  4
134  8.0  -8.0  4
135  8.0  -8.0  2
136  0.0  0.0  4
137  0.0  0.0  4
138  8.0  -8.0  4
139  8.0  -8.0  4
140  8.0  -8.0  4
141  0.0  0.0  4
142  8.0  -8.0  4
143  8.0  -8.0  2
144  8.0  -8.0  4
145  8.0  -8.0  2
146  0.0  0.0  4
147  8.0  -8.0  2
148  0.0  0.0  4
149  0.0  0.0  4
150  0.0  0.0  4
151  8.0  -8.0  2
152  0.0  0.0  4
153  8.0  -8.0  2
154  0.0  0.0  4
155  8.0  -8.0  4
156  8.0  -8.0  4
157  8.0  -8.0  4
158  0.0  0.0  4
159  8.0  -8.0  4
160  8.0  -8.0  4
161  0.0  0.0  4
162  8.0  -8.0  4
163  8.0  -8.0  4
164  8.0  -8.0  2
165  8.0  -8.0  4
166  0.0  0.0  4
167  8.0  -8.0  4
168  0.0  0.0  4
169  0.0  0.0  4
170  0.0  0.0  4
171  0.0  0.0  4
172  0.0  0.0  4
173  8.0  -8.0  2
174  8.0  -8.0  4
175  8.0  -8.0  2
176  8.0  -8.0  4
177  0.0  0.0  4
178  0.0  0.0  4
179  0.0  0.0  4
180  8.0  -8.0  2
181  8.0  -8.0  4
182  0.0  0.0  4
183  0.0  0.0  4
184  0.0  0.0  4
185  8.0  -8.0  2
186  8.0  -8.0  2
187  0.0  0.0  4
188  8.0  -8.0  4
189  0.0  0.0  4
190  8.0  -8.0  4
191  8.0  -8.0  2
192  8.0  -8.0  4
193  8.0  -8.0  4
194  0.0  0.0  4
195  8.0  -8.0  4
196  0.0  0.0  4
197  8.0  -8.0  4
198  8.0  -8.0  4
199  8.0  -8.0  4
200  8.0  -8.0  4
201  0.0  0.0  4
202  8.0  -8.0  2
203  0.0  0.0  4
204  8.0  -8.0  2
205  0.0  0.0  4
206  0.0  0.0  4
207  0.0  0.0  4
208  8.0  -8.0  4
209  0.0  0.0  4
210  0.0  0.0  4
211  8.0  -8.0  2
212  8.0  -8.0  4
213  0.0  0.0  4
214  0.0  0.0  4
215  0.0  0.0  4
216  8.0  -8.0  2
217  0.0  0.0  4
218  0.0  0.0  4
219  8.0  -8.0  2
220  8.0  -8.0  4
221  8.0  -8.0  4
222  0.0  0.0  4
223  8.0  -8.0  2
224  0.0  0.0  4
225  0.0  0.0  4
226  0.0  0.0  4
227  0.0  0.0  4
228  0.0  0.0  4
229  8.0  -8.0  4
230  0.0  0.0  4
231  8.0  -8.0  4
232  8.0  -8.0  2
233  8.0  -8.0  4
234  8.0  -8.0  4
235  8.0  -8.0  2
236  8.0  -8.0  2
237  8.0  -8.0  4
238  8.0  -8.0  2
239  8.0  -8.0  2
240  0.0  0.0  4
241  8.0  -8.0  2
242  0.0  0.0  4
243  8.0  -8.0  2
244  8.0  -8.0  2
245  8.0  -8.0  4
246  0.0  0.0  4
247  0.0  0.0  4
248  8.0  -8.0  2
249  8.0  -8.0  2
250  0.0  0.0  4
251  0.0  0.0  4
252  0.0  0.0  4
253  0.0  0.0  4
254  8.0  -8.0  4
255  8.0  -8.0  2
256  0.0  0.0  4
257  0.0  0.0  4
258  0.0  0.0  4
259  0.0  0.0  4
260  8.0  -8.0  2
261  0.0  0.0  4
262  8.0  -8.0  4
263  8.0  -8.0  2
264  0.0  0.0  4
265  8.0  -8.0  2
266  8.0  -8.0  2
267  0.0  0.0  4
268  0.0  0.0  4
269  8.0  -8.0  4
270  8.0  -8.0  2
271  8.0  -8.0  4
272  0.0  0.0  4
273  0.0  0.0  4
274  8.0  -8.0  4
275  0.0  0.0  4
276  8.0  -8.0  4
277  0.0  0.0  4
278  8.0  -8.0  2
279  8.0  -8.0  2
280  0.0  0.0  4
281  8.0  -8.0  2
282  0.0  0.0  4
283  0.0  0.0  4
284  8.0  -8.0  4
285  8.0  -8.0  4
286  0.0  0.0  4
287  8.0  -8.0  2
288  0.0  0.0  4
289  0.0  0.0  4
290  0.0  0.0  4
291  8.0  -8.0  4
292  0.0  0.0  4
293  8.0  -8.0  2
294  0.0  0.0  4
295  8.0  -8.0  2
296  0.0  0.0  4
297  0.0  0.0  4
298  0.0  0.0  4
299  0.0  0.0  4
300  8.0  -8.0  4
301  0.0  0.0  4
302  0.0  0.0  4
303  8.0  -8.0  2
304  8.0  -8.0  2
305  0.0  0.0  4
306  0.0  0.0  4
307  0.0  0.0  4
308  8.0  -8.0  2
309  0.0  0.0  4
310  0.0  0.0  4
311  0.0  0.0  4
312  8.0  -8.0  4
313  0.0  0.0  4
314  8.0  -8.0  2
315  8.0  -8.0  2
316  8.0  -8.0  2
317  0.0  0.0  4
318  0.0  0.0  4
319  8.0  -8.0  2
320  8.0  -8.0  4
321  8.0  -8.0  2
322  8.0  -8.0  2
323  0.0  0.0  4
324  8.0  -8.0  2
325  0.0  0.0  4
326  8.0  -8.0  4
327  8.0  -8.0  4
328  0.0  0.0  4
329  0.0  0.0  4
330  0.0  0.0  4
331  0.0  0.0  4
332  8.0  -8.0  2
333  0.0  0.0  4
334  8.0  -8.0  2
335  8.0  -8.0  4
336  8.0  -8.0  4
337  0.0  0.0  4
338  8.0  -8.0  2
339  8.0  -8.0  4
340  8.0  -8.0  4
341  0.0  0.0  4
342  0.0  0.0  4
343  0.0  0.0  4
344  0.0  0.0  4
345  0.0  0.0  4
346  8.0  -8.0  4
347  0.0  0.0  4
348  8.0  -8.0  4
349  8.0  -8.0  4
350  0.0  0.0  4
351  8.0  -8.0  2
352  8.0  -8.0  2
353  8.0  -8.0  2
354  0.0  0.0  4
355  8.0  -8.0  2
356  0.0  0.0  4
357  8.0  -8.0  4
358  0.0  0.0  4
359  8.0  -8.0  2
360  0.0  0.0  4
361  8.0  -8.0  4
362  8.0  -8.0  2
363  8.0  -8.0  4
364  0.0  0.0  4
365  0.0  0.0  4
366  0.0  0.0  4
367  0.0  0.0  4
368  0.0  0.0  4
369  0.0  0.0  4
370  8.0  -8.0  2
371  8.0  -8.0  4
372  0.0  0.0  4
373  0.0  0.0  4
374  8.0  -8.0  2
375  8.0  -8.0  4
376  8.0  -8.0  4
377  8.0  -8.0  2
378  0.0  0.0  4
379  0.0  0.0  4
380  8.0  -8.0  2
381  0.0  0.0  4
382  8.0  -8.0  2
383  0.0  0.0  4
384  0.0  0.0  4
385  8.0  -8.0  4
386  0.0  0.0  4
387  8.0  -8.0  4
388  8.0  -8.0  4
389  8.0  -8.0  4
390  0.0  0.0  4
391  0.0  0.0  4
392  0.0  0.0  4
393  8.0  -8.0  2
394  0.0  0.0  4
395  0.0  0.0  4
396  0.0  0.0  4
397  8.0  -8.0  4
398  0.0  0.0  4
399  0.0  0.0  4
400  8.0  -8.0  4
401  8.0  -8.0  4
402  0.0  0.0  4
403  0.0  0.0  4
404  8.0  -8.0  2
405  0.0  0.0  4
406  8.0  -8.0  2
407  8.0  -8.0  2
408  8.0  -8.0  4
409  8.0  -8.0  4
410  0.0  0.0  4
411  0.0  0.0  4
412  0.0  0.0  4
413  8.0  -8.0  2
414  0.0  0.0  4
415  0.0  0.0  4
416  8.0  -8.0  4
417  0.0  0.0  4
418  8.0  -8.0  4
419  8.0  -8.0  4
420  0.0  0.0  4
421  0.0  0.0  4
422  8.0  -8.0  4
423  0.0  0.0  4
424  8.0  -8.0  2
425  0.0  0.0  4
426  8.0  -8.0  4
427  0.0  0.0  4
428  0.0  0.0  4
429  8.0  -8.0  2
430  0.0  0.0  4
431  0.0  0.0  4
432  0.0  0.0  4
433  8.0  -8.0  2
434  8.0  -8.0  4
435  8.0  -8.0  2
436  8.0  -8.0  2
437  8.0  -8.0  2
438  8.0  -8.0  2
439  8.0  -8.0  2
440  0.0  0.0  4
441  0.0  0.0  4
442  0.0  0.0  4
443  0.0  0.0  4
444  0.0  0.0  4
445  8.0  -8.0  4
446  8.0  -8.0  2
447  8.0  -8.0  4
448  0.0  0.0  4
449  0.0  0.0  4
450  0.0  0.0  4
451  8.0  -8.0  2
452  0.0  0.0  4
453  8.0  -8.0  4
454  0.0  0.0  4
455  0.0  0.0  4
456  8.0  -8.0  4
457  0.0  0.0  4
458  8.0  -8.0  2
459  8.0  -8.0  4
460  8.0  -8.0  4
461  0.0  0.0  4
462  8.0  -8.0  2
463  8.0  -8.0  4
464  8.0  -8.0  2
465  0.0  0.0  4
466  8.0  -8.0  4
467  0.0  0.0  4
468  0.0  0.0  4
469  0.0  0.0  4
470  8.0  -8.0  4
471  0.0  0.0  4
472  0.0  0.0  4
473  8.0  -8.0  2
474  8.0  -8.0  4
475  0.0  0.0  4
476  8.0  -8.0  4
477  0.0  0.0  4
478  8.0  -8.0  4
479  8.0  -8.0  4
480  8.0  -8.0  4
481  8.0  -8.0  2
482  0.0  0.0  4
483  8.0  -8.0  4
484  0.0  0.0  4
485  8.0  -8.0  4
486  0.0  0.0  4
487  8.0  -8.0  2
488  0.0  0.0  4
489  8.0  -8.0  4
490  0.0  0.0  4
491  8.0  -8.0  4
492  8.0  -8.0  4
493  8.0  -8.0  4
494  0.0  0.0  4
495  0.0  0.0  4
496  0.0  0.0  4
497  0.0  0.0  4
498  0.0  0.0  4
499  8.0  -8.0  2
500  8.0  -8.0  4
501  8.0  -8.0  2
502  0.0  0.0  4
503  0.0  0.0  4
504  8.0  -8.0  4
505  8.0  -8.0  2
506  8.0  -8.0  2
507  8.0  -8.0  2
508  0.0  0.0  4
509  8.0  -8.0  4
510  0.0  0.0  4
511  0.0  0.0  4
512  0.0  0.0  4
513  8.0  -8.0  4
514  8.0  -8.0  4
515  0.0  0.0  4
516  0.0  0.0  4
517  8.0  -8.0  2
518  8.0  -8.0  2
519  8.0  -8.0  4
520  0.0  0.0  4
521  0.0  0.0  4
522  0.0  0.0  4
523  0.0  0.0  4
524  0.0  0.0  4
525  0.0  0.0  4
526  8.0  -8.0  4
527  8.0  -8.0  4
528  8.0  -8.0  2
529  8.0  -8.0  2
530  0.0  0.0  4
531  0.0  0.0  4
532  8.0  -8.0  2
533  0.0  0.0  4
534  0.0  0.0  4
535  0.0  0.0  4
536  0.0  0.0  4
537  0.0  0.0  4
538  8.0  -8.0  2
539  8.0  -8.0  4
540  8.0  -8.0  2
541  8.0  -8.0  4
542  8.0  -8.0  4
543  0.0  0.0  4
544  8.0  -8.0  4
545  0.0  0.0  4
546  8.0  -8.0  4
547  0.0  0.0  4
548  8.0  -8.0  2
549  8.0  -8.0  2
550  0.0  0.0  4
551  8.0  -8.0  2
552  0.0  0.0  4
553  0.0  0.0  4
554  0.0  0.0  4
555  8.0  -8.0  4
556  8.0  -8.0  2
557  8.0  -8.0  2
558  0.0  0.0  4
559  8.0  -8.0  4
560  8.0  -8.0  2
561  0.0  0.0  4
562  0.0  0.0  4
563  8.0  -8.0  2
564  0.0  0.0  4
565  0.0  0.0  4
566  8.0  -8.0  2
567  8.0  -8.0  2
568  0.0  0.0  4
569  0.0  0.0  4
570  8.0  -8.0  2
571  0.0  0.0  4
572  0.0  0.0  4
573  8.0  -8.0  4
574  0.0  0.0  4
575  8.0  -8.0  2
576  0.0  0.0  4
577  8.0  -8.0  4
578  0.0  0.0  4
579  8.0  -8.0  2
580  0.0  0.0  4
581  8.0  -8.0  2
582  8.0  -8.0  4
583  0.0  0.0  4
584  0.0  0.0  4
585  8.0  -8.0  4
586  0.0  0.0  4
587  0.0  0.0  4
588  8.0  -8.0  2
589  8.0  -8.0  4
590  8.0  -8.0  4
591  0.0  0.0  4
592  8.0  -8.0  2
593  0.0  0.0  4
594  8.0  -8.0  2
595  0.0  0.0  4
596  0.0  0.0  4
597  8.0  -8.0  2
598  8.0  -8.0  4
599  8.0  -8.0  4
600  0.0  0.0  4
601  8.0  -8.0  2
602  0.0  0.0  4
603  0.0  0.0  4
604  0.0  0.0  4
605  0.0  0.0  4
606  0.0  0.0  4
607  8.0  -8.0  2
608  0.0  0.0  4
609  0.0  0.0  4
610  0.0  0.0  4
611  8.0  -8.0  2
612  0.0  0.0  4
613  0.0  0.0  4
614  0.0  0.0  4
615  0.0  0.0  4
616  8.0  -8.0  4
617  8.0  -8.0  2
618  0.0  0.0  4
619  8.0  -8.0  4
620  8.0  -8.0  4
621  0.0  0.0  4
622  8.0  -8.0  4
623  0.0  0.0  4
624  0.0  0.0  4
625  8.0  -8.0  2
626  0.0  0.0  4
627  0.0  0.0  4
628  8.0  -8.0  4
629  8.0  -8.0  2
630  8.0  -8.0  2
631  8.0  -8.0  2
632  0.0  0.0  4
633  0.0  0.0  4
634  8.0  -8.0  4
635  0.0  0.0  4
636  8.0  -8.0  4
637  8.0  -8.0  2
638  0.0  0.0  4
639  8.0  -8.0  2
640  8.0  -8.0  4
641  8.0  -8.0  2
642  8.0  -8.0  4
643  0.0  0.0  4
644  8.0  -8.0  2
645  8.0  -8.0  4
646  8.0  -8.0  2
647  0.0  0.0  4
648  8.0  -8.0  4
649  0.0  0.0  4
650  0.0  0.0  4
651  0.0  0.0  4
652  8.0  -8.0  2
653  0.0  0.0  4
654  8.0  -8.0  4
655  0.0  0.0  4
656  8.0  -8.0  4
657  0.0  0.0  4
658  0.0  0.0  4
659  0.0  0.0  4
660  8.0  -8.0  4
661  8.0  -8.0  2
662  8.0  -8.0  4
663  0.0  0.0  4
664  8.0  -8.0  4
665  0.0  0.0  4
666  0.0  0.0  4
667  8.0  -8.0  2
668  8.0  -8.0  2
669  0.0  0.0  4
670  8.0  -8.0  4
671  8.0  -8.0  4
672  0.0  0.0  4
673  8.0  -8.0  2
674  8.0  -8.0  4
675  0.0  0.0  4
676  8.0  -8.0  2
677  0.0  0.0  4
678  8.0  -8.0  2
679  8.0  -8.0  4
680  0.0  0.0  4
681  8.0  -8.0  2
682  8.0  -8.0  2
683  8.0  -8.0  2
684  8.0  -8.0  2
685  0.0  0.0  4
686  8.0  -8.0  4
687  0.0  0.0  4
688  8.0  -8.0  2
689  8.0  -8.0  2
690  8.0  -8.0  4
691  8.0  -8.0  2
692  8.0  -8.0  2
693  8.0  -8.0  4
694  0.0  0.0  4
695  0.0  0.0  4
696  0.0  0.0  4
697  0.0  0.0  4
698  8.0  -8.0  4
699  0.0  0.0  4
700  8.0  -8.0  4
701  0.0  0.0  4
702  8.0  -8.0  4
703  0.0  0.0  4
704  8.0  -8.0  4
705  0.0  0.0  4
706  8.0  -8.0  2
707  8.0  -8.0  4
708  8.0  -8.0  2
709  0.0  0.0  4
710  8.0  -8.0  4
711  0.0  0.0  4
712  8.0  -8.0  4
713  8.0  -8.0  4
714  8.0  -8.0  4
715  8.0  -8.0  2
716  0.0  0.0  4
717  0.0  0.0  4
718  0.0  0.0  4
719  0.0  0.0  4
720  8.0  -8.0  2
721  8.0  -8.0  4
722  0.0  0.0  4
723  8.0  -8.0  2
724  8.0  -8.0  2
725  0.0  0.0  4
726  8.0  -8.0  4
727  0.0  0.0  4
728  0.0  0.0  4
729  8.0  -8.0  4
730  8.0  -8.0  2
731  0.0  0.0  4
732  8.0  -8.0  4
733  0.0  0.0  4
734  8.0  -8.0  2
735  0.0  0.0  4
736  8.0  -8.0  2
737  0.0  0.0  4
738  0.0  0.0  4
739  0.0  0.0  4
740  8.0  -8.0  4
741  0.0  0.0  4
742  0.0  0.0  4
743  8.0  -8.0  2
744  0.0  0.0  4
745  8.0  -8.0  4
746  0.0  0.0  4
747  0.0  0.0  4
748  8.0  -8.0  2
749  8.0  -8.0  4
750  8.0  -8.0  2
751  8.0  -8.0  4
752  8.0  -8.0  4
753  8.0  -8.0  4
754  8.0  -8.0  2
755  0.0  0.0  4
756  8.0  -8.0  4
757  0.0  0.0  4
758  0.0  0.0  4
759  8.0  -8.0  4
760  0.0  0.0  4
761  8.0  -8.0  2
762  8.0  -8.0  4
763  0.0  0.0  4
764  0.0  0.0  4
765  0.0  0.0  4
766  8.0  -8.0  4
767  0.0  0.0  4
768  0.0  0.0  4
769  0.0  0.0  4
770  8.0  -8.0  2
771  0.0  0.0  4
772  0.0  0.0  4
773  0.0  0.0  4
774  0.0  0.0  4
775  8.0  -8.0  2
776  8.0  -8.0  4
777  8.0  -8.0  4
778  0.0  0.0  4
779  0.0  0.0  4
780  8.0  -8.0  4
781  8.0  -8.0  4
782  8.0  -8.0  2
783  0.0  0.0  4
784  8.0  -8.0  4
785  0.0  0.0  4
786  0.0  0.0  4
787  8.0  -8.0  4
788  8.0  -8.0  4
789  0.0  0.0  4
790  0.0  0.0  4
791  0.0  0.0  4
792  0.0  0.0  4
793  8.0  -8.0  2
794  0.0  0.0  4
795  8.0  -8.0  2
796  8.0  -8.0  2
797  8.0  -8.0  4
798  0.0  0.0  4
799  0.0  0.0  4
800  0.0  0.0  4
801  8.0  -8.0  2
802  0.0  0.0  4
803  0.0  0.0  4
804  8.0  -8.0  4
805  8.0  -8.0  4
806  8.0  -8.0  2
807  0.0  0.0  4
808  8.0  -8.0  2
809  0.0  0.0  4
810  8.0  -8.0  4
811  0.0  0.0  4
812  8.0  -8.0  4
813  0.0  0.0  4
814  8.0  -8.0  4
815  0.0  0.0  4
816  8.0  -8.0  4
817  0.0  0.0  4
818  0.0  0.0  4
819  8.0  -8.0  2
820  8.0  -8.0  2
821  0.0  0.0  4
822  8.0  -8.0  2
823  0.0  0.0  4
824  0.0  0.0  4
825  8.0  -8.0  2
826  8.0  -8.0  2
827  0.0  0.0  4
828  8.0  -8.0  2
829  8.0  -8.0  2
830  8.0  -8.0  2
831  8.0  -8.0  4
832  0.0  0.0  4
833  8.0  -8.0  4
834  0.0  0.0  4
835  0.0  0.0  4
836  8.0  -8.0  4
837  0.0  0.0  4
838  8.0  -8.0  2
839  8.0  -8.0  2
840  8.0  -8.0  4
841  8.0  -8.0  4
842  0.0  0.0  4
843  0.0  0.0  4
844  0.0  0.0  4
845  8.0  -8.0  4
846  8.0  -8.0  4
847  0.0  0.0  4
848  8.0  -8.0  4
849  0.0  0.0  4
850  0.0  0.0  4
851  8.0  -8.0  2
852  8.0  -8.0  4
853  0.0  0.0  4
854  8.0  -8.0  4
855  0.0  0.0  4
856  0.0  0.0  4
857  0.0  0.0  4
858  0.0  0.0  4
859  8.0  -8.0  4
860  8.0  -8.0  4
861  0.0  0.0  4
862  8.0  -8.0  4
863  8.0  -8.0  4
864  0.0  0.0  4
865  8.0  -8.0  2
866  0.0  0.0  4
867  8.0  -8.0  2
868  0.0  0.0  4
869  8.0  -8.0  2
870  0.0  0.0  4
871  8.0  -8.0  2
872  0.0  0.0  4
873  0.0  0.0  4
874  0.0  0.0  4
875  8.0  -8.0  4
876  8.0  -8.0  4
877  8.0  -8.0  2
878  0.0  0.0  4
879  8.0  -8.0  4
880  8.0  -8.0  4
881  8.0  -8.0  4
882  0.0  0.0  4
883  0.0  0.0  4
884  0.0  0.0  4
885  8.0  -8.0  2
886  0.0  0.0  4
887  8.0  -8.0  2
888  0.0  0.0  4
889  0.0  0.0  4
890  8.0  -8.0  4
891  8.0  -8.0  4
892  8.0  -8.0  2
893  8.0  -8.0  2
894  0.0  0.0  4
895  0.0  0.0  4
896  0.0  0.0  4
897  0.0  0.0  4
898  8.0  -8.0  2
899  0.0  0.0  4
900  0.0  0.0  4
901  0.0  0.0  4
902  8.0  -8.0  2
903  8.0  -8.0  2
904  8.0  -8.0  4
905  0.0  0.0  4
906  0.0  0.0  4
907  0.0  0.0  4
908  8.0  -8.0  2
909  8.0  -8.0  2
910  0.0  0.0  4
911  0.0  0.0  4
912  0.0  0.0  4
913  8.0  -8.0  4
914  8.0  -8.0  2
915  0.0  0.0  4
916  8.0  -8.0  2
917  0.0  0.0  4
918  0.0  0.0  4
919  0.0  0.0  4
920  8.0  -8.0  2
921  8.0  -8.0  2
922  8.0  -8.0  2
923  0.0  0.0  4
924  0.0  0.0  4
925  0.0  0.0  4
926  8.0  -8.0  2
927  8.0  -8.0  2
928  8.0  -8.0  2
929  0.0  0.0  4
930  8.0  -8.0  4
931  8.0  -8.0  4
932  0.0  0.0  4
933  8.0  -8.0  2
934  8.0  -8.0  2
935  8.0  -8.0  4
936  8.0  -8.0  4
937  0.0  0.0  4
938  0.0  0.0  4
939  8.0  -8.0  4
940  8.0  -8.0  2
941  8.0  -8.0  4
942  8.0  -8.0  4
943  0.0  0.0  4
944  0.0  0.0  4
945  0.0  0.0  4
946  8.0  -8.0  4
947  8.0  -8.0  4
948  8.0  -8.0  4
949  0.0  0.0  4
950  0.0  0.0  4
951  8.0  -8.0  4
952  8.0  -8.0  4
953  0.0  0.0  4
954  0.0  0.0  4
955  0.0  0.0  4
956  0.0  0.0  4
957  8.0  -8.0  4
958  0.0  0.0  4
959  0.0  0.0  4
960  0.0  0.0  4
961  0.0  0.0  4
962  8.0  -8.0  4
963  0.0  0.0  4
964  0.0  0.0  4
965  0.0  0.0  4
966  0.0  0.0  4
967  8.0  -8.0  4
968  8.0  -8.0  2
969  8.0  -8.0  2
970  8.0  -8.0  4
971  8.0  -8.0  2
972  8.0  -8.0  2
973  0.0  0.0  4
974  8.0  -8.0  2
975  8.0  -8.0  2
976  8.0  -8.0  2
977  8.0  -8.0  2
978  0.0  0.0  4
979  0.0  0.0  4
980  8.0  -8.0  4
981  0.0  0.0  4
982  0.0  0.0  4
983  0.0  0.0  4
984  8.0  -8.0  2
985  0.0  0.0  4
986  0.0  0.0  4
987  0.0  0.0  4
988  0.0  0.0  4
989  8.0  -8.0  2
990  8.0  -8.0  4
991  8.0  -8.0  2
992  0.0  0.0  4
993  8.0  -8.0  4
994  8.0  -8.0  4
995  8.0  -8.0  2
996  8.0  -8.0  4
997  0.0  0.0  4
998  8.0  -8.0  2
999  0.0  0.0  4
1000  0.0  0.0  4
1001  0.0  0.0  4
1002  0.0  0.0  4
1003  8.0  -8.0  4
1004  8.0  -8.0  2
1005  0.0  0.0  4
1006  0.0  0.0  4
1007  8.0  -8.0  4
1008  0.0  0.0  4
1009  8.0  -8.0  4
1010  8.0  -8.0  4
1011  8.0  -8.0  2
1012  0.0  0.0  4
1013  0.0  0.0  4
1014  0.0  0.0  4
1015  8.0  -8.0  2
1016  8.0  -8.0  2
1017  8.0  -8.0  4
1018  8.0  -8.0  2
1019  0.0  0.0  4
1020  8.0  -8.0  4
1021  8.0  -8.0  2
1022  0.0  0.0  4
1023  8.0  -8.0  2
1024  0.0  0.0  4
1025  0.0  0.0  4
1026  0.0  0.0  4
1027  8.0  -8.0  2
1028  8.0  -8.0  4
1029  8.0  -8.0  2
1030  8.0  -8.0  4
1031  0.0  0.0  4
1032  8.0  -8.0  4
1033  8.0  -8.0  4
1034  8.0  -8.0  4
1035  0.0  0.0  4
1036  8.0  -8.0  2
1037  0.0  0.0  4
1038  0.0  0.0  4
1039  8.0  -8.0  4
1040  0.0  0.0  4
1041  0.0  0.0  4
1042  0.0  0.0  4
1043  8.0  -8.0  2
1044  0.0  0.0  4
1045  8.0  -8.0  4
1046  0.0  0.0  4
1047  8.0  -8.0  4
1048  0.0  0.0  4
1049  8.0  -8.0  4
1050  8.0  -8.0  4
1051  8.0  -8.0  4
1052  0.0  0.0  4
1053  0.0  0.0  4
1054  8.0  -8.0  4
1055  0.0  0.0  4
1056  8.0  -8.0  4
1057  0.0  0.0  4
1058  8.0  -8.0  4
1059  8.0  -8.0  2
1060  0.0  0.0  4
1061  8.0  -8.0  4
1062  8.0  -8.0  2
1063  0.0  0.0  4
1064  8.0  -8.0  2
1065  0.0  0.0  4
1066  0.0  0.0  4
1067  8.0  -8.0  4
1068  8.0  -8.0  2
1069  0.0  0.0  4
1070  0.0  0.0  4
1071  0.0  0.0  4
1072  8.0  -8.0  2
1073  0.0  0.0  4
1074  0.0  0.0  4
1075  0.0  0.0  4
1076  0.0  0.0  4
1077  0.0  0.0  4
1078  0.0  0.0  4
1079  8.0  -8.0  4
1080  0.0  0.0  4
1081  8.0  -8.0  4
1082  0.0  0.0  4
1083  0.0  0.0  4
1084  8.0  -8.0  2
1085  8.0  -8.0  2
1086  8.0  -8.0  2
1087  8.0  -8.0  4
1088  0.0  0.0  4
1089  0.0  0.0  4
1090  0.0  0.0  4
1091  0.0  0.0  4
1092  8.0  -8.0  4
1093  0.0  0.0  4
1094  0.0  0.0  4
1095  0.0  0.0  4
1096  0.0  0.0  4
1097  0.0  0.0  4
1098  0.0  0.0  4
1099  0.0  0.0  4
1100  8.0  -8.0  2
1101  8.0  -8.0  2
1102  0.0  0.0  4
1103  0.0  0.0  4
1104  8.0  -8.0  4
1105  0.0  0.0  4
1106  0.0  0.0  4
1107  0.0  0.0  4
1108  8.0  -8.0  2
1109  8.0  -8.0  2
1110  8.0  -8.0  4
1111  8.0  -8.0  2
1112  0.0  0.0  4
1113  8.0  -8.0  4
1114  8.0  -8.0  2
1115  8.0  -8.0  4
1116  8.0  -8.0  4
1117  0.0  0.0  4
1118  8.0  -8.0  4
1119  8.0  -8.0  2
1120  8.0  -8.0  2
1121  0.0  0.0  4
1122  8.0  -8.0  4
1123  8.0  -8.0  4
1124  0.0  0.0  4
1125  0.0  0.0  4
1126  8.0  -8.0  4
1127  8.0  -8.0  4
1128  0.0  0.0  4
1129  0.0  0.0  4
1130  0.0  0.0  4
1131  8.0  -8.0  4
1132  8.0  -8.0  2
1133  8.0  -8.0  4
1134  0.0  0.0  4
1135  8.0  -8.0  4
1136  8.0  -8.0  4
1137  8.0  -8.0  2
1138  0.0  0.0  4
1139  8.0  -8.0  4
1140  8.0  -8.0  2
1141  8.0  -8.0  2
1142  8.0  -8.0  4
1143  0.0  0.0  4
1144  8.0  -8.0  2
1145  8.0  -8.0  4
1146  0.0  0.0  4
1147  8.0  -8.0  2
1148  0.0  0.0  4
1149  0.0  0.0  4
1150  0.0  0.0  4
1151  8.0  -8.0  4
1152  0.0  0.0  4
1153  8.0  -8.0  4
1154  8.0  -8.0  2
1155  8.0  -8.0  4
1156  0.0  0.0  4
1157  0.0  0.0  4
1158  0.0  0.0  4
1159  0.0  0.0  4
1160  0.0  0.0  4
1161  8.0  -8.0  2
1162  8.0  -8.0  4
1163  8.0  -8.0  2
1164  0.0  0.0  4
1165  8.0  -8.0  4
1166  0.0  0.0  4
1167  8.0  -8.0  2
1168  8.0  -8.0  4
1169  0.0  0.0  4
1170  8.0  -8.0  4
1171  0.0  0.0  4
1172  8.0  -8.0  4
1173  8.0  -8.0  2
1174  8.0  -8.0  4
1175  8.0  -8.0  2
1176  8.0  -8.0  2
1177  0.0  0.0  4
1178  0.0  0.0  4
1179  0.0  0.0  4
1180  8.0  -8.0  2
1181  8.0  -8.0  4
1182  0.0  0.0  4
1183  0.0  0.0  4
1184  0.0  0.0  4
1185  0.0  0.0  4
1186  0.0  0.0  4
1187  0.0  0.0  4
1188  8.0  -8.0  4
1189  8.0  -8.0  2
1190  8.0  -8.0  2
1191  8.0  -8.0  2
1192  0.0  0.0  4
1193  0.0  0.0  4
1194  0.0  0.0  4
1195  8.0  -8.0  4
1196  0.0  0.0  4
1197  8.0  -8.0  2
1198  0.0  0.0  4
1199  0.0  0.0  4
1200  8.0  -8.0  4
1201  0.0  0.0  4
1202  0.0  0.0  4
1203  0.0  0.0  4
1204  8.0  -8.0  4
1205  0.0  0.0  4
1206  0.0  0.0  4
1207  0.0  0.0  4
1208  8.0  -8.0  2
1209  8.0  -8.0  4
1210  0.0  0.0  4
1211  0.0  0.0  4
1212  8.0  -8.0  4
1213  8.0  -8.0  2
1214  0.0  0.0  4
1215  0.0  0.0  4
1216  8.0  -8.0  2
1217  8.0  -8.0  4
1218  8.0  -8.0  4
1219  8.0  -8.0  2
1220  8.0  -8.0  2
1221  0.0  0.0  4
1222  8.0  -8.0  2
1223  8.0  -8.0  2
1224  8.0  -8.0  2
1225  8.0  -8.0  2
1226  0.0  0.0  4
1227  8.0  -8.0  2
1228  0.0  0.0  4
1229  8.0  -8.0  2
1230  0.0  0.0  4
1231  0.0  0.0  4
1232  8.0  -8.0  4
1233  0.0  0.0  4
1234  0.0  0.0  4
1235  8.0  -8.0  4
1236  0.0  0.0  4
1237  8.0  -8.0  2
1238  0.0  0.0  4
1239  0.0  0.0  4
1240  0.0  0.0  4
1241  0.0  0.0  4
1242  0.0  0.0  4
1243  0.0  0.0  4
1244  8.0  -8.0  2
1245  8.0  -8.0  4
1246  0.0  0.0  4
1247  0.0  0.0  4
1248  0.0  0.0  4
1249  0.0  0.0  4
1250  0.0  0.0  4
1251  8.0  -8.0  4
1252  8.0  -8.0  4
1253  0.0  0.0  4
1254  0.0  0.0  4
1255  0.0  0.0  4
1256  0.0  0.0  4
1257  8.0  -8.0  2
1258  0.0  0.0  4
1259  8.0  -8.0  4
1260  0.0  0.0  4
1261  0.0  0.0  4
1262  0.0  0.0  4
1263  8.0  -8.0  2
1264  0.0  0.0  4
1265  8.0  -8.0  2
1266  8.0  -8.0  4
1267  8.0  -8.0  2
1268  0.0  0.0  4
1269  0.0  0.0  4
1270  0.0  0.0  4
1271  8.0  -8.0  4
1272  0.0  0.0  4
1273  8.0  -8.0  2
1274  8.0  -8.0  2
1275  8.0  -8.0  2
1276  0.0  0.0  4
1277  8.0  -8.0  2
1278  8.0  -8.0  4
1279  0.0  0.0  4
1280  0.0  0.0  4
1281  0.0  0.0  4
1282  0.0  0.0  4
1283  8.0  -8.0  2
1284  8.0  -8.0  2
1285  0.0  0.0  4
1286  0.0  0.0  4
1287  8.0  -8.0  4
1288  8.0  -8.0  2
1289  8.0  -8.0  4
1290  8.0  -8.0  2
1291  0.0  0.0  4
1292  8.0  -8.0  4
1293  8.0  -8.0  4
1294  0.0  0.0  4
1295  8.0  -8.0  2
1296  8.0  -8.0  2
1297  0.0  0.0  4
1298  8.0  -8.0  2
1299  8.0  -8.0  2
1300  8.0  -8.0  2
1301  8.0  -8.0  4
1302  0.0  0.0  4
1303  0.0  0.0  4
1304  8.0  -8.0  4
1305  0.0  0.0  4
1306  0.0  0.0  4
1307  0.0  0.0  4
1308  0.0  0.0  4
1309  0.0  0.0  4
1310  8.0  -8.0  2
1311  0.0  0.0  4
1312  8.0  -8.0  2
1313  8.0  -8.0  4
1314  0.0  0.0  4
1315  0.0  0.0  4
1316  8.0  -8.0  2
1317  0.0  0.0  4
1318  8.0  -8.0  4
1319  8.0  -8.0  2
1320  8.0  -8.0  2
1321  0.0  0.0  4
1322  8.0  -8.0  2
1323  8.0  -8.0  2
1324  0.0  0.0  4
1325  8.0  -8.0  2
1326  8.0  -8.0  4
1327  0.0  0.0  4
1328  8.0  -8.0  4
1329  0.0  0.0  4
1330  8.0  -8.0  4
1331  8.0  -8.0  2
1332  0.0  0.0  4
1333  0.0  0.0  4
1334  8.0  -8.0  2
1335  8.0  -8.0  2
1336  0.0  0.0  4
1337  0.0  0.0  4
1338  0.0  0.0  4
1339  0.0  0.0  4
1340  8.0  -8.0  2
1341  8.0  -8.0  4
1342  8.0  -8.0  2
1343  0.0  0.0  4
1344  8.0  -8.0  4
1345  0.0  0.0  4
1346  0.0  0.0  4
1347  0.0  0.0  4
1348  8.0  -8.0  4
1349  0.0  0.0  4
1350  0.0  0.0  4
1351  8.0  -8.0  4
1352  8.0  -8.0  4
1353  8.0  -8.0  2
1354  8.0  -8.0  4
1355  8.0  -8.0  2
1356  0.0  0.0  4
1357  0.0  0.0  4
1358  0.0  0.0  4
1359  0.0  0.0  4
1360  8.0  -8.0  2
1361  0.0  0.0  4
1362  8.0  -8.0  2
1363  0.0  0.0  4
1364  0.0  0.0  4
1365  8.0  -8.0  2
1366  8.0  -8.0  4
1367  0.0  0.0  4
1368  8.0  -8.0  2
1369  8.0  -8.0  4
1370  8.0  -8.0  2
1371  8.0  -8.0  2
1372  8.0  -8.0  2
1373  8.0  -8.0  2
1374  0.0  0.0  4
1375  0.0  0.0  4
1376  8.0  -8.0  2
1377  8.0  -8.0  2
1378  0.0  0.0  4
1379  8.0  -8.0  2
1380  0.0  0.0  4
1381  0.0  0.0  4
1382  8.0  -8.0  4
1383  0.0  0.0  4
1384  8.0  -8.0  2
1385  0.0  0.0  4
1386  8.0  -8.0  4
1387  0.0  0.0  4
1388  8.0  -8.0  2
1389  8.0  -8.0  4
1390  0.0  0.0  4
1391  0.0  0.0  4
1392  0.0  0.0  4
1393  0.0  0.0  4
1394  8.0  -8.0  2
1395  8.0  -8.0  2
1396  0.0  0.0  4
1397  0.0  0.0  4
1398  0.0  0.0  4
1399  0.0  0.0  4
1400  0.0  0.0  4
1401  8.0  -8.0  2
1402  8.0  -8.0  2
1403  8.0  -8.0  4
1404  0.0  0.0  4
1405  0.0  0.0  4
1406  0.0  0.0  4
1407  0.0  0.0  4
1408  0.0  0.0  4
1409  0.0  0.0  4
1410  0.0  0.0  4
1411  8.0  -8.0  4
1412  0.0  0.0  4
1413  0.0  0.0  4
1414  0.0  0.0  4
1415  0.0  0.0  4
1416  0.0  0.0  4
1417  0.0  0.0  4
1418  0.0  0.0  4
1419  0.0  0.0  4
1420  8.0  -8.0  2
1421  8.0  -8.0  4
1422  8.0  -8.0  2
1423  8.0  -8.0  2
1424  0.0  0.0  4
1425  0.0  0.0  4
1426  8.0  -8.0  4
1427  8.0  -8.0  2
1428  0.0  0.0  4
1429  8.0  -8.0  2
1430  8.0  -8.0  2
1431  0.0  0.0  4
1432  0.0  0.0  4
1433  8.0  -8.0  4
1434  8.0  -8.0  4
1435  8.0  -8.0  4
1436  8.0  -8.0  4
1437  8.0  -8.0  2
1438  0.0  0.0  4
1439  0.0  0.0  4
1440  8.0  -8.0  2
1441  8.0  -8.0  2
1442  0.0  0.0  4
1443  0.0  0.0  4
1444  8.0  -8.0  2
1445  0.0  0.0  4
1446  8.0  -8.0  4
1447  0.0  0.0  4
1448  8.0  -8.0  4
1449  8.0  -8.0  2
1450  0.0  0.0  4
1451  8.0  -8.0  2
1452  8.0  -8.0  4
1453  0.0  0.0  4
1454  0.0  0.0  4
1455  0.0  0.0  4
1456  0.0  0.0  4
1457  0.0  0.0  4
1458  0.0  0.0  4
1459  0.0  0.0  4
1460  8.0  -8.0  2
1461  0.0  0.0  4
1462  8.0  -8.0  4
1463  0.0  0.0  4
1464  0.0  0.0  4
1465  0.0  0.0  4
1466  0.0  0.0  4
1467  8.0  -8.0  4
1468  8.0  -8.0  2
1469  8.0  -8.0  4
1470  8.0  -8.0  4
1471  0.0  0.0  4
1472  0.0  0.0  4
1473  0.0  0.0  4
1474  8.0  -8.0  2
1475  0.0  0.0  4
1476  8.0  -8.0  4
1477  0.0  0.0  4
1478  0.0  0.0  4
1479  8.0  -8.0  2
1480  0.0  0.0  4
1481  8.0  -8.0  4
1482  8.0  -8.0  2
1483  8.0  -8.0  4
1484  8.0  -8.0  4
1485  8.0  -8.0  2
1486  0.0  0.0  4
1487  8.0  -8.0  2
1488  0.0  0.0  4
1489  0.0  0.0  4
1490  0.0  0.0  4
1491  8.0  -8.0  2
1492  8.0  -8.0  4
1493  0.0  0.0  4
1494  0.0  0.0  4
1495  8.0  -8.0  2
1496  0.0  0.0  4
1497  0.0  0.0  4
1498  0.0  0.0  4
1499  0.0  0.0  4
1500  8.0  -8.0  2
1501  8.0  -8.0  4
1502  0.0  0.0  4
1503  8.0  -8.0  4
1504  8.0  -8.0  2
1505  8.0  -8.0  4
1506  8.0  -8.0  4
1507  0.0  0.0  4
1508  0.0  0.0  4
1509  0.0  0.0  4
1510  8.0  -8.0  4
1511  8.0  -8.0  4
1512  0.0  0.0  4
1513  0.0  0.0  4
1514  0.0  0.0  4
1515  0.0  0.0  4
1516  8.0  -8.0  4
1517  8.0  -8.0  4
1518  0.0  0.0  4
1519  0.0  0.0  4
1520  8.0  -8.0  4
1521  8.0  -8.0  4
1522  0.0  0.0  4
1523  0.0  0.0  4
1524  8.0  -8.0  2
1525  0.0  0.0  4
1526  8.0  -8.0  4
1527  8.0  -8.0  4
1528  0.0  0.0  4
1529  8.0  -8.0  4
1530  8.0  -8.0  4
1531  8.0  -8.0  2
1532  0.0  0.0  4
1533  0.0  0.0  4
1534  8.0  -8.0  2
1535  0.0  0.0  4
1536  0.0  0.0  4
1537  8.0  -8.0  4
1538  0.0  0.0  4
1539  8.0  -8.0  2
1540  0.0  0.0  4
1541  0.0  0.0  4
1542  0.0  0.0  4
1543  0.0  0.0  4
1544  0.0  0.0  4
1545  0.0  0.0  4
1546  8.0  -8.0  2
1547  0.0  0.0  4
1548  0.0  0.0  4
1549  0.0  0.0  4
1550  8.0  -8.0  2
1551  0.0  0.0  4
1552  0.0  0.0  4
1553  0.0  0.0  4
1554  8.0  -8.0  2
1555  8.0  -8.0  2
1556  8.0  -8.0  2
1557  0.0  0.0  4
1558  8.0  -8.0  4
1559  0.0  0.0  4
1560  0.0  0.0  4
1561  8.0  -8.0  4
1562  0.0  0.0  4
1563  8.0  -8.0  4
1564  8.0  -8.0  4
1565  0.0  0.0  4
1566  0.0  0.0  4
1567  0.0  0.0  4
1568  0.0  0.0  4
1569  8.0  -8.0  4
1570  8.0  -8.0  4
1571  8.0  -8.0  2
1572  0.0  0.0  4
1573  0.0  0.0  4
1574  8.0  -8.0  2
1575  8.0  -8.0  4
1576  0.0  0.0  4
1577  8.0  -8.0  2
1578  8.0  -8.0  4
1579  0.0  0.0  4
1580  0.0  0.0  4
1581  0.0  0.0  4
1582  8.0  -8.0  4
1583  0.0  0.0  4
1584  8.0  -8.0  4
1585  8.0  -8.0  4
1586  8.0  -8.0  2
1587  8.0  -8.0  4
1588  8.0  -8.0  2
1589  8.0  -8.0  2
1590  8.0  -8.0  2
1591  8.0  -8.0  2
1592  0.0  0.0  4
1593  8.0  -8.0  4
1594  8.0  -8.0  2
1595  0.0  0.0  4
1596  8.0  -8.0  2
1597  8.0  -8.0  2
1598  0.0  0.0  4
1599  8.0  -8.0  4
1600  0.0  0.0  4
1601  8.0  -8.0  2
1602  8.0  -8.0  2
1603  8.0  -8.0  2
1604  8.0  -8.0  2
1605  8.0  -8.0  2
1606  8.0  -8.0  2
1607  8.0  -8.0  4
1608  8.0  -8.0  4
1609  8.0  -8.0  4
1610  0.0  0.0  4
1611  0.0  0.0  4
1612  0.0  0.0  4
1613  0.0  0.0  4
1614  8.0  -8.0  2
1615  0.0  0.0  4
1616  8.0  -8.0  2
1617  0.0  0.0  4
1618  8.0  -8.0  2
1619  0.0  0.0  4
1620  8.0  -8.0  4
1621  0.0  0.0  4
1622  0.0  0.0  4
1623  8.0  -8.0  4
1624  8.0  -8.0  4
1625  8.0  -8.0  4
1626  0.0  0.0  4
1627  0.0  0.0  4
1628  8.0  -8.0  4
1629  0.0  0.0  4
1630  8.0  -8.0  4
1631  8.0  -8.0  2
1632  0.0  0.0  4
1633  8.0  -8.0  2
1634  0.0  0.0  4
1635  0.0  0.0  4
1636  8.0  -8.0  4
1637  0.0  0.0  4
1638  0.0  0.0  4
1639  0.0  0.0  4
1640  0.0  0.0  4
1641  0.0  0.0  4
1642  0.0  0.0  4
1643  0.0  0.0  4
1644  8.0  -8.0  4
1645  8.0  -8.0  4
1646  8.0  -8.0  2
1647  8.0  -8.0  2
1648  8.0  -8.0  2
1649  8.0  -8.0  4
1650  8.0  -8.0  2
1651  8.0  -8.0  4
1652  0.0  0.0  4
1653  8.0  -8.0  4
1654  0.0  0.0  4
1655  8.0  -8.0  2
1656  8.0  -8.0  2
1657  0.0  0.0  4
1658  8.0  -8.0  2
1659  8.0  -8.0  4
1660  8.0  -8.0  4
1661  8.0  -8.0  2
1662  8.0  -8.0  4
1663  8.0  -8.0  4
1664  8.0  -8.0  4
1665  0.0  0.0  4
1666  8.0  -8.0  4
1667  8.0  -8.0  4
1668  8.0  -8.0  4
1669  0.0  0.0  4
1670  0.0  0.0  4
1671  8.0  -8.0  2
1672  8.0  -8.0  2
1673  8.0  -8.0  4
1674  8.0  -8.0  4
1675  0.0  0.0  4
1676  8.0  -8.0  4
1677  0.0  0.0  4
1678  8.0  -8.0  4
1679  8.0  -8.0  4
1680  0.0  0.0  4
1681  0.0  0.0  4
1682  0.0  0.0  4
1683  8.0  -8.0  4
1684  8.0  -8.0  2
1685  0.0  0.0  4
1686  0.0  0.0  4
1687  8.0  -8.0  4
1688  0.0  0.0  4
1689  0.0  0.0  4
1690  0.0  0.0  4
1691  0.0  0.0  4
1692  0.0  0.0  4
1693  0.0  0.0  4
1694  8.0  -8.0  4
1695  0.0  0.0  4
1696  0.0  0.0  4
1697  0.0  0.0  4
1698  8.0  -8.0  4
1699  0.0  0.0  4
1700  8.0  -8.0  4
1701  8.0  -8.0  2
1702  0.0  0.0  4
1703  8.0  -8.0  2
1704  0.0  0.0  4
1705  8.0  -8.0  4
1706  0.0  0.0  4
1707  8.0  -8.0  4
1708  0.0  0.0  4
1709  0.0  0.0  4
1710  8.0  -8.0  4
1711  0.0  0.0  4
1712  0.0  0.0  4
1713  8.0  -8.0  4
1714  0.0  0.0  4
1715  8.0  -8.0  4
1716  0.0  0.0  4
1717  8.0  -8.0  4
1718  0.0  0.0  4
1719  0.0  0.0  4
1720  0.0  0.0  4
1721  0.0  0.0  4
1722  8.0  -8.0  2
1723  8.0  -8.0  4
1724  0.0  0.0  4
1725  0.0  0.0  4
1726  0.0  0.0  4
1727  0.0  0.0  4
1728  8.0  -8.0  4
1729  8.0  -8.0  2
1730  0.0  0.0  4
1731  0.0  0.0  4
1732  0.0  0.0  4
1733  0.0  0.0  4
1734  8.0  -8.0  4
1735  0.0  0.0  4
1736  0.0  0.0  4
1737  8.0  -8.0  2
1738  8.0  -8.0  2
1739  0.0  0.0  4
1740  8.0  -8.0  2
1741  0.0  0.0  4
1742  0.0  0.0  4
1743  0.0  0.0  4
1744  0.0  0.0  4
1745  8.0  -8.0  2
1746  0.0  0.0  4
1747  8.0  -8.0  4
1748  0.0  0.0  4
1749  0.0  0.0  4
1750  8.0  -8.0  2
1751  0.0  0.0  4
1752  8.0  -8.0  4
1753  8.0  -8.0  2
1754  8.0  -8.0  4
1755  0.0  0.0  4
1756  0.0  0.0  4
1757  8.0  -8.0  4
1758  0.0  0.0  4
1759  8.0  -8.0  4
1760  0.0  0.0  4
1761  8.0  -8.0  2
1762  8.0  -8.0  4
1763  8.0  -8.0  4
1764  0.0  0.0  4
1765  0.0  0.0  4
1766  8.0  -8.0  4
1767  0.0  0.0  4
1768  8.0  -8.0  2
1769  0.0  0.0  4
1770  0.0  0.0  4
1771  8.0  -8.0  2
1772  8.0  -8.0  4
1773  8.0  -8.0  4
1774  8.0  -8.0  4
1775  8.0  -8.0  2
1776  8.0  -8.0  4
1777  0.0  0.0  4
1778  0.0  0.0  4
1779  0.0  0.0  4
1780  8.0  -8.0  4
1781  0.0  0.0  4
1782  0.0  0.0  4
1783  8.0  -8.0  4
1784  0.0  0.0  4
1785  8.0  -8.0  4
1786  8.0  -8.0  2
1787  8.0  -8.0  4
1788  0.0  0.0  4
1789  8.0  -8.0  4
1790  0.0  0.0  4
1791  0.0  0.0  4
1792  0.0  0.0  4
1793  8.0  -8.0  2
1794  0.0  0.0  4
1795  0.0  0.0  4
1796  0.0  0.0  4
1797  0.0  0.0  4
1798  0.0  0.0  4
1799  0.0  0.0  4
1800  8.0  -8.0  4
1801  8.0  -8.0  4
1802  0.0  0.0  4
1803  8.0  -8.0  4
1804  0.0  0.0  4
1805  0.0  0.0  4
1806  8.0  -8.0  4
1807  0.0  0.0  4
1808  8.0  -8.0  2
1809  8.0  -8.0  2
1810  0.0  0.0  4
1811  8.0  -8.0  4
1812  8.0  -8.0  2
1813  8.0  -8.0  2
1814  0.0  0.0  4
1815  0.0  0.0  4
1816  8.0  -8.0  4
1817  8.0  -8.0  4
1818  0.0  0.0  4
1819  8.0  -8.0  2
1820  0.0  0.0  4
1821  8.0  -8.0  4
1822  8.0  -8.0  2
1823  8.0  -8.0  2
1824  0.0  0.0  4
1825  0.0  0.0  4
1826  0.0  0.0  4
1827  8.0  -8.0  2
1828  8.0  -8.0  2
1829  0.0  0.0  4
1830  0.0  0.0  4
1831  0.0  0.0  4
1832  0.0  0.0  4
1833  8.0  -8.0  2
1834  8.0  -8.0  4
1835  0.0  0.0  4
1836  0.0  0.0  4
1837  0.0  0.0  4
1838  8.0  -8.0  2
1839  0.0  0.0  4
1840  8.0  -8.0  2
1841  0.0  0.0  4
1842  0.0  0.0  4
1843  8.0  -8.0  4
1844  8.0  -8.0  2
1845  0.0  0.0  4
1846  8.0  -8.0  2
1847  0.0  0.0  4
1848  0.0  0.0  4
1849  8.0  -8.0  2
1850  8.0  -8.0  4
1851  0.0  0.0  4
1852  0.0  0.0  4
1853  8.0  -8.0  4
1854  8.0  -8.0  2
1855  8.0  -8.0  2
1856  8.0  -8.0  2
1857  8.0  -8.0  4
1858  0.0  0.0  4
1859  0.0  0.0  4
1860  8.0  -8.0  2
1861  8.0  -8.0  2
1862  0.0  0.0  4
1863  0.0  0.0  4
1864  8.0  -8.0  2
1865  8.0  -8.0  4
1866  0.0  0.0  4
1867  8.0  -8.0  4
1868  8.0  -8.0  4
1869  8.0  -8.0  4
1870  8.0  -8.0  2
1871  8.0  -8.0  4
1872  0.0  0.0  4
1873  0.0  0.0  4
1874  8.0  -8.0  4
1875  0.0  0.0  4
1876  8.0  -8.0  4
1877  8.0  -8.0  2
1878  0.0  0.0  4
1879  0.0  0.0  4
1880  0.0  0.0  4
1881  8.0  -8.0  2
1882  0.0  0.0  4
1883  8.0  -8.0  2
1884  8.0  -8.0  2
1885  0.0  0.0  4
1886  8.0  -8.0  4
1887  0.0  0.0  4
1888  0.0  0.0  4
1889  0.0  0.0  4
1890  0.0  0.0  4
1891  8.0  -8.0  4
1892  8.0  -8.0  4
1893  0.0  0.0  4
1894  0.0  0.0  4
1895  0.0  0.0  4
1896  0.0  0.0  4
1897  0.0  0.0  4
1898  0.0  0.0  4
1899  8.0  -8.0  2
1900  8.0  -8.0  4
1901  0.0  0.0  4
1902  8.0  -8.0  2
1903  8.0  -8.0  4
1904  0.0  0.0  4
1905  8.0  -8.0  2
1906  0.0  0.0  4
1907  8.0  -8.0  4
1908  8.0  -8.0  2
1909  8.0  -8.0  4
1910  8.0  -8.0  4
1911  8.0  -8.0  2
1912  8.0  -8.0  2
1913  0.0  0.0  4
1914  8.0  -8.0  2
1915  8.0  -8.0  2
1916  8.0  -8.0  2
1917  0.0  0.0  4
1918  0.0  0.0  4
1919  0.0  0.0  4
1920  8.0  -8.0  4
1921  0.0  0.0  4
1922  0.0  0.0  4
1923  0.0  0.0  4
1924  0.0  0.0  4
1925  0.0  0.0  4
1926  0.0  0.0  4
1927  8.0  -8.0  2
1928  8.0  -8.0  4
1929  8.0  -8.0  4
1930  8.0  -8.0  2
1931  8.0  -8.0  4
1932  0.0  0.0  4
1933  0.0  0.0  4
1934  0.0  0.0  4
1935  8.0  -8.0  4
1936  0.0  0.0  4
1937  8.0  -8.0  2
1938  0.0  0.0  4
1939  0.0  0.0  4
1940  0.0  0.0  4
1941  8.0  -8.0  2
1942  0.0  0.0  4
1943  0.0  0.0  4
1944  0.0  0.0  4
1945  8.0  -8.0  2
1946  0.0  0.0  4
1947  8.0  -8.0  4
1948  8.0  -8.0  2
1949  8.0  -8.0  4
1950  8.0  -8.0  4
1951  0.0  0.0  4
1952  0.0  0.0  4
1953  8.0  -8.0  4
1954  8.0  -8.0  4
1955  0.0  0.0  4
1956  8.0  -8.0  4
1957  0.0  0.0  4
1958  0.0  0.0  4
1959  0.0  0.0  4
1960  8.0  -8.0  2
1961  8.0  -8.0  2
1962  0.0  0.0  4
1963  8.0  -8.0  4
1964  0.0  0.0  4
1965  0.0  0.0  4
1966  8.0  -8.0  2
1967  0.0  0.0  4
1968  8.0  -8.0  2
1969  8.0  -8.0  4
1970  8.0  -8.0  4
1971  0.0  0.0  4
1972  0.0  0.0  4
1973  0.0  0.0  4
1974  0.0  0.0  4
1975  0.0  0.0  4
1976  0.0  0.0  4
1977  0.0  0.0  4
1978  0.0  0.0  4
1979  8.0  -8.0  2
1980  8.0  -8.0  2
1981  8.0  -8.0  4
1982  0.0  0.0  4
1983  0.0  0.0  4
1984  0.0  0.0  4
1985  8.0  -8.0  4
1986  8.0  -8.0  4
1987  0.0  0.0  4
1988  0.0  0.0  4
1989  0.0  0.0  4
1990  0.0  0.0  4
1991  0.0  0.0  4
1992  8.0  -8.0  4
1993  0.0  0.0  4
1994  0.0  0.0  4
1995  8.0  -8.0  2
1996  8.0  -8.0  4
1997  8.0  -8.0  2
1998  8.0  -8.0  4
1999  8.0  -8.0  2
2000  8.0  -8.0  4
2001  0.0  0.0  4
2002  0.0  0.0  4
2003  8.0  -8.0  2
2004  8.0  -8.0  4
2005  8.0  -8.0  4
2006  0.0  0.0  4
2007  8.0  -8.0  4
2008  8.0  -8.0  2
2009  0.0  0.0  4
2010  0.0  0.0  4
2011  8.0  -8.0  2
2012  0.0  0.0  4
2013  8.0  -8.0  4
2014  8.0  -8.0  4
2015  8.0  -8.0  2
2016  8.0  -8.0  4
2017  0.0  0.0  4
2018  8.0  -8.0  2
2019  0.0  0.0  4
2020  8.0  -8.0  4
2021  0.0  0.0  4
2022  8.0  -8.0  4
2023  0.0  0.0  4
2024  8.0  -8.0  2
2025  0.0  0.0  4
2026  8.0  -8.0  2
2027  8.0  -8.0  2
2028  8.0  -8.0  4
2029  0.0  0.0  4
2030  0.0  0.0  4
2031  0.0  0.0  4
2032  8.0  -8.0  2
2033  8.0  -8.0  2
2034  8.0  -8.0  2
2035  0.0  0.0  4
2036  8.0  -8.0  2
2037  8.0  -8.0  2
2038  0.0  0.0  4
2039  0.0  0.0  4
2040  0.0  0.0  4
2041  8.0  -8.0  2
2042  8.0  -8.0  4
2043  0.0  0.0  4
2044  8.0  -8.0  2
2045  8.0  -8.0  2
2046  0.0  0.0  4
2047  8.0  -8.0  4
2048  8.0  -8.0  4
2049  8.0  -8.0  2
2050  8.0  -8.0  2
2051  8.0  -8.0  4
2052  8.0  -8.0  4
2053  8.0  -8.0  4
2054  8.0  -8.0  4
2055  0.0  0.0  4
2056  8.0  -8.0  2
2057  8.0  -8.0  2
2058  0.0  0.0  4
2059  8.0  -8.0  2
2060  8.0  -8.0  2
2061  8.0  -8.0  2
2062  8.0  -8.0  4
2063  8.0  -8.0  4
2064  0.0  0.0  4
2065  8.0  -8.0  2
2066  8.0  -8.0  2
2067  0.0  0.0  4
2068  8.0  -8.0  2
2069  0.0  0.0  4
2070  0.0  0.0  4
2071  0.0  0.0  4
2072  8.0  -8.0  2
2073  0.0  0.0  4
2074  0.0  0.0  4
2075  8.0  -8.0  4
2076  0.0  0.0  4
2077  8.0  -8.0  2
2078  8.0  -8.0  4
2079  8.0  -8.0  2
2080  0.0  0.0  4
2081  8.0  -8.0  4
2082  8.0  -8.0  4
2083  0.0  0.0  4
2084  8.0  -8.0  2
2085  8.0  -8.0  4
2086  0.0  0.0  4
2087  0.0  0.0  4
2088  0.0  0.0  4
2089  8.0  -8.0  4
2090  0.0  0.0  4
2091  0.0  0.0  4
2092  8.0  -8.0  2
2093  8.0  -8.0  4
2094  8.0  -8.0  2
2095  0.0  0.0  4
2096  0.0  0.0  4
2097  8.0  -8.0  4
2098  0.0  0.0  4
2099  0.0  0.0  4
2100  8.0  -8.0  4
2101  0.0  0.0  4
2102  8.0  -8.0  4
2103  0.0  0.0  4
2104  8.0  -8.0  4
2105  8.0  -8.0  4
2106  8.0  -8.0  4
2107  8.0  -8.0  4
2108  8.0  -8.0  2
2109  8.0  -8.0  4
2110  0.0  0.0  4
2111  8.0  -8.0  2
2112  8.0  -8.0  4
2113  8.0  -8.0  4
2114  0.0  0.0  4
2115  0.0  0.0  4
2116  8.0  -8.0  2
2117  0.0  0.0  4
2118  0.0  0.0  4
2119  8.0  -8.0  4
2120  8.0  -8.0  4
2121  8.0  -8.0  4
2122  8.0  -8.0  4
2123  0.0  0.0  4
2124  8.0  -8.0  4
2125  0.0  0.0  4
2126  8.0  -8.0  2
2127  8.0  -8.0  4
2128  0.0  0.0  4
2129  8.0  -8.0  4
2130  8.0  -8.0  2
2131  8.0  -8.0  4
2132  0.0  0.0  4
2133  8.0  -8.0  4
2134  0.0  0.0  4
2135  8.0  -8.0  4
2136  8.0  -8.0  4
2137  0.0  0.0  4
2138  0.0  0.0  4
2139  8.0  -8.0  2
2140  0.0  0.0  4
2141  8.0  -8.0  4
2142  0.0  0.0  4
2143  0.0  0.0  4
2144  8.0  -8.0  4
2145  0.0  0.0  4
2146  8.0  -8.0  4
2147  8.0  -8.0  4
2148  8.0  -8.0  4
2149  0.0  0.0  4
2150  8.0  -8.0  2
2151  0.0  0.0  4
2152  8.0  -8.0  4
2153  8.0  -8.0  2
2154  8.0  -8.0  4
2155  0.0  0.0  4
2156  8.0  -8.0  4
2157  8.0  -8.0  4
2158  8.0  -8.0  2
2159  0.0  0.0  4
2160  0.0  0.0  4
2161  0.0  0.0  4
2162  0.0  0.0  4
2163  0.0  0.0  4
2164  0.0  0.0  4
2165  8.0  -8.0  4
2166  0.0  0.0  4
2167  8.0  -8.0  2
2168  8.0  -8.0  2
2169  0.0  0.0  4
2170  8.0  -8.0  4
2171  0.0  0.0  4
2172  8.0  -8.0  4
2173  8.0  -8.0  4
2174  0.0  0.0  4
2175  0.0  0.0  4
2176  8.0  -8.0  4
2177  8.0  -8.0  4
2178  8.0  -8.0  4
2179  8.0  -8.0  2
2180  8.0  -8.0  4
2181  8.0  -8.0  4
2182  8.0  -8.0  4
2183  0.0  0.0  4
2184  8.0  -8.0  4
2185  8.0  -8.0  4
2186  8.0  -8.0  2
2187  0.0  0.0  4
2188  0.0  0.0  4
2189  0.0  0.0  4
2190  0.0  0.0  4
2191  0.0  0.0  4
2192  0.0  0.0  4
2193  0.0  0.0  4
2194  0.0  0.0  4
2195  0.0  0.0  4
2196  0.0  0.0  4
2197  8.0  -8.0  4
2198  8.0  -8.0  4
2199  0.0  0.0  4
2200  8.0  -8.0  2
2201  0.0  0.0  4
2202  0.0  0.0  4
2203  0.0  0.0  4
2204  8.0  -8.0  4
2205  0.0  0.0  4
2206  8.0  -8.0  2
2207  8.0  -8.0  4
2208  8.0  -8.0  2
2209  8.0  -8.0  4
2210  8.0  -8.0  4
2211  8.0  -8.0  2
2212  0.0  0.0  4
2213  8.0  -8.0  2
2214  8.0  -8.0  4
2215  8.0  -8.0  4
2216  0.0  0.0  4
2217  0.0  0.0  4
2218  0.0  0.0  4
2219  8.0  -8.0  4
2220  0.0  0.0  4
2221  8.0  -8.0  4
2222  0.0  0.0  4
2223  0.0  0.0  4
2224  0.0  0.0  4
2225  8.0  -8.0  4
2226  0.0  0.0  4
2227  0.0  0.0  4
2228  8.0  -8.0  2
2229  0.0  0.0  4
2230  0.0  0.0  4
2231  0.0  0.0  4
2232  8.0  -8.0  4
2233  8.0  -8.0  2
2234  8.0  -8.0  2
2235  0.0  0.0  4
2236  0.0  0.0  4
2237  8.0  -8.0  2
2238  8.0  -8.0  4
2239  0.0  0.0  4
2240  0.0  0.0  4
2241  8.0  -8.0  4
2242  0.0  0.0  4
2243  8.0  -8.0  4
2244  0.0  0.0  4
2245  0.0  0.0  4
2246  0.0  0.0  4
2247  8.0  -8.0  2
2248  0.0  0.0  4
2249  0.0  0.0  4
2250  8.0  -8.0  2
2251  8.0  -8.0  4
2252  8.0  -8.0  2
2253  8.0  -8.0  4
2254  8.0  -8.0  2
2255  8.0  -8.0  2
2256  8.0  -8.0  4
2257  8.0  -8.0  4
2258  8.0  -8.0  2
2259  0.0  0.0  4
2260  8.0  -8.0  2
2261  8.0  -8.0  4
2262  0.0  0.0  4
2263  0.0  0.0  4
2264  0.0  0.0  4
2265  0.0  0.0  4
2266  8.0  -8.0  4
2267  0.0  0.0  4
2268  0.0  0.0  4
2269  8.0  -8.0  4
2270  8.0  -8.0  4
2271  0.0  0.0  4
2272  0.0  0.0  4
2273  8.0  -8.0  2
2274  8.0  -8.0  2
2275  0.0  0.0  4
2276  8.0  -8.0  2
2277  8.0  -8.0  2
2278  8.0  -8.0  2
2279  0.0  0.0  4
2280  0.0  0.0  4
2281  0.0  0.0  4
2282  8.0  -8.0  4
2283  8.0  -8.0  4
2284  0.0  0.0  4
2285  8.0  -8.0  4
2286  0.0  0.0  4
2287  0.0  0.0  4
2288  0.0  0.0  4
2289  0.0  0.0  4
2290  0.0  0.0  4
2291  0.0  0.0  4
2292  0.0  0.0  4
2293  0.0  0.0  4
2294  0.0  0.0  4
2295  8.0  -8.0  4
2296  0.0  0.0  4
2297  8.0  -8.0  4
2298  0.0  0.0  4
2299  8.0  -8.0  2
2300  8.0  -8.0  2
2301  8.0  -8.0  4
2302  0.0  0.0  4
2303  0.0  0.0  4
2304  0.0  0.0  4
2305  8.0  -8.0  2
2306  0.0  0.0  4
2307  0.0  0.0  4
2308  0.0  0.0  4
2309  8.0  -8.0  4
2310  8.0  -8.0  2
2311  0.0  0.0  4
2312  0.0  0.0  4
2313  8.0  -8.0  2
2314  0.0  0.0  4
2315  8.0  -8.0  4
2316  0.0  0.0  4
2317  0.0  0.0  4
2318  0.0  0.0  4
2319  8.0  -8.0  4
2320  8.0  -8.0  4
2321  0.0  0.0  4
2322  8.0  -8.0  4
2323  0.0  0.0  4
2324  0.0  0.0  4
2325  8.0  -8.0  4
2326  8.0  -8.0  4
2327  0.0  0.0  4
2328  0.0  0.0  4
2329  8.0  -8.0  4
2330  8.0  -8.0  4
2331  8.0  -8.0  4
2332  8.0  -8.0  2
2333  0.0  0.0  4
2334  0.0  0.0  4
2335  0.0  0.0  4
2336  8.0  -8.0  2
2337  8.0  -8.0  2
2338  0.0  0.0  4
2339  0.0  0.0  4
2340  8.0  -8.0  2
2341  8.0  -8.0  2
2342  0.0  0.0  4
2343  0.0  0.0  4
2344  0.0  0.0  4
2345  8.0  -8.0  4
2346  8.0  -8.0  4
2347  0.0  0.0  4
2348  8.0  -8.0  4
2349  0.0  0.0  4
2350  8.0  -8.0  4
2351  0.0  0.0  4
2352  0.0  0.0  4
2353  8.0  -8.0  4
2354  8.0  -8.0  4
2355  8.0  -8.0  2
2356  8.0  -8.0  2
2357  8.0  -8.0  4
2358  8.0  -8.0  2
2359  0.0  0.0  4
2360  0.0  0.0  4
2361  0.0  0.0  4
2362  8.0  -8.0  4
2363  0.0  0.0  4
2364  8.0  -8.0  4
2365  0.0  0.0  4
2366  0.0  0.0  4
2367  0.0  0.0  4
2368  0.0  0.0  4
2369  0.0  0.0  4
2370  8.0  -8.0  2
2371  0.0  0.0  4
2372  0.0  0.0  4
2373  8.0  -8.0  2
2374  8.0  -8.0  2
2375  8.0  -8.0  2
2376  0.0  0.0  4
2377  8.0  -8.0  4
2378  0.0  0.0  4
2379  0.0  0.0  4
2380  0.0  0.0  4
2381  8.0  -8.0  4
2382  0.0  0.0  4
2383  8.0  -8.0  2
2384  8.0  -8.0  4
2385  0.0  0.0  4
2386  0.0  0.0  4
2387  8.0  -8.0  2
2388  0.0  0.0  4
2389  0.0  0.0  4
2390  8.0  -8.0  2
2391  8.0  -8.0  4
2392  8.0  -8.0  2
2393  8.0  -8.0  4
2394  0.0  0.0  4
2395  0.0  0.0  4
2396  8.0  -8.0  2
2397  0.0  0.0  4
2398  0.0  0.0  4
2399  0.0  0.0  4
2400  8.0  -8.0  2
2401  0.0  0.0  4
2402  0.0  0.0  4
2403  8.0  -8.0  2
2404  0.0  0.0  4
2405  0.0  0.0  4
2406  8.0  -8.0  2
2407  0.0  0.0  4
2408  8.0  -8.0  4
2409  8.0  -8.0  2
2410  0.0  0.0  4
2411  0.0  0.0  4
2412  0.0  0.0  4
2413  8.0  -8.0  4
2414  0.0  0.0  4
2415  0.0  0.0  4
2416  8.0  -8.0  4
2417  0.0  0.0  4
2418  8.0  -8.0  2
2419  0.0  0.0  4
2420  0.0  0.0  4
2421  0.0  0.0  4
2422  0.0  0.0  4
2423  0.0  0.0  4
2424  8.0  -8.0  2
2425  0.0  0.0  4
2426  8.0  -8.0  4
2427  0.0  0.0  4
2428  8.0  -8.0  2
2429  0.0  0.0  4
2430  8.0  -8.0  2
2431  0.0  0.0  4
2432  0.0  0.0  4
2433  8.0  -8.0  4
2434  0.0  0.0  4
2435  8.0  -8.0  4
2436  8.0  -8.0  2
2437  0.0  0.0  4
2438  8.0  -8.0  2
2439  8.0  -8.0  4
2440  8.0  -8.0  4
2441  0.0  0.0  4
2442  0.0  0.0  4
2443  8.0  -8.0  4
2444  0.0  0.0  4
2445  8.0  -8.0  4
2446  8.0  -8.0  2
2447  8.0  -8.0  4
2448  0.0  0.0  4
2449  8.0  -8.0  4
2450  0.0  0.0  4
2451  8.0  -8.0  4
2452  8.0  -8.0  4
2453  8.0  -8.0  2
2454  0.0  0.0  4
2455  8.0  -8.0  4
2456  8.0  -8.0  2
2457  0.0  0.0  4
2458  8.0  -8.0  2
2459  8.0  -8.0  2
2460  0.0  0.0  4
2461  8.0  -8.0  2
2462  8.0  -8.0  2
2463  8.0  -8.0  4
2464  8.0  -8.0  4
2465  0.0  0.0  4
2466  0.0  0.0  4
2467  8.0  -8.0  2
2468  8.0  -8.0  2
2469  0.0  0.0  4
2470  8.0  -8.0  4
2471  0.0  0.0  4
2472  8.0  -8.0  4
2473  8.0  -8.0  4
2474  0.0  0.0  4
2475  0.0  0.0  4
2476  8.0  -8.0  4
2477  0.0  0.0  4
2478  0.0  0.0  4
2479  0.0  0.0  4
2480  8.0  -8.0  2
2481  8.0  -8.0  4
2482  0.0  0.0  4
2483  8.0  -8.0  4
2484  0.0  0.0  4
2485  0.0  0.0  4
2486  8.0  -8.0  2
2487  8.0  -8.0  4
2488  0.0  0.0  4
2489  8.0  -8.0  4
2490  0.0  0.0  4
2491  8.0  -8.0  4
2492  0.0  0.0  4
2493  8.0  -8.0  2
2494  0.0  0.0  4
2495  0.0  0.0  4
2496  0.0  0.0  4
2497  0.0  0.0  4
2498  8.0  -8.0  4
2499  8.0  -8.0  4
2500  8.0  -8.0  2
2501  8.0  -8.0  4
2502  8.0  -8.0  2
2503  0.0  0.0  4
2504  0.0  0.0  4
2505  8.0  -8.0  2
2506  8.0  -8.0  4
2507  8.0  -8.0  2
2508  8.0  -8.0  2
2509  8.0  -8.0  4
2510  0.0  0.0  4
2511  0.0  0.0  4
2512  8.0  -8.0  2
2513  0.0  0.0  4
2514  0.0  0.0  4
2515  8.0  -8.0  2
2516  8.0  -8.0  2
2517  0.0  0.0  4
2518  0.0  0.0  4
2519  0.0  0.0  4
2520  8.0  -8.0  4
2521  0.0  0.0  4
2522  0.0  0.0  4
2523  0.0  0.0  4
2524  8.0  -8.0  4
2525  8.0  -8.0  4
2526  8.0  -8.0  4
2527  8.0  -8.0  2
2528  0.0  0.0  4
2529  8.0  -8.0  2
2530  8.0  -8.0  4
2531  0.0  0.0  4
2532  8.0  -8.0  4
2533  8.0  -8.0  2
2534  0.0  0.0  4
2535  0.0  0.0  4
2536  0.0  0.0  4
2537  0.0  0.0  4
2538  0.0  0.0  4
2539  8.0  -8.0  4
2540  0.0  0.0  4
2541  8.0  -8.0  2
2542  0.0  0.0  4
2543  0.0  0.0  4
2544  8.0  -8.0  2
2545  0.0  0.0  4
2546  8.0  -8.0  2
2547  8.0  -8.0  2
2548  8.0  -8.0  2
2549  8.0  -8.0  4
2550  8.0  -8.0  2
2551  0.0  0.0  4
2552  0.0  0.0  4
2553  8.0  -8.0  2
2554  8.0  -8.0  4
2555  8.0  -8.0  2
2556  0.0  0.0  4
2557  0.0  0.0  4
2558  0.0  0.0  4
2559  0.0  0.0  4
2560  8.0  -8.0  4
2561  8.0  -8.0  2
2562  0.0  0.0  4
2563  8.0  -8.0  4
2564  8.0  -8.0  4
2565  0.0  0.0  4
2566  0.0  0.0  4
2567  8.0  -8.0  4
2568  0.0  0.0  4
2569  0.0  0.0  4
2570  8.0  -8.0  2
2571  0.0  0.0  4
2572  8.0  -8.0  2
2573  8.0  -8.0  2
2574  8.0  -8.0  4
2575  0.0  0.0  4
2576  0.0  0.0  4
2577  8.0  -8.0  4
2578  8.0  -8.0  2
2579  0.0  0.0  4
2580  0.0  0.0  4
2581  8.0  -8.0  4
2582  0.0  0.0  4
2583  0.0  0.0  4
2584  8.0  -8.0  2
2585  0.0  0.0  4
2586  0.0  0.0  4
2587  8.0  -8.0  2
2588  8.0  -8.0  4
2589  8.0  -8.0  4
2590  0.0  0.0  4
2591  0.0  0.0  4
2592  0.0  0.0  4
2593  0.0  0.0  4
2594  0.0  0.0  4
2595  8.0  -8.0  4
2596  0.0  0.0  4
2597  0.0  0.0  4
2598  0.0  0.0  4
2599  0.0  0.0  4
2600  8.0  -8.0  4
2601  0.0  0.0  4
2602  0.0  0.0  4
2603  8.0  -8.0  4
2604  0.0  0.0  4
2605  0.0  0.0  4
2606  8.0  -8.0  2
2607  0.0  0.0  4
2608  8.0  -8.0  4
2609  0.0  0.0  4
2610  0.0  0.0  4
2611  8.0  -8.0  4
2612  8.0  -8.0  4
2613  0.0  0.0  4
2614  0.0  0.0  4
2615  8.0  -8.0  4
2616  0.0  0.0  4
2617  8.0  -8.0  4
2618  0.0  0.0  4
2619  8.0  -8.0  2
2620  0.0  0.0  4
2621  8.0  -8.0  2
2622  0.0  0.0  4
2623  0.0  0.0  4
2624  0.0  0.0  4
2625  0.0  0.0  4
2626  8.0  -8.0  2
2627  8.0  -8.0  4
2628  0.0  0.0  4
2629  8.0  -8.0  4
2630  0.0  0.0  4
2631  8.0  -8.0  2
2632  0.0  0.0  4
2633  0.0  0.0  4
2634  0.0  0.0  4
2635  8.0  -8.0  4
2636  0.0  0.0  4
2637  8.0  -8.0  4
2638  0.0  0.0  4
2639  8.0  -8.0  2
2640  8.0  -8.0  4
2641  8.0  -8.0  4
2642  8.0  -8.0  4
2643  0.0  0.0  4
2644  0.0  0.0  4
2645  0.0  0.0  4
2646  0.0  0.0  4
2647  0.0  0.0  4
2648  0.0  0.0  4
2649  0.0  0.0  4
2650  8.0  -8.0  4
2651  0.0  0.0  4
2652  0.0  0.0  4
2653  8.0  -8.0  2
2654  0.0  0.0  4
2655  8.0  -8.0  2
2656  0.0  0.0  4
2657  0.0  0.0  4
2658  0.0  0.0  4
2659  0.0  0.0  4
2660  0.0  0.0  4
2661  0.0  0.0  4
2662  8.0  -8.0  2
2663  0.0  0.0  4
2664  0.0  0.0  4
2665  0.0  0.0  4
2666  0.0  0.0  4
2667  8.0  -8.0  4
2668  8.0  -8.0  2
2669  8.0  -8.0  4
2670  8.0  -8.0  4
2671  0.0  0.0  4
2672  0.0  0.0  4
2673  0.0  0.0  4
2674  0.0  0.0  4
2675  0.0  0.0  4
2676  8.0  -8.0  2
2677  0.0  0.0  4
2678  8.0  -8.0  4
2679  8.0  -8.0  2
2680  0.0  0.0  4
2681  0.0  0.0  4
2682  8.0  -8.0  4
2683  0.0  0.0  4
2684  8.0  -8.0  2
2685  0.0  0.0  4
2686  0.0  0.0  4
2687  8.0  -8.0  4
2688  8.0  -8.0  2
2689  0.0  0.0  4
2690  0.0  0.0  4
2691  0.0  0.0  4
2692  0.0  0.0  4
2693  8.0  -8.0  2
2694  8.0  -8.0  4
2695  0.0  0.0  4
2696  8.0  -8.0  2
2697  0.0  0.0  4
2698  8.0  -8.0  4
2699  8.0  -8.0  2
2700  0.0  0.0  4
2701  0.0  0.0  4
2702  0.0  0.0  4
2703  8.0  -8.0  4
2704  0.0  0.0  4
2705  0.0  0.0  4
2706  8.0  -8.0  4
2707  0.0  0.0  4
2708  8.0  -8.0  2
2709  8.0  -8.0  2
2710  8.0  -8.0  2
2711  8.0  -8.0  2
2712  8.0  -8.0  4
2713  0.0  0.0  4
2714  8.0  -8.0  4
2715  0.0  0.0  4
2716  0.0  0.0  4
2717  8.0  -8.0  4
2718  0.0  0.0  4
2719  8.0  -8.0  4
2720  0.0  0.0  4
2721  0.0  0.0  4
2722  8.0  -8.0  4
2723  8.0  -8.0  2
2724  8.0  -8.0  2
2725  0.0  0.0  4
2726  8.0  -8.0  4
2727  0.0  0.0  4
2728  8.0  -8.0  2
2729  0.0  0.0  4
2730  0.0  0.0  4
2731  0.0  0.0  4
2732  0.0  0.0  4
2733  0.0  0.0  4
2734  8.0  -8.0  2
2735  8.0  -8.0  4
2736  8.0  -8.0  4
2737  8.0  -8.0  2
2738  0.0  0.0  4
2739  8.0  -8.0  2
2740  8.0  -8.0  4
2741  0.0  0.0  4
2742  8.0  -8.0  2
2743  0.0  0.0  4
2744  0.0  0.0  4
2745  8.0  -8.0  4
2746  8.0  -8.0  2
2747  8.0  -8.0  2
2748  0.0  0.0  4
2749  0.0  0.0  4
2750  0.0  0.0  4
2751  0.0  0.0  4
2752  8.0  -8.0  2
2753  0.0  0.0  4
2754  0.0  0.0  4
2755  8.0  -8.0  2
2756  0.0  0.0  4
2757  0.0  0.0  4
2758  0.0  0.0  4
2759  0.0  0.0  4
2760  0.0  0.0  4
2761  0.0  0.0  4
2762  8.0  -8.0  2
2763  0.0  0.0  4
2764  8.0  -8.0  2
2765  0.0  0.0  4
2766  8.0  -8.0  2
2767  0.0  0.0  4
2768  8.0  -8.0  4
2769  8.0  -8.0  2
2770  0.0  0.0  4
2771  8.0  -8.0  2
2772  8.0  -8.0  2
2773  8.0  -8.0  2
2774  0.0  0.0  4
2775  0.0  0.0  4
2776  8.0  -8.0  2
2777  0.0  0.0  4
2778  8.0  -8.0  2
2779  8.0  -8.0  4
2780  8.0  -8.0  4
2781  8.0  -8.0  4
2782  8.0  -8.0  4
2783  0.0  0.0  4
2784  8.0  -8.0  2
2785  8.0  -8.0  2
2786  0.0  0.0  4
2787  0.0  0.0  4
2788  0.0  0.0  4
2789  0.0  0.0  4
2790  8.0  -8.0  4
2791  8.0  -8.0  4
2792  0.0  0.0  4
2793  0.0  0.0  4
2794  0.0  0.0  4
2795  0.0  0.0  4
2796  0.0  0.0  4
2797  0.0  0.0  4
2798  0.0  0.0  4
2799  8.0  -8.0  4
2800  0.0  0.0  4
2801  0.0  0.0  4
2802  8.0  -8.0  4
2803  0.0  0.0  4
2804  8.0  -8.0  4
2805  0.0  0.0  4
2806  8.0  -8.0  4
2807  8.0  -8.0  2
2808  8.0  -8.0  2
2809  8.0  -8.0  4
2810  0.0  0.0  4
2811  8.0  -8.0  2
2812  8.0  -8.0  4
2813  0.0  0.0  4
2814  8.0  -8.0  4
2815  0.0  0.0  4
2816  0.0  0.0  4
2817  8.0  -8.0  2
2818  8.0  -8.0  2
2819  0.0  0.0  4
2820  8.0  -8.0  2
2821  0.0  0.0  4
2822  0.0  0.0  4
2823  0.0  0.0  4
2824  0.0  0.0  4
2825  8.0  -8.0  4
2826  8.0  -8.0  2
2827  0.0  0.0  4
2828  0.0  0.0  4
2829  0.0  0.0  4
2830  8.0  -8.0  4
2831  8.0  -8.0  2
2832  0.0  0.0  4
2833  0.0  0.0  4
2834  8.0  -8.0  4
2835  8.0  -8.0  2
2836  8.0  -8.0  2
2837  0.0  0.0  4
2838  0.0  0.0  4
2839  8.0  -8.0  2
2840  8.0  -8.0  2
2841  8.0  -8.0  2
2842  0.0  0.0  4
2843  8.0  -8.0  2
2844  0.0  0.0  4
2845  8.0  -8.0  4
2846  0.0  0.0  4
2847  0.0  0.0  4
2848  0.0  0.0  4
2849  0.0  0.0  4
2850  8.0  -8.0  2
2851  8.0  -8.0  4
2852  8.0  -8.0  4
2853  0.0  0.0  4
2854  8.0  -8.0  2
2855  0.0  0.0  4
2856  8.0  -8.0  2
2857  8.0  -8.0  4
2858  8.0  -8.0  2
2859  8.0  -8.0  2
2860  8.0  -8.0  4
2861  0.0  0.0  4
2862  0.0  0.0  4
2863  0.0  0.0  4
2864  8.0  -8.0  2
2865  8.0  -8.0  4
2866  8.0  -8.0  4
2867  8.0  -8.0  4
2868  8.0  -8.0  2
2869  0.0  0.0  4
2870  0.0  0.0  4
2871  8.0  -8.0  2
2872  8.0  -8.0  4
2873  0.0  0.0  4
2874  8.0  -8.0  2
2875  0.0  0.0  4
2876  0.0  0.0  4
2877  0.0  0.0  4
2878  0.0  0.0  4
2879  8.0  -8.0  4
2880  8.0  -8.0  2
2881  0.0  0.0  4
2882  8.0  -8.0  4
2883  8.0  -8.0  2
2884  0.0  0.0  4
2885  8.0  -8.0  2
2886  8.0  -8.0  2
2887  0.0  0.0  4
2888  0.0  0.0  4
2889  8.0  -8.0  2
2890  8.0  -8.0  2
2891  0.0  0.0  4
2892  0.0  0.0  4
2893  8.0  -8.0  4
2894  8.0  -8.0  2
2895  8.0  -8.0  4
2896  8.0  -8.0  2
2897  0.0  0.0  4
2898  0.0  0.0  4
2899  8.0  -8.0  4
2900  8.0  -8.0  4
2901  0.0  0.0  4
2902  0.0  0.0  4
2903  0.0  0.0  4
2904  8.0  -8.0  4
2905  8.0  -8.0  2
2906  8.0  -8.0  2
2907  0.0  0.0  4
2908  0.0  0.0  4
2909  8.0  -8.0  2
2910  0.0  0.0  4
2911  8.0  -8.0  2
2912  0.0  0.0  4
2913  0.0  0.0  4
2914  8.0  -8.0  2
2915  8.0  -8.0  4
2916  0.0  0.0  4
2917  8.0  -8.0  4
2918  0.0  0.0  4
2919  0.0  0.0  4
2920  0.0  0.0  4
2921  8.0  -8.0  2
2922  0.0  0.0  4
2923  8.0  -8.0  4
2924  0.0  0.0  4
2925  8.0  -8.0  4
2926  0.0  0.0  4
2927  0.0  0.0  4
2928  0.0  0.0  4
2929  0.0  0.0  4
2930  8.0  -8.0  4
2931  0.0  0.0  4
2932  8.0  -8.0  2
2933  8.0  -8.0  4
2934  0.0  0.0  4
2935  8.0  -8.0  4
2936  8.0  -8.0  2
2937  0.0  0.0  4
2938  8.0  -8.0  2
2939  8.0  -8.0  4
2940  8.0  -8.0  4
2941  0.0  0.0  4
2942  0.0  0.0  4
2943  8.0  -8.0  2
2944  8.0  -8.0  2
2945  8.0  -8.0  2
2946  0.0  0.0  4
2947  8.0  -8.0  2
2948  8.0  -8.0  2
2949  0.0  0.0  4
2950  0.0  0.0  4
2951  0.0  0.0  4
2952  0.0  0.0  4
2953  0.0  0.0  4
2954  8.0  -8.0  4
2955  0.0  0.0  4
2956  0.0  0.0  4
2957  8.0  -8.0  4
2958  0.0  0.0  4
2959  8.0  -8.0  4
2960  0.0  0.0  4
2961  8.0  -8.0  2
2962  0.0  0.0  4
2963  8.0  -8.0  4
2964  0.0  0.0  4
2965  8.0  -8.0  4
2966  0.0  0.0  4
2967  0.0  0.0  4
2968  8.0  -8.0  2
2969  0.0  0.0  4
2970  0.0  0.0  4
2971  8.0  -8.0  4
2972  0.0  0.0  4
2973  8.0  -8.0  2
2974  0.0  0.0  4
2975  8.0  -8.0  4
2976  0.0  0.0  4
2977  0.0  0.0  4
2978  0.0  0.0  4
2979  8.0  -8.0  2
2980  8.0  -8.0  2
2981  0.0  0.0  4
2982  8.0  -8.0  2
2983  0.0  0.0  4
2984  8.0  -8.0  2
2985  0.0  0.0  4
2986  0.0  0.0  4
2987  8.0  -8.0  4
2988  8.0  -8.0  4
2989  0.0  0.0  4
2990  0.0  0.0  4
2991  8.0  -8.0  4
2992  0.0  0.0  4
2993  8.0  -8.0  2
2994  8.0  -8.0  4
2995  8.0  -8.0  4
2996  8.0  -8.0  4
2997  8.0  -8.0  4
2998  0.0  0.0  4
2999  0.0  0.0  4
3000  0.0  0.0  4
3001  8.0  -8.0  2
3002  0.0  0.0  4
3003  8.0  -8.0  4
3004  0.0  0.0  4
3005  0.0  0.0  4
3006  8.0  -8.0  2
3007  8.0  -8.0  2
3008  0.0  0.0  4
3009  0.0  0.0  4
3010  8.0  -8.0  2
3011  0.0  0.0  4
3012  8.0  -8.0  2
3013  8.0  -8.0  2
3014  8.0  -8.0  4
3015  0.0  0.0  4
3016  8.0  -8.0  4
3017  8.0  -8.0  2
3018  8.0  -8.0  4
3019  0.0  0.0  4
3020  8.0  -8.0  2
3021  8.0  -8.0  2
3022  0.0  0.0  4
3023  8.0  -8.0  4
3024  8.0  -8.0  4
3025  0.0  0.0  4
3026  8.0  -8.0  2
3027  0.0  0.0  4
3028  8.0  -8.0  4
3029  0.0  0.0  4
3030  0.0  0.0  4
3031  0.0  0.0  4
3032  0.0  0.0  4
3033  8.0  -8.0  2
3034  0.0  0.0  4
3035  8.0  -8.0  4
3036  8.0  -8.0  4
3037  0.0  0.0  4
3038  8.0  -8.0  2
3039  0.0  0.0  4
3040  0.0  0.0  4
3041  0.0  0.0  4
3042  0.0  0.0  4
3043  8.0  -8.0  4
3044  0.0  0.0  4
3045  8.0  -8.0  4
3046  0.0  0.0  4
3047  0.0  0.0  4
3048  0.0  0.0  4
3049  0.0  0.0  4
3050  0.0  0.0  4
3051  0.0  0.0  4
3052  8.0  -8.0  2
3053  0.0  0.0  4
3054  8.0  -8.0  4
3055  0.0  0.0  4
3056  8.0  -8.0  4
3057  8.0  -8.0  2
3058  0.0  0.0  4
3059  0.0  0.0  4
3060  0.0  0.0  4
3061  8.0  -8.0  4
3062  8.0  -8.0  2
3063  0.0  0.0  4
3064  0.0  0.0  4
3065  8.0  -8.0  4
3066  0.0  0.0  4
3067  8.0  -8.0  2
3068  0.0  0.0  4
3069  8.0  -8.0  4
3070  0.0  0.0  4
3071  0.0  0.0  4
3072  8.0  -8.0  4
3073  8.0  -8.0  4
3074  8.0  -8.0  4
3075  8.0  -8.0  2
3076  0.0  0.0  4
3077  8.0  -8.0  2
3078  0.0  0.0  4
3079  8.0  -8.0  2
3080  8.0  -8.0  4
3081  8.0  -8.0  4
3082  8.0  -8.0  2
3083  0.0  0.0  4
3084  0.0  0.0  4
3085  0.0  0.0  4
3086  0.0  0.0  4
3087  0.0  0.0  4
3088  0.0  0.0  4
3089  0.0  0.0  4
3090  8.0  -8.0  4
3091  8.0  -8.0  2
3092  8.0  -8.0  4
3093  0.0  0.0  4
3094  8.0  -8.0  2
3095  8.0  -8.0  2
3096  0.0  0.0  4
3097  0.0  0.0  4
3098  8.0  -8.0  2
3099  8.0  -8.0  4
3100  0.0  0.0  4
3101  8.0  -8.0  4
3102  0.0  0.0  4
3103  8.0  -8.0  4
3104  0.0  0.0  4
3105  0.0  0.0  4
3106  8.0  -8.0  4
3107  0.0  0.0  4
3108  8.0  -8.0  2
3109  0.0  0.0  4
3110  8.0  -8.0  4
3111  8.0  -8.0  4
3112  8.0  -8.0  4
3113  0.0  0.0  4
3114  0.0  0.0  4
3115  0.0  0.0  4
3116  0.0  0.0  4
3117  0.0  0.0  4
3118  8.0  -8.0  4
3119  8.0  -8.0  2
3120  0.0  0.0  4
3121  0.0  0.0  4
3122  8.0  -8.0  4
3123  0.0  0.0  4
3124  0.0  0.0  4
3125  0.0  0.0  4
3126  8.0  -8.0  4
3127  0.0  0.0  4
3128  8.0  -8.0  4
3129  8.0  -8.0  2
3130  0.0  0.0  4
3131  8.0  -8.0  2
3132  8.0  -8.0  2
3133  8.0  -8.0  2
3134  0.0  0.0  4
3135  8.0  -8.0  2
3136  8.0  -8.0  4
3137  0.0  0.0  4
3138  8.0  -8.0  4
3139  8.0  -8.0  2
3140  8.0  -8.0  2
3141  8.0  -8.0  4
3142  8.0  -8.0  4
3143  8.0  -8.0  4
3144  0.0  0.0  4
3145  8.0  -8.0  4
3146  0.0  0.0  4
3147  8.0  -8.0  2
3148  8.0  -8.0  2
3149  0.0  0.0  4
3150  8.0  -8.0  4
3151  0.0  0.0  4
3152  0.0  0.0  4
3153  0.0  0.0  4
3154  0.0  0.0  4
3155  0.0  0.0  4
3156  0.0  0.0  4
3157  0.0  0.0  4
3158  0.0  0.0  4
3159  0.0  0.0  4
3160  0.0  0.0  4
3161  0.0  0.0  4
3162  8.0  -8.0  4
3163  0.0  0.0  4
3164  8.0  -8.0  2
3165  0.0  0.0  4
3166  0.0  0.0  4
3167  8.0  -8.0  2
3168  8.0  -8.0  4
3169  0.0  0.0  4
3170  8.0  -8.0  4
3171  0.0  0.0  4
3172  8.0  -8.0  4
3173  0.0  0.0  4
3174  8.0  -8.0  4
3175  8.0  -8.0  4
3176  0.0  0.0  4
3177  0.0  0.0  4
3178  8.0  -8.0  2
3179  8.0  -8.0  4
3180  8.0  -8.0  4
3181  0.0  0.0  4
3182  0.0  0.0  4
3183  8.0  -8.0  2
3184  8.0  -8.0  4
3185  0.0  0.0  4
3186  8.0  -8.0  2
3187  0.0  0.0  4
3188  8.0  -8.0  2
3189  0.0  0.0  4
3190  8.0  -8.0  2
3191  0.0  0.0  4
3192  8.0  -8.0  4
3193  8.0  -8.0  2
3194  8.0  -8.0  4
3195  8.0  -8.0  4
3196  0.0  0.0  4
3197  0.0  0.0  4
3198  0.0  0.0  4
3199  0.0  0.0  4
3200  8.0  -8.0  4
3201  0.0  0.0  4
3202  8.0  -8.0  4
3203  0.0  0.0  4
3204  8.0  -8.0  2
3205  0.0  0.0  4
3206  8.0  -8.0  4
3207  8.0  -8.0  2
3208  8.0  -8.0  2
3209  0.0  0.0  4
3210  0.0  0.0  4
3211  8.0  -8.0  2
3212  0.0  0.0  4
3213  0.0  0.0  4
3214  0.0  0.0  4
3215  0.0  0.0  4
3216  0.0  0.0  4
3217  0.0  0.0  4
3218  8.0  -8.0  2
3219  8.0  -8.0  4
3220  0.0  0.0  4
3221  8.0  -8.0  4
3222  0.0  0.0  4
3223  8.0  -8.0  4
3224  0.0  0.0  4
3225  8.0  -8.0  4
3226  8.0  -8.0  4
3227  8.0  -8.0  4
3228  0.0  0.0  4
3229  8.0  -8.0  2
3230  8.0  -8.0  4
3231  8.0  -8.0  2
3232  8.0  -8.0  2
3233  8.0  -8.0  2
3234  8.0  -8.0  2
3235  8.0  -8.0  2
3236  0.0  0.0  4
3237  0.0  0.0  4
3238  8.0  -8.0  4
3239  0.0  0.0  4
3240  8.0  -8.0  4
3241  0.0  0.0  4
3242  8.0  -8.0  4
3243  8.0  -8.0  4
3244  8.0  -8.0  2
3245  0.0  0.0  4
3246  0.0  0.0  4
3247  0.0  0.0  4
3248  0.0  0.0  4
3249  8.0  -8.0  2
3250  0.0  0.0  4
3251  0.0  0.0  4
3252  8.0  -8.0  4
3253  8.0  -8.0  4
3254  8.0  -8.0  2
3255  0.0  0.0  4
3256  0.0  0.0  4
3257  8.0  -8.0  2
3258  8.0  -8.0  4
3259  8.0  -8.0  2
3260  8.0  -8.0  4
3261  0.0  0.0  4
3262  0.0  0.0  4
3263  0.0  0.0  4
3264  8.0  -8.0  4
3265  8.0  -8.0  4
3266  8.0  -8.0  4
3267  8.0  -8.0  4
3268  8.0  -8.0  2
3269  0.0  0.0  4
3270  0.0  0.0  4
3271  8.0  -8.0  4
3272  0.0  0.0  4
3273  0.0  0.0  4
3274  0.0  0.0  4
3275  8.0  -8.0  2
3276  8.0  -8.0  4
3277  8.0  -8.0  2
3278  0.0  0.0  4
3279  0.0  0.0  4
3280  8.0  -8.0  2
3281  0.0  0.0  4
3282  8.0  -8.0  4
3283  8.0  -8.0  2
3284  0.0  0.0  4
3285  8.0  -8.0  4
3286  8.0  -8.0  4
3287  8.0  -8.0  4
3288  8.0  -8.0  2
3289  8.0  -8.0  2
3290  8.0  -8.0  2
3291  0.0  0.0  4
3292  8.0  -8.0  2
3293  8.0  -8.0  4
3294  8.0  -8.0  4
3295  8.0  -8.0  2
3296  8.0  -8.0  2
3297  0.0  0.0  4
3298  8.0  -8.0  4
3299  0.0  0.0  4
3300  0.0  0.0  4
3301  0.0  0.0  4
3302  0.0  0.0  4
3303  0.0  0.0  4
3304  0.0  0.0  4
3305  0.0  0.0  4
3306  0.0  0.0  4
3307  8.0  -8.0  4
3308  0.0  0.0  4
3309  8.0  -8.0  4
3310  8.0  -8.0  4
3311  8.0  -8.0  2
3312  8.0  -8.0  4
3313  8.0  -8.0  2
3314  8.0  -8.0  2
3315  0.0  0.0  4
3316  0.0  0.0  4
3317  8.0  -8.0  2
3318  0.0  0.0  4
3319  0.0  0.0  4
3320  0.0  0.0  4
3321  8.0  -8.0  4
3322  0.0  0.0  4
3323  0.0  0.0  4
3324  8.0  -8.0  2
3325  8.0  -8.0  2
3326  8.0  -8.0  2
3327  0.0  0.0  4
3328  0.0  0.0  4
3329  0.0  0.0  4
3330  0.0  0.0  4
3331  8.0  -8.0  4
3332  8.0  -8.0  4
3333  0.0  0.0  4
3334  0.0  0.0  4
3335  0.0  0.0  4
3336  0.0  0.0  4
3337  8.0  -8.0  2
3338  8.0  -8.0  2
3339  8.0  -8.0  4
3340  0.0  0.0  4
3341  8.0  -8.0  4
3342  8.0  -8.0  2
3343  0.0  0.0  4
3344  8.0  -8.0  2
3345  8.0  -8.0  2
3346  8.0  -8.0  2
3347  8.0  -8.0  2
3348  8.0  -8.0  2
3349  8.0  -8.0  2
3350  8.0  -8.0  4
3351  8.0  -8.0  4
3352  0.0  0.0  4
3353  0.0  0.0  4
3354  0.0  0.0  4
3355  8.0  -8.0  4
3356  8.0  -8.0  2
3357  0.0  0.0  4
3358  8.0  -8.0  2
3359  8.0  -8.0  4
3360  0.0  0.0  4
3361  0.0  0.0  4
3362  8.0  -8.0  4
3363  0.0  0.0  4
3364  0.0  0.0  4
3365  0.0  0.0  4
3366  0.0  0.0  4
3367  0.0  0.0  4
3368  8.0  -8.0  4
3369  0.0  0.0  4
3370  0.0  0.0  4
3371  0.0  0.0  4
3372  0.0  0.0  4
3373  8.0  -8.0  2
3374  0.0  0.0  4
3375  0.0  0.0  4
3376  0.0  0.0  4
3377  0.0  0.0  4
3378  8.0  -8.0  2
3379  0.0  0.0  4
3380  0.0  0.0  4
3381  8.0  -8.0  4
3382  8.0  -8.0  2
3383  0.0  0.0  4
3384  8.0  -8.0  4
3385  8.0  -8.0  2
3386  0.0  0.0  4
3387  8.0  -8.0  4
3388  0.0  0.0  4
3389  0.0  0.0  4
3390  8.0  -8.0  2
3391  0.0  0.0  4
3392  8.0  -8.0  4
3393  8.0  -8.0  4
3394  8.0  -8.0  2
3395  8.0  -8.0  2
3396  8.0  -8.0  2
3397  8.0  -8.0  2
3398  0.0  0.0  4
3399  0.0  0.0  4
3400  0.0  0.0  4
3401  8.0  -8.0  2
3402  8.0  -8.0  2
3403  0.0  0.0  4
3404  8.0  -8.0  4
3405  0.0  0.0  4
3406  8.0  -8.0  2
3407  8.0  -8.0  2
3408  8.0  -8.0  2
3409  0.0  0.0  4
3410  0.0  0.0  4
3411  8.0  -8.0  2
3412  8.0  -8.0  4
3413  8.0  -8.0  4
3414  0.0  0.0  4
3415  0.0  0.0  4
3416  8.0  -8.0  4
3417  8.0  -8.0  4
3418  8.0  -8.0  2
3419  8.0  -8.0  2
3420  8.0  -8.0  4
3421  8.0  -8.0  2
3422  0.0  0.0  4
3423  0.0  0.0  4
3424  0.0  0.0  4
3425  8.0  -8.0  4
3426  8.0  -8.0  2
3427  0.0  0.0  4
3428  8.0  -8.0  4
3429  8.0  -8.0  2
3430  0.0  0.0  4
3431  0.0  0.0  4
3432  8.0  -8.0  4
3433  0.0  0.0  4
3434  0.0  0.0  4
3435  0.0  0.0  4
3436  8.0  -8.0  4
3437  8.0  -8.0  4
3438  0.0  0.0  4
3439  8.0  -8.0  2
3440  8.0  -8.0  4
3441  8.0  -8.0  4
3442  8.0  -8.0  2
3443  0.0  0.0  4
3444  8.0  -8.0  2
3445  0.0  0.0  4
3446  0.0  0.0  4
3447  8.0  -8.0  2
3448  8.0  -8.0  2
3449  8.0  -8.0  4
3450  8.0  -8.0  4
3451  0.0  0.0  4
3452  0.0  0.0  4
3453  0.0  0.0  4
3454  8.0  -8.0  4
3455  0.0  0.0  4
3456  0.0  0.0  4
3457  0.0  0.0  4
3458  0.0  0.0  4
3459  8.0  -8.0  4
3460  8.0  -8.0  4
3461  8.0  -8.0  2
3462  0.0  0.0  4
3463  8.0  -8.0  4
3464  0.0  0.0  4
3465  8.0  -8.0  4
3466  8.0  -8.0  2
3467  0.0  0.0  4
3468  0.0  0.0  4
3469  8.0  -8.0  2
3470  0.0  0.0  4
3471  0.0  0.0  4
3472  8.0  -8.0  2
3473  8.0  -8.0  2
3474  8.0  -8.0  4
3475  0.0  0.0  4
3476  8.0  -8.0  4
3477  8.0  -8.0  4
3478  0.0  0.0  4
3479  8.0  -8.0  4
3480  8.0  -8.0  2
3481  0.0  0.0  4
3482  0.0  0.0  4
3483  0.0  0.0  4
3484  8.0  -8.0  2
3485  0.0  0.0  4
3486  0.0  0.0  4
3487  8.0  -8.0  4
3488  0.0  0.0  4
3489  8.0  -8.0  4
3490  0.0  0.0  4
3491  8.0  -8.0  4
3492  8.0  -8.0  4
3493  8.0  -8.0  4
3494  8.0  -8.0  4
3495  8.0  -8.0  2
3496  8.0  -8.0  4
3497  0.0  0.0  4
3498  8.0  -8.0  4
3499  8.0  -8.0  4
3500  0.0  0.0  4
3501  0.0  0.0  4
3502  8.0  -8.0  2
3503  0.0  0.0  4
3504  0.0  0.0  4
3505  8.0  -8.0  2
3506  0.0  0.0  4
3507  0.0  0.0  4
3508  0.0  0.0  4
3509  8.0  -8.0  2
3510  8.0  -8.0  2
3511  8.0  -8.0  4
3512  0.0  0.0  4
3513  8.0  -8.0  2
3514  8.0  -8.0  4
3515  0.0  0.0  4
3516  8.0  -8.0  2
3517  8.0  -8.0  4
3518  0.0  0.0  4
3519  8.0  -8.0  2
3520  0.0  0.0  4
3521  8.0  -8.0  4
3522  0.0  0.0  4
3523  8.0  -8.0  4
3524  0.0  0.0  4
3525  8.0  -8.0  4
3526  0.0  0.0  4
3527  0.0  0.0  4
3528  0.0  0.0  4
3529  0.0  0.0  4
3530  0.0  0.0  4
3531  8.0  -8.0  4
3532  8.0  -8.0  4
3533  8.0  -8.0  2
3534  8.0  -8.0  4
3535  0.0  0.0  4
3536  8.0  -8.0  2
3537  0.0  0.0  4
3538  8.0  -8.0  4
3539  8.0  -8.0  2
3540  8.0  -8.0  4
3541  8.0  -8.0  4
3542  8.0  -8.0  4
3543  8.0  -8.0  2
3544  0.0  0.0  4
3545  8.0  -8.0  2
3546  8.0  -8.0  2
3547  0.0  0.0  4
3548  8.0  -8.0  4
3549  8.0  -8.0  2
3550  0.0  0.0  4
3551  0.0  0.0  4
3552  0.0  0.0  4
3553  0.0  0.0  4
3554  8.0  -8.0  2
3555  0.0  0.0  4
3556  0.0  0.0  4
3557  0.0  0.0  4
3558  0.0  0.0  4
3559  8.0  -8.0  4
3560  8.0  -8.0  2
3561  0.0  0.0  4
3562  8.0  -8.0  2
3563  8.0  -8.0  2
3564  8.0  -8.0  2
3565  8.0  -8.0  2
3566  0.0  0.0  4
3567  0.0  0.0  4
3568  0.0  0.0  4
3569  0.0  0.0  4
3570  8.0  -8.0  2
3571  0.0  0.0  4
3572  8.0  -8.0  4
3573  0.0  0.0  4
3574  8.0  -8.0  4
3575  0.0  0.0  4
3576  0.0  0.0  4
3577  8.0  -8.0  4
3578  8.0  -8.0  2
3579  0.0  0.0  4
3580  0.0  0.0  4
3581  8.0  -8.0  4
3582  0.0  0.0  4
3583  8.0  -8.0  4
3584  0.0  0.0  4
3585  8.0  -8.0  4
3586  8.0  -8.0  4
3587  0.0  0.0  4
3588  0.0  0.0  4
3589  0.0  0.0  4
3590  0.0  0.0  4
3591  8.0  -8.0  2
3592  0.0  0.0  4
3593  8.0  -8.0  2
3594  8.0  -8.0  2
3595  8.0  -8.0  2
3596  8.0  -8.0  2
3597  0.0  0.0  4
3598  0.0  0.0  4
3599  0.0  0.0  4
3600  0.0  0.0  4
3601  0.0  0.0  4
3602  8.0  -8.0  2
3603  0.0  0.0  4
3604  8.0  -8.0  2
3605  0.0  0.0  4
3606  8.0  -8.0  2
3607  8.0  -8.0  2
3608  0.0  0.0  4
3609  8.0  -8.0  4
3610  8.0  -8.0  4
3611  0.0  0.0  4
3612  0.0  0.0  4
3613  0.0  0.0  4
3614  0.0  0.0  4
3615  8.0  -8.0  4
3616  0.0  0.0  4
3617  0.0  0.0  4
3618  0.0  0.0  4
3619  8.0  -8.0  4
3620  0.0  0.0  4
3621  8.0  -8.0  4
3622  8.0  -8.0  2
3623  8.0  -8.0  2
3624  8.0  -8.0  4
3625  0.0  0.0  4
3626  8.0  -8.0  4
3627  8.0  -8.0  4
3628  8.0  -8.0  4
3629  8.0  -8.0  4
3630  0.0  0.0  4
3631  0.0  0.0  4
3632  8.0  -8.0  2
3633  8.0  -8.0  4
3634  8.0  -8.0  4
3635  0.0  0.0  4
3636  8.0  -8.0  4
3637  0.0  0.0  4
3638  8.0  -8.0  4
3639  8.0  -8.0  4
3640  8.0  -8.0  4
3641  8.0  -8.0  4
3642  0.0  0.0  4
3643  8.0  -8.0  4
3644  0.0  0.0  4
3645  8.0  -8.0  2
3646  8.0  -8.0  2
3647  8.0  -8.0  2
3648  0.0  0.0  4
3649  8.0  -8.0  2
3650  0.0  0.0  4
3651  8.0  -8.0  4
3652  0.0  0.0  4
3653  8.0  -8.0  4
3654  0.0  0.0  4
3655  0.0  0.0  4
3656  0.0  0.0  4
3657  0.0  0.0  4
3658  8.0  -8.0  2
3659  8.0  -8.0  4
3660  8.0  -8.0  4
3661  8.0  -8.0  4
3662  8.0  -8.0  2
3663  8.0  -8.0  4
3664  0.0  0.0  4
3665  0.0  0.0  4
3666  0.0  0.0  4
3667  8.0  -8.0  4
3668  8.0  -8.0  4
3669  0.0  0.0  4
3670  0.0  0.0  4
3671  8.0  -8.0  4
3672  0.0  0.0  4
3673  0.0  0.0  4
3674  0.0  0.0  4
3675  0.0  0.0  4
3676  8.0  -8.0  4
3677  0.0  0.0  4
3678  0.0  0.0  4
3679  8.0  -8.0  4
3680  8.0  -8.0  2
3681  8.0  -8.0  4
3682  0.0  0.0  4
3683  0.0  0.0  4
3684  0.0  0.0  4
3685  0.0  0.0  4
3686  0.0  0.0  4
3687  8.0  -8.0  4
3688  0.0  0.0  4
3689  0.0  0.0  4
3690  8.0  -8.0  4
3691  0.0  0.0  4
3692  0.0  0.0  4
3693  0.0  0.0  4
3694  0.0  0.0  4
3695  0.0  0.0  4
3696  8.0  -8.0  2
3697  0.0  0.0  4
3698  8.0  -8.0  2
3699  0.0  0.0  4
3700  0.0  0.0  4
3701  0.0  0.0  4
3702  8.0  -8.0  2
3703  8.0  -8.0  4
3704  0.0  0.0  4
3705  0.0  0.0  4
3706  8.0  -8.0  2
3707  8.0  -8.0  2
3708  0.0  0.0  4
3709  0.0  0.0  4
3710  8.0  -8.0  2
3711  0.0  0.0  4
3712  0.0  0.0  4
3713  0.0  0.0  4
3714  8.0  -8.0  4
3715  8.0  -8.0  4
3716  8.0  -8.0  2
3717  0.0  0.0  4
3718  0.0  0.0  4
3719  0.0  0.0  4
3720  8.0  -8.0  4
3721  8.0  -8.0  2
3722  0.0  0.0  4
3723  8.0  -8.0  2
3724  0.0  0.0  4
3725  0.0  0.0  4
3726  8.0  -8.0  4
3727  0.0  0.0  4
3728  8.0  -8.0  2
3729  8.0  -8.0  4
3730  8.0  -8.0  4
3731  8.0  -8.0  2
3732  8.0  -8.0  2
3733  8.0  -8.0  2
3734  8.0  -8.0  2
3735  0.0  0.0  4
3736  0.0  0.0  4
3737  8.0  -8.0  2
3738  8.0  -8.0  4
3739  8.0  -8.0  2
3740  8.0  -8.0  4
3741  8.0  -8.0  4
3742  8.0  -8.0  2
3743  0.0  0.0  4
3744  8.0  -8.0  2
3745  8.0  -8.0  4
3746  0.0  0.0  4
3747  0.0  0.0  4
3748  0.0  0.0  4
3749  8.0  -8.0  4
3750  0.0  0.0  4
3751  8.0  -8.0  4
3752  0.0  0.0  4
3753  8.0  -8.0  2
3754  8.0  -8.0  2
3755  0.0  0.0  4
3756  0.0  0.0  4
3757  8.0  -8.0  4
3758  0.0  0.0  4
3759  8.0  -8.0  2
3760  8.0  -8.0  4
3761  0.0  0.0  4
3762  0.0  0.0  4
3763  8.0  -8.0  4
3764  0.0  0.0  4
3765  8.0  -8.0  4
3766  0.0  0.0  4
3767  8.0  -8.0  2
3768  8.0  -8.0  4
3769  0.0  0.0  4
3770  0.0  0.0  4
3771  0.0  0.0  4
3772  0.0  0.0  4
3773  0.0  0.0  4
3774  0.0  0.0  4
3775  8.0  -8.0  2
3776  8.0  -8.0  4
3777  8.0  -8.0  4
3778  8.0  -8.0  4
3779  0.0  0.0  4
3780  0.0  0.0  4
3781  8.0  -8.0  4
3782  0.0  0.0  4
3783  0.0  0.0  4
3784  8.0  -8.0  2
3785  0.0  0.0  4
3786  0.0  0.0  4
3787  8.0  -8.0  4
3788  8.0  -8.0  4
3789  0.0  0.0  4
3790  8.0  -8.0  2
3791  0.0  0.0  4
3792  0.0  0.0  4
3793  0.0  0.0  4
3794  0.0  0.0  4
3795  0.0  0.0  4
3796  8.0  -8.0  2
3797  8.0  -8.0  4
3798  8.0  -8.0  2
3799  0.0  0.0  4
3800  0.0  0.0  4
3801  0.0  0.0  4
3802  8.0  -8.0  4
3803  0.0  0.0  4
3804  8.0  -8.0  4
3805  8.0  -8.0  4
3806  0.0  0.0  4
3807  0.0  0.0  4
3808  8.0  -8.0  2
3809  8.0  -8.0  4
3810  8.0  -8.0  4
3811  8.0  -8.0  4
3812  0.0  0.0  4
3813  8.0  -8.0  4
3814  8.0  -8.0  2
3815  8.0  -8.0  4
3816  8.0  -8.0  2
3817  8.0  -8.0  4
3818  0.0  0.0  4
3819  0.0  0.0  4
3820  8.0  -8.0  4
3821  8.0  -8.0  2
3822  8.0  -8.0  2
3823  8.0  -8.0  2
3824  8.0  -8.0  2
3825  8.0  -8.0  4
3826  0.0  0.0  4
3827  8.0  -8.0  2
3828  0.0  0.0  4
3829  0.0  0.0  4
3830  0.0  0.0  4
3831  0.0  0.0  4
3832  0.0  0.0  4
3833  0.0  0.0  4
3834  0.0  0.0  4
3835  0.0  0.0  4
3836  0.0  0.0  4
3837  0.0  0.0  4
3838  8.0  -8.0  2
3839  8.0  -8.0  4
3840  0.0  0.0  4
3841  0.0  0.0  4
3842  0.0  0.0  4
3843  8.0  -8.0  2
3844  0.0  0.0  4
3845  0.0  0.0  4
3846  8.0  -8.0  4
3847  0.0  0.0  4
3848  0.0  0.0  4
3849  8.0  -8.0  4
3850  0.0  0.0  4
3851  8.0  -8.0  4
3852  0.0  0.0  4
3853  8.0  -8.0  2
3854  0.0  0.0  4
3855  0.0  0.0  4
3856  8.0  -8.0  4
3857  0.0  0.0  4
3858  0.0  0.0  4
3859  0.0  0.0  4
3860  8.0  -8.0  2
3861  8.0  -8.0  2
3862  0.0  0.0  4
3863  8.0  -8.0  4
3864  0.0  0.0  4
3865  0.0  0.0  4
3866  0.0  0.0  4
3867  8.0  -8.0  2
3868  8.0  -8.0  4
3869  8.0  -8.0  2
3870  0.0  0.0  4
3871  8.0  -8.0  4
3872  0.0  0.0  4
3873  8.0  -8.0  2
3874  8.0  -8.0  2
3875  8.0  -8.0  4
3876  0.0  0.0  4
3877  8.0  -8.0  4
3878  8.0  -8.0  2
3879  0.0  0.0  4
3880  0.0  0.0  4
3881  0.0  0.0  4
3882  8.0  -8.0  4
3883  8.0  -8.0  4
3884  8.0  -8.0  2
3885  8.0  -8.0  2
3886  0.0  0.0  4
3887  0.0  0.0  4
3888  0.0  0.0  4
3889  8.0  -8.0  2
3890  8.0  -8.0  2
3891  0.0  0.0  4
3892  8.0  -8.0  4
3893  0.0  0.0  4
3894  0.0  0.0  4
3895  0.0  0.0  4
3896  8.0  -8.0  4
3897  0.0  0.0  4
3898  0.0  0.0  4
3899  0.0  0.0  4
3900  0.0  0.0  4
3901  8.0  -8.0  2
3902  8.0  -8.0  2
3903  8.0  -8.0  2
3904  8.0  -8.0  2
3905  8.0  -8.0  2
3906  8.0  -8.0  2
3907  0.0  0.0  4
3908  0.0  0.0  4
3909  8.0  -8.0  2
3910  8.0  -8.0  4
3911  8.0  -8.0  2
3912  8.0  -8.0  2
3913  0.0  0.0  4
3914  0.0  0.0  4
3915  8.0  -8.0  2
3916  8.0  -8.0  4
3917  8.0  -8.0  4
3918  8.0  -8.0  4
3919  8.0  -8.0  2
3920  0.0  0.0  4
3921  0.0  0.0  4
3922  8.0  -8.0  2
3923  8.0  -8.0  2
3924  0.0  0.0  4
3925  8.0  -8.0  2
3926  8.0  -8.0  4
3927  0.0  0.0  4
3928  0.0  0.0  4
3929  8.0  -8.0  4
3930  8.0  -8.0  2
3931  0.0  0.0  4
3932  0.0  0.0  4
3933  0.0  0.0  4
3934  0.0  0.0  4
3935  8.0  -8.0  4
3936  0.0  0.0  4
3937  0.0  0.0  4
3938  8.0  -8.0  4
3939  0.0  0.0  4
3940  8.0  -8.0  4
3941  0.0  0.0  4
3942  0.0  0.0  4
3943  8.0  -8.0  2
3944  0.0  0.0  4
3945  8.0  -8.0  2
3946  8.0  -8.0  2
3947  8.0  -8.0  2
3948  8.0  -8.0  2
3949  8.0  -8.0  2
3950  0.0  0.0  4
3951  0.0  0.0  4
3952  0.0  0.0  4
3953  0.0  0.0  4
3954  8.0  -8.0  4
3955  8.0  -8.0  2
3956  0.0  0.0  4
3957  8.0  -8.0  2
3958  8.0  -8.0  4
3959  8.0  -8.0  4
3960  8.0  -8.0  4
3961  0.0  0.0  4
3962  0.0  0.0  4
3963  0.0  0.0  4
3964  8.0  -8.0  2
3965  0.0  0.0  4
3966  8.0  -8.0  4
3967  0.0  0.0  4
3968  0.0  0.0  4
3969  0.0  0.0  4
3970  8.0  -8.0  4
3971  0.0  0.0  4
3972  8.0  -8.0  2
3973  8.0  -8.0  2
3974  8.0  -8.0  2
3975  8.0  -8.0  4
3976  0.0  0.0  4
3977  8.0  -8.0  2
3978  0.0  0.0  4
3979  0.0  0.0  4
3980  8.0  -8.0  2
3981  8.0  -8.0  4
3982  0.0  0.0  4
3983  8.0  -8.0  2
3984  8.0  -8.0  4
3985  0.0  0.0  4
3986  0.0  0.0  4
3987  8.0  -8.0  2
3988  8.0  -8.0  2
3989  0.0  0.0  4
3990  8.0  -8.0  2
3991  8.0  -8.0  4
3992  8.0  -8.0  4
3993  0.0  0.0  4
3994  0.0  0.0  4
3995  0.0  0.0  4
3996  0.0  0.0  4
3997  8.0  -8.0  2
3998  0.0  0.0  4
3999  0.0  0.0  4
4000  0.0  0.0  4
4001  0.0  0.0  4
4002  8.0  -8.0  2
4003  8.0  -8.0  4
4004  8.0  -8.0  4
4005  0.0  0.0  4
4006  0.0  0.0  4
4007  0.0  0.0  4
4008  8.0  -8.0  2
4009  0.0  0.0  4
4010  0.0  0.0  4
4011  0.0  0.0  4
4012  8.0  -8.0  4
4013  0.0  0.0  4
4014  8.0  -8.0  4
4015  0.0  0.0  4
4016  0.0  0.0  4
4017  0.0  0.0  4
4018  0.0  0.0  4
4019  8.0  -8.0  4
4020  0.0  0.0  4
4021  0.0  0.0  4
4022  0.0  0.0  4
4023  8.0  -8.0  4
4024  8.0  -8.0  2
4025  0.0  0.0  4
4026  8.0  -8.0  2
4027  8.0  -8.0  4
4028  0.0  0.0  4
4029  8.0  -8.0  4
4030  8.0  -8.0  4
4031  0.0  0.0  4
4032  0.0  0.0  4
4033  0.0  0.0  4
4034  0.0  0.0  4
4035  0.0  0.0  4
4036  0.0  0.0  4
4037  8.0  -8.0  2
4038  8.0  -8.0  4
4039  8.0  -8.0  4
4040  0.0  0.0  4
4041  0.0  0.0  4
4042  8.0  -8.0  4
4043  0.0  0.0  4
4044  0.0  0.0  4
4045  0.0  0.0  4
4046  8.0  -8.0  4
4047  8.0  -8.0  4
4048  8.0  -8.0  4
4049  8.0  -8.0  2
4050  0.0  0.0  4
4051  8.0  -8.0  2
4052  0.0  0.0  4
4053  0.0  0.0  4
4054  0.0  0.0  4
4055  8.0  -8.0  2
4056  0.0  0.0  4
4057  8.0  -8.0  2
4058  0.0  0.0  4
4059  0.0  0.0  4
4060  0.0  0.0  4
4061  0.0  0.0  4
4062  0.0  0.0  4
4063  0.0  0.0  4
4064  0.0  0.0  4
4065  0.0  0.0  4
4066  0.0  0.0  4
4067  8.0  -8.0  2
4068  0.0  0.0  4
4069  8.0  -8.0  4
4070  0.0  0.0  4
4071  0.0  0.0  4
4072  8.0  -8.0  4
4073  0.0  0.0  4
4074  8.0  -8.0  2
4075  0.0  0.0  4
4076  8.0  -8.0  2
4077  8.0  -8.0  4
4078  0.0  0.0  4
4079  0.0  0.0  4
4080  0.0  0.0  4
4081  8.0  -8.0  4
4082  0.0  0.0  4
4083  8.0  -8.0  4
4084  8.0  -8.0  2
4085  0.0  0.0  4
4086  8.0  -8.0  2
4087  8.0  -8.0  2
4088  0.0  0.0  4
4089  0.0  0.0  4
4090  8.0  -8.0  4
4091  0.0  0.0  4
4092  8.0  -8.0  4
4093  8.0  -8.0  4
4094  8.0  -8.0  2
4095  8.0  -8.0  2
4096  8.0  -8.0  2
4097  0.0  0.0  4
4098  0.0  0.0  4
4099  8.0  -8.0  4
4100  0.0  0.0  4
4101  8.0  -8.0  2
4102  8.0  -8.0  4
4103  8.0  -8.0  4
4104  8.0  -8.0  2
4105  8.0  -8.0  2
4106  0.0  0.0  4
4107  8.0  -8.0  2
4108  8.0  -8.0  4
4109  0.0  0.0  4
4110  8.0  -8.0  2
4111  8.0  -8.0  4
4112  8.0  -8.0  2
4113  0.0  0.0  4
4114  8.0  -8.0  4
4115  0.0  0.0  4
4116  8.0  -8.0  2
4117  8.0  -8.0  2
4118  0.0  0.0  4
4119  0.0  0.0  4
4120  0.0  0.0  4
4121  0.0  0.0  4
4122  0.0  0.0  4
4123  8.0  -8.0  2
4124  8.0  -8.0  4
4125  8.0  -8.0  2
4126  0.0  0.0  4
4127  0.0  0.0  4
4128  8.0  -8.0  4
4129  8.0  -8.0  2
4130  0.0  0.0  4
4131  0.0  0.0  4
4132  0.0  0.0  4
4133  8.0  -8.0  2
4134  0.0  0.0  4
4135  0.0  0.0  4
4136  0.0  0.0  4
4137  8.0  -8.0  4
4138  0.0  0.0  4
4139  8.0  -8.0  4
4140  0.0  0.0  4
4141  0.0  0.0  4
4142  8.0  -8.0  2
4143  0.0  0.0  4
4144  8.0  -8.0  4
4145  0.0  0.0  4
4146  8.0  -8.0  4
4147  8.0  -8.0  2
4148  0.0  0.0  4
4149  0.0  0.0  4
4150  0.0  0.0  4
4151  0.0  0.0  4
4152  0.0  0.0  4
4153  8.0  -8.0  2
4154  0.0  0.0  4
4155  0.0  0.0  4
4156  0.0  0.0  4
4157  0.0  0.0  4
4158  0.0  0.0  4
4159  8.0  -8.0  2
4160  0.0  0.0  4
4161  0.0  0.0  4
4162  8.0  -8.0  2
4163  0.0  0.0  4
4164  0.0  0.0  4
4165  0.0  0.0  4
4166  8.0  -8.0  4
4167  0.0  0.0  4
4168  0.0  0.0  4
4169  8.0  -8.0  2
4170  0.0  0.0  4
4171  8.0  -8.0  4
4172  8.0  -8.0  2
4173  0.0  0.0  4
4174  0.0  0.0  4
4175  8.0  -8.0  4
4176  0.0  0.0  4
4177  0.0  0.0  4
4178  8.0  -8.0  4
4179  0.0  0.0  4
4180  0.0  0.0  4
4181  8.0  -8.0  4
4182  0.0  0.0  4
4183  0.0  0.0  4
4184  8.0  -8.0  4
4185  8.0  -8.0  2
4186  8.0  -8.0  4
4187  8.0  -8.0  2
4188  8.0  -8.0  2
4189  0.0  0.0  4
4190  8.0  -8.0  2
4191  8.0  -8.0  2
4192  0.0  0.0  4
4193  8.0  -8.0  4
4194  8.0  -8.0  2
4195  0.0  0.0  4
4196  8.0  -8.0  4
4197  0.0  0.0  4
4198  8.0  -8.0  2
4199  0.0  0.0  4
4200  0.0  0.0  4
4201  8.0  -8.0  2
4202  8.0  -8.0  4
4203  8.0  -8.0  2
4204  8.0  -8.0  4
4205  8.0  -8.0  2
4206  0.0  0.0  4
4207  8.0  -8.0  2
4208  0.0  0.0  4
4209  8.0  -8.0  4
4210  8.0  -8.0  2
4211  8.0  -8.0  2
4212  8.0  -8.0  2
4213  0.0  0.0  4
4214  8.0  -8.0  2
4215  0.0  0.0  4
4216  8.0  -8.0  2
4217  0.0  0.0  4
4218  0.0  0.0  4
4219  0.0  0.0  4
4220  8.0  -8.0  4
4221  8.0  -8.0  2
4222  8.0  -8.0  4
4223  8.0  -8.0  2
4224  8.0  -8.0  4
4225  0.0  0.0  4
4226  8.0  -8.0  4
4227  8.0  -8.0  2
4228  0.0  0.0  4
4229  0.0  0.0  4
4230  0.0  0.0  4
4231  8.0  -8.0  2
4232  8.0  -8.0  4
4233  0.0  0.0  4
4234  0.0  0.0  4
4235  0.0  0.0  4
4236  8.0  -8.0  2
4237  8.0  -8.0  4
4238  0.0  0.0  4
4239  8.0  -8.0  2
4240  8.0  -8.0  2
4241  8.0  -8.0  2
4242  8.0  -8.0  4
4243  8.0  -8.0  2
4244  0.0  0.0  4
4245  8.0  -8.0  4
4246  8.0  -8.0  4
4247  8.0  -8.0  4
4248  8.0  -8.0  2
4249  0.0  0.0  4
4250  8.0  -8.0  2
4251  0.0  0.0  4
4252  0.0  0.0  4
4253  8.0  -8.0  2
4254  0.0  0.0  4
4255  8.0  -8.0  2
4256  8.0  -8.0  2
4257  8.0  -8.0  2
4258  0.0  0.0  4
4259  8.0  -8.0  4
4260  0.0  0.0  4
4261  0.0  0.0  4
4262  0.0  0.0  4
4263  0.0  0.0  4
4264  8.0  -8.0  4
4265  0.0  0.0  4
4266  0.0  0.0  4
4267  8.0  -8.0  4
4268  8.0  -8.0  4
4269  0.0  0.0  4
4270  8.0  -8.0  4
4271  8.0  -8.0  2
4272  8.0  -8.0  2
4273  8.0  -8.0  2
4274  8.0  -8.0  4
4275  8.0  -8.0  4
4276  8.0  -8.0  4
4277  8.0  -8.0  2
4278  8.0  -8.0  4
4279  8.0  -8.0  2
4280  0.0  0.0  4
4281  0.0  0.0  4
4282  0.0  0.0  4
4283  8.0  -8.0  2
4284  8.0  -8.0  2
4285  0.0  0.0  4
4286  0.0  0.0  4
4287  0.0  0.0  4
4288  0.0  0.0  4
4289  0.0  0.0  4
4290  0.0  0.0  4
4291  0.0  0.0  4
4292  0.0  0.0  4
4293  0.0  0.0  4
4294  8.0  -8.0  4
4295  8.0  -8.0  4
4296  8.0  -8.0  2
4297  0.0  0.0  4
4298  8.0  -8.0  2
4299  0.0  0.0  4
4300  8.0  -8.0  4
4301  8.0  -8.0  4
4302  8.0  -8.0  4
4303  8.0  -8.0  2
4304  8.0  -8.0  2
4305  8.0  -8.0  2
4306  0.0  0.0  4
4307  8.0  -8.0  4
4308  8.0  -8.0  4
4309  0.0  0.0  4
4310  8.0  -8.0  2
4311  0.0  0.0  4
4312  8.0  -8.0  4
4313  8.0  -8.0  2
4314  8.0  -8.0  2
4315  0.0  0.0  4
4316  0.0  0.0  4
4317  0.0  0.0  4
4318  8.0  -8.0  4
4319  8.0  -8.0  2
4320  8.0  -8.0  2
4321  0.0  0.0  4
4322  0.0  0.0  4
4323  8.0  -8.0  2
4324  8.0  -8.0  4
4325  8.0  -8.0  4
4326  0.0  0.0  4
4327  0.0  0.0  4
4328  0.0  0.0  4
4329  0.0  0.0  4
4330  0.0  0.0  4
4331  8.0  -8.0  4
4332  8.0  -8.0  2
4333  0.0  0.0  4
4334  0.0  0.0  4
4335  0.0  0.0  4
4336  0.0  0.0  4
4337  0.0  0.0  4
4338  8.0  -8.0  2
4339  8.0  -8.0  2
4340  0.0  0.0  4
4341  8.0  -8.0  2
4342  0.0  0.0  4
4343  8.0  -8.0  4
4344  8.0  -8.0  4
4345  0.0  0.0  4
4346  8.0  -8.0  4
4347  0.0  0.0  4
4348  8.0  -8.0  2
4349  0.0  0.0  4
4350  8.0  -8.0  4
4351  8.0  -8.0  2
4352  8.0  -8.0  4
4353  0.0  0.0  4
4354  8.0  -8.0  2
4355  0.0  0.0  4
4356  8.0  -8.0  4
4357  8.0  -8.0  2
4358  8.0  -8.0  4
4359  0.0  0.0  4
4360  8.0  -8.0  2
4361  0.0  0.0  4
4362  0.0  0.0  4
4363  0.0  0.0  4
4364  8.0  -8.0  2
4365  8.0  -8.0  4
4366  8.0  -8.0  4
4367  0.0  0.0  4
4368  0.0  0.0  4
4369  0.0  0.0  4
4370  0.0  0.0  4
4371  8.0  -8.0  2
4372  8.0  -8.0  4
4373  8.0  -8.0  4
4374  0.0  0.0  4
4375  8.0  -8.0  4
4376  8.0  -8.0  4
4377  8.0  -8.0  4
4378  8.0  -8.0  2
4379  8.0  -8.0  4
4380  8.0  -8.0  2
4381  8.0  -8.0  2
4382  8.0  -8.0  2
4383  0.0  0.0  4
4384  0.0  0.0  4
4385  0.0  0.0  4
4386  0.0  0.0  4
4387  8.0  -8.0  4
4388  0.0  0.0  4
4389  8.0  -8.0  4
4390  0.0  0.0  4
4391  8.0  -8.0  4
4392  8.0  -8.0  4
4393  0.0  0.0  4
4394  0.0  0.0  4
4395  0.0  0.0  4
4396  0.0  0.0  4
4397  0.0  0.0  4
4398  8.0  -8.0  2
4399  8.0  -8.0  2
4400  0.0  0.0  4
4401  8.0  -8.0  4
4402  0.0  0.0  4
4403  8.0  -8.0  4
4404  8.0  -8.0  2
4405  0.0  0.0  4
4406  0.0  0.0  4
4407  8.0  -8.0  4
4408  8.0  -8.0  4
4409  8.0  -8.0  2
4410  0.0  0.0  4
4411  0.0  0.0  4
4412  0.0  0.0  4
4413  0.0  0.0  4
4414  0.0  0.0  4
4415  8.0  -8.0  4
4416  0.0  0.0  4
4417  0.0  0.0  4
4418  0.0  0.0  4
4419  0.0  0.0  4
4420  0.0  0.0  4
4421  0.0  0.0  4
4422  8.0  -8.0  4
4423  8.0  -8.0  2
4424  8.0  -8.0  4
4425  8.0  -8.0  2
4426  8.0  -8.0  4
4427  8.0  -8.0  2
4428  0.0  0.0  4
4429  0.0  0.0  4
4430  0.0  0.0  4
4431  0.0  0.0  4
4432  0.0  0.0  4
4433  0.0  0.0  4
4434  8.0  -8.0  2
4435  0.0  0.0  4
4436  8.0  -8.0  2
4437  8.0  -8.0  4
4438  0.0  0.0  4
4439  0.0  0.0  4
4440  8.0  -8.0  4
4441  8.0  -8.0  4
4442  0.0  0.0  4
4443  0.0  0.0  4
4444  0.0  0.0  4
4445  0.0  0.0  4
4446  0.0  0.0  4
4447  8.0  -8.0  2
4448  8.0  -8.0  2
4449  8.0  -8.0  2
4450  8.0  -8.0  4
4451  0.0  0.0  4
4452  8.0  -8.0  4
4453  0.0  0.0  4
4454  8.0  -8.0  2
4455  0.0  0.0  4
4456  8.0  -8.0  4
4457  8.0  -8.0  4
4458  0.0  0.0  4
4459  8.0  -8.0  2
4460  0.0  0.0  4
4461  0.0  0.0  4
4462  0.0  0.0  4
4463  8.0  -8.0  4
4464  0.0  0.0  4
4465  0.0  0.0  4
4466  8.0  -8.0  4
4467  0.0  0.0  4
4468  0.0  0.0  4
4469  0.0  0.0  4
4470  8.0  -8.0  2
4471  8.0  -8.0  2
4472  0.0  0.0  4
4473  8.0  -8.0  4
4474  8.0  -8.0  4
4475  0.0  0.0  4
4476  0.0  0.0  4
4477  0.0  0.0  4
4478  0.0  0.0  4
4479  0.0  0.0  4
4480  0.0  0.0  4
4481  8.0  -8.0  2
4482  8.0  -8.0  4
4483  0.0  0.0  4
4484  8.0  -8.0  4
4485  8.0  -8.0  2
4486  8.0  -8.0  4
4487  8.0  -8.0  4
4488  0.0  0.0  4
4489  8.0  -8.0  2
4490  0.0  0.0  4
4491  8.0  -8.0  2
4492  0.0  0.0  4
4493  8.0  -8.0  4
4494  8.0  -8.0  2
4495  0.0  0.0  4
4496  8.0  -8.0  2
4497  0.0  0.0  4
4498  8.0  -8.0  2
4499  0.0  0.0  4
4500  8.0  -8.0  4
4501  0.0  0.0  4
4502  8.0  -8.0  4
4503  0.0  0.0  4
4504  0.0  0.0  4
4505  8.0  -8.0  2
4506  0.0  0.0  4
4507  8.0  -8.0  2
4508  8.0  -8.0  4
4509  0.0  0.0  4
4510  0.0  0.0  4
4511  0.0  0.0  4
4512  0.0  0.0  4
4513  8.0  -8.0  2
4514  0.0  0.0  4
4515  0.0  0.0  4
4516  8.0  -8.0  4
4517  8.0  -8.0  2
4518  0.0  0.0  4
4519  0.0  0.0  4
4520  8.0  -8.0  4
4521  8.0  -8.0  4
4522  8.0  -8.0  2
4523  0.0  0.0  4
4524  8.0  -8.0  4
4525  0.0  0.0  4
4526  8.0  -8.0  4
4527  8.0  -8.0  4
4528  0.0  0.0  4
4529  8.0  -8.0  2
4530  0.0  0.0  4
4531  0.0  0.0  4
4532  0.0  0.0  4
4533  0.0  0.0  4
4534  0.0  0.0  4
4535  0.0  0.0  4
4536  0.0  0.0  4
4537  8.0  -8.0  2
4538  0.0  0.0  4
4539  8.0  -8.0  2
4540  0.0  0.0  4
4541  8.0  -8.0  4
4542  8.0  -8.0  2
4543  8.0  -8.0  4
4544  8.0  -8.0  4
4545  0.0  0.0  4
4546  0.0  0.0  4
4547  0.0  0.0  4
4548  8.0  -8.0  4
4549  0.0  0.0  4
4550  0.0  0.0  4
4551  0.0  0.0  4
4552  0.0  0.0  4
4553  8.0  -8.0  4
4554  0.0  0.0  4
4555  0.0  0.0  4
4556  8.0  -8.0  2
4557  8.0  -8.0  4
4558  0.0  0.0  4
4559  8.0  -8.0  4
4560  8.0  -8.0  2
4561  8.0  -8.0  2
4562  0.0  0.0  4
4563  8.0  -8.0  2
4564  8.0  -8.0  2
4565  0.0  0.0  4
4566  0.0  0.0  4
4567  8.0  -8.0  2
4568  0.0  0.0  4
4569  8.0  -8.0  4
4570  0.0  0.0  4
4571  8.0  -8.0  4
4572  8.0  -8.0  2
4573  0.0  0.0  4
4574  8.0  -8.0  2
4575  8.0  -8.0  4
4576  0.0  0.0  4
4577  0.0  0.0  4
4578  0.0  0.0  4
4579  8.0  -8.0  4
4580  8.0  -8.0  4
4581  0.0  0.0  4
4582  0.0  0.0  4
4583  0.0  0.0  4
4584  0.0  0.0  4
4585  8.0  -8.0  4
4586  0.0  0.0  4
4587  0.0  0.0  4
4588  0.0  0.0  4
4589  8.0  -8.0  2
4590  0.0  0.0  4
4591  0.0  0.0  4
4592  8.0  -8.0  4
4593  0.0  0.0  4
4594  0.0  0.0  4
4595  0.0  0.0  4
4596  8.0  -8.0  4
4597  8.0  -8.0  4
4598  8.0  -8.0  4
4599  0.0  0.0  4
4600  0.0  0.0  4
4601  0.0  0.0  4
4602  0.0  0.0  4
4603  0.0  0.0  4
4604  0.0  0.0  4
4605  0.0  0.0  4
4606  8.0  -8.0  4
4607  8.0  -8.0  2
4608  0.0  0.0  4
4609  8.0  -8.0  2
4610  8.0  -8.0  2
4611  8.0  -8.0  4
4612  8.0  -8.0  2
4613  0.0  0.0  4
4614  0.0  0.0  4
4615  8.0  -8.0  4
4616  0.0  0.0  4
4617  0.0  0.0  4
4618  0.0  0.0  4
4619  8.0  -8.0  4
4620  8.0  -8.0  4
4621  8.0  -8.0  4
4622  8.0  -8.0  2
4623  0.0  0.0  4
4624  8.0  -8.0  2
4625  0.0  0.0  4
4626  0.0  0.0  4
4627  8.0  -8.0  2
4628  0.0  0.0  4
4629  0.0  0.0  4
4630  8.0  -8.0  4
4631  8.0  -8.0  2
4632  0.0  0.0  4
4633  8.0  -8.0  4
4634  8.0  -8.0  2
4635  8.0  -8.0  4
4636  8.0  -8.0  2
4637  0.0  0.0  4
4638  8.0  -8.0  2
4639  0.0  0.0  4
4640  0.0  0.0  4
4641  8.0  -8.0  2
4642  8.0  -8.0  2
4643  8.0  -8.0  2
4644  0.0  0.0  4
4645  0.0  0.0  4
4646  0.0  0.0  4
4647  8.0  -8.0  4
4648  8.0  -8.0  2
4649  8.0  -8.0  4
4650  0.0  0.0  4
4651  0.0  0.0  4
4652  0.0  0.0  4
4653  0.0  0.0  4
4654  0.0  0.0  4
4655  8.0  -8.0  2
4656  0.0  0.0  4
4657  8.0  -8.0  2
4658  8.0  -8.0  4
4659  0.0  0.0  4
4660  0.0  0.0  4
4661  8.0  -8.0  4
4662  0.0  0.0  4
4663  0.0  0.0  4
4664  0.0  0.0  4
4665  8.0  -8.0  4
4666  8.0  -8.0  2
4667  8.0  -8.0  2
4668  8.0  -8.0  4
4669  0.0  0.0  4
4670  0.0  0.0  4
4671  8.0  -8.0  4
4672  0.0  0.0  4
4673  0.0  0.0  4
4674  0.0  0.0  4
4675  8.0  -8.0  4
4676  0.0  0.0  4
4677  0.0  0.0  4
4678  0.0  0.0  4
4679  8.0  -8.0  4
4680  8.0  -8.0  4
4681  8.0  -8.0  2
4682  8.0  -8.0  4
4683  0.0  0.0  4
4684  0.0  0.0  4
4685  8.0  -8.0  2
4686  0.0  0.0  4
4687  0.0  0.0  4
4688  8.0  -8.0  2
4689  8.0  -8.0  4
4690  0.0  0.0  4
4691  0.0  0.0  4
4692  0.0  0.0  4
4693  0.0  0.0  4
4694  0.0  0.0  4
4695  0.0  0.0  4
4696  0.0  0.0  4
4697  0.0  0.0  4
4698  8.0  -8.0  2
4699  0.0  0.0  4
4700  8.0  -8.0  4
4701  8.0  -8.0  4
4702  0.0  0.0  4
4703  8.0  -8.0  4
4704  8.0  -8.0  4
4705  8.0  -8.0  4
4706  0.0  0.0  4
4707  0.0  0.0  4
4708  0.0  0.0  4
4709  0.0  0.0  4
4710  0.0  0.0  4
4711  0.0  0.0  4
4712  0.0  0.0  4
4713  8.0  -8.0  2
4714  0.0  0.0  4
4715  0.0  0.0  4
4716  0.0  0.0  4
4717  0.0  0.0  4
4718  0.0  0.0  4
4719  0.0  0.0  4
4720  0.0  0.0  4
4721  8.0  -8.0  2
4722  8.0  -8.0  2
4723  0.0  0.0  4
4724  8.0  -8.0  4
4725  8.0  -8.0  4
4726  8.0  -8.0  4
4727  0.0  0.0  4
4728  0.0  0.0  4
4729  8.0  -8.0  2
4730  0.0  0.0  4
4731  0.0  0.0  4
4732  0.0  0.0  4
4733  8.0  -8.0  2
4734  0.0  0.0  4
4735  8.0  -8.0  2
4736  0.0  0.0  4
4737  0.0  0.0  4
4738  8.0  -8.0  4
4739  8.0  -8.0  2
4740  8.0  -8.0  2
4741  8.0  -8.0  4
4742  0.0  0.0  4
4743  8.0  -8.0  2
4744  0.0  0.0  4
4745  8.0  -8.0  2
4746  0.0  0.0  4
4747  8.0  -8.0  4
4748  0.0  0.0  4
4749  0.0  0.0  4
4750  0.0  0.0  4
4751  8.0  -8.0  4
4752  8.0  -8.0  4
4753  8.0  -8.0  2
4754  8.0  -8.0  2
4755  0.0  0.0  4
4756  0.0  0.0  4
4757  8.0  -8.0  4
4758  8.0  -8.0  2
4759  0.0  0.0  4
4760  8.0  -8.0  4
4761  8.0  -8.0  2
4762  8.0  -8.0  4
4763  0.0  0.0  4
4764  0.0  0.0  4
4765  0.0  0.0  4
4766  8.0  -8.0  2
4767  8.0  -8.0  2
4768  0.0  0.0  4
4769  0.0  0.0  4
4770  0.0  0.0  4
4771  0.0  0.0  4
4772  0.0  0.0  4
4773  8.0  -8.0  2
4774  0.0  0.0  4
4775  0.0  0.0  4
4776  0.0  0.0  4
4777  0.0  0.0  4
4778  8.0  -8.0  4
4779  0.0  0.0  4
4780  8.0  -8.0  4
4781  0.0  0.0  4
4782  0.0  0.0  4
4783  0.0  0.0  4
4784  0.0  0.0  4
4785  0.0  0.0  4
4786  0.0  0.0  4
4787  0.0  0.0  4
4788  8.0  -8.0  4
4789  8.0  -8.0  2
4790  0.0  0.0  4
4791  8.0  -8.0  4
4792  0.0  0.0  4
4793  0.0  0.0  4
4794  8.0  -8.0  2
4795  8.0  -8.0  4
4796  0.0  0.0  4
4797  0.0  0.0  4
4798  8.0  -8.0  2
4799  0.0  0.0  4
4800  8.0  -8.0  2
4801  0.0  0.0  4
4802  0.0  0.0  4
4803  0.0  0.0  4
4804  0.0  0.0  4
4805  8.0  -8.0  4
4806  0.0  0.0  4
4807  0.0  0.0  4
4808  8.0  -8.0  4
4809  8.0  -8.0  2
4810  8.0  -8.0  4
4811  8.0  -8.0  2
4812  8.0  -8.0  2
4813  0.0  0.0  4
4814  0.0  0.0  4
4815  0.0  0.0  4
4816  8.0  -8.0  2
4817  0.0  0.0  4
4818  0.0  0.0  4
4819  0.0  0.0  4
4820  8.0  -8.0  4
4821  8.0  -8.0  4
4822  0.0  0.0  4
4823  8.0  -8.0  2
4824  0.0  0.0  4
4825  0.0  0.0  4
4826  8.0  -8.0  4
4827  0.0  0.0  4
4828  0.0  0.0  4
4829  0.0  0.0  4
4830  0.0  0.0  4
4831  0.0  0.0  4
4832  8.0  -8.0  2
4833  0.0  0.0  4
4834  8.0  -8.0  4
4835  8.0  -8.0  4
4836  0.0  0.0  4
4837  8.0  -8.0  2
4838  8.0  -8.0  2
4839  8.0  -8.0  2
4840  8.0  -8.0  2
4841  8.0  -8.0  4
4842  8.0  -8.0  4
4843  0.0  0.0  4
4844  0.0  0.0  4
4845  8.0  -8.0  4
4846  0.0  0.0  4
4847  8.0  -8.0  4
4848  0.0  0.0  4
4849  8.0  -8.0  2
4850  8.0  -8.0  2
4851  8.0  -8.0  2
4852  0.0  0.0  4
4853  8.0  -8.0  2
4854  8.0  -8.0  2
4855  8.0  -8.0  2
4856  0.0  0.0  4
4857  0.0  0.0  4
4858  8.0  -8.0  2
4859  8.0  -8.0  2
4860  0.0  0.0  4
4861  0.0  0.0  4
4862  0.0  0.0  4
4863  0.0  0.0  4
4864  8.0  -8.0  4
4865  8.0  -8.0  2
4866  0.0  0.0  4
4867  8.0  -8.0  2
4868  8.0  -8.0  2
4869  0.0  0.0  4
4870  0.0  0.0  4
4871  8.0  -8.0  2
4872  0.0  0.0  4
4873  8.0  -8.0  4
4874  8.0  -8.0  2
4875  8.0  -8.0  4
4876  8.0  -8.0  2
4877  0.0  0.0  4
4878  0.0  0.0  4
4879  0.0  0.0  4
4880  0.0  0.0  4
4881  8.0  -8.0  2
4882  0.0  0.0  4
4883  0.0  0.0  4
4884  0.0  0.0  4
4885  8.0  -8.0  4
4886  0.0  0.0  4
4887  0.0  0.0  4
4888  8.0  -8.0  2
4889  0.0  0.0  4
4890  0.0  0.0  4
4891  8.0  -8.0  4
4892  8.0  -8.0  4
4893  0.0  0.0  4
4894  8.0  -8.0  2
4895  0.0  0.0  4
4896  0.0  0.0  4
4897  8.0  -8.0  4
4898  0.0  0.0  4
4899  8.0  -8.0  2
4900  0.0  0.0  4
4901  0.0  0.0  4
4902  0.0  0.0  4
4903  8.0  -8.0  2
4904  8.0  -8.0  2
4905  0.0  0.0  4
4906  8.0  -8.0  2
4907  8.0  -8.0  4
4908  0.0  0.0  4
4909  8.0  -8.0  2
4910  0.0  0.0  4
4911  8.0  -8.0  4
4912  8.0  -8.0  4
4913  0.0  0.0  4
4914  8.0  -8.0  2
4915  8.0  -8.0  2
4916  8.0  -8.0  4
4917  0.0  0.0  4
4918  8.0  -8.0  2
4919  0.0  0.0  4
4920  0.0  0.0  4
4921  0.0  0.0  4
4922  8.0  -8.0  2
4923  8.0  -8.0  4
4924  0.0  0.0  4
4925  0.0  0.0  4
4926  0.0  0.0  4
4927  0.0  0.0  4
4928  8.0  -8.0  4
4929  0.0  0.0  4
4930  8.0  -8.0  2
4931  8.0  -8.0  4
4932  8.0  -8.0  4
4933  8.0  -8.0  2
4934  8.0  -8.0  2
4935  8.0  -8.0  2
4936  0.0  0.0  4
4937  8.0  -8.0  2
4938  0.0  0.0  4
4939  0.0  0.0  4
4940  8.0  -8.0  4
4941  0.0  0.0  4
4942  8.0  -8.0  2
4943  8.0  -8.0  2
4944  0.0  0.0  4
4945  8.0  -8.0  4
4946  8.0  -8.0  2
4947  0.0  0.0  4
4948  8.0  -8.0  4
4949  8.0  -8.0  2
4950  0.0  0.0  4
4951  0.0  0.0  4
4952  0.0  0.0  4
4953  8.0  -8.0  4
4954  0.0  0.0  4
4955  0.0  0.0  4
4956  8.0  -8.0  4
4957  0.0  0.0  4
4958  8.0  -8.0  2
4959  0.0  0.0  4
4960  8.0  -8.0  4
4961  8.0  -8.0  4
4962  0.0  0.0  4
4963  8.0  -8.0  4
4964  8.0  -8.0  4
4965  8.0  -8.0  4
4966  8.0  -8.0  4
4967  0.0  0.0  4
4968  8.0  -8.0  2
4969  0.0  0.0  4
4970  0.0  0.0  4
4971  8.0  -8.0  2
4972  8.0  -8.0  4
4973  0.0  0.0  4
4974  8.0  -8.0  4
4975  0.0  0.0  4
4976  0.0  0.0  4
4977  8.0  -8.0  4
4978  0.0  0.0  4
4979  0.0  0.0  4
4980  8.0  -8.0  2
4981  0.0  0.0  4
4982  0.0  0.0  4
4983  0.0  0.0  4
4984  0.0  0.0  4
4985  8.0  -8.0  2
4986  0.0  0.0  4
4987  8.0  -8.0  4
4988  0.0  0.0  4
4989  0.0  0.0  4
4990  8.0  -8.0  2
4991  8.0  -8.0  4
4992  8.0  -8.0  2
4993  8.0  -8.0  2
4994  0.0  0.0  4
4995  8.0  -8.0  4
4996  8.0  -8.0  4
4997  0.0  0.0  4
4998  0.0  0.0  4
4999  0.0  0.0  4
