0  10.0  -10.0  4
1  -2.0  2.0  4
2  10.0  -10.0  3
3  8.0  -8.0  1
4  0.0  0.0  4
5  0.0  0.0  4
6  0.0  0.0  4
7  2.0  -2.0  4
8  0.0  0.0  4
9  2.0  -2.0  4
10  10.0  -10.0  3
11  0.0  0.0  4
12  0.0  0.0  4
13  0.0  0.0  4
14  0.0  0.0  4
15  10.0  -10.0  3
16  8.0  -8.0  3
17  0.0  0.0  4
18  0.0  0.0  4
19  0.0  0.0  4
20  10.0  -10.0  4
21  8.0  -8.0  1
22  0.0  0.0  4
23  12.0  -12.0  4
24  2.0  -2.0  4
25  10.0  -10.0  3
26  10.0  -10.0  4
27  10.0  -10.0  2
28  0.0  0.0  4
29  10.0  -10.0  2
30  0.0  0.0  4
31  8.0  -8.0  4
32  10.0  -10.0  2
33  8.0  -8.0  3
34  0.0  0.0  4
35  8.0  -8.0  2
36  0.0  0.0  4
37  8.0  -8.0  2
38  -4.0  4.0  4
39  0.0  0.0  4
40  2.0  -2.0  4
41  2.0  -2.0  4
42  10.0  -10.0  4
43  0.0  0.0  4
44  0.0  0.0  4
45  0.0  0.0  4
46  8.0  -8.0  4
47  8.0  -8.0  1
48  0.0  0.0  4
49  0.0  0.0  4
50  10.0  -10.0  2
51  2.0  -2.0  4
52  0.0  0.0  4
53  0.0  0.0  4
54  0.0  0.0  4
55  0.0  0.0  4
56  0.0  0.0  4
57  8.0  -8.0  1
58  8.0  -8.0  1
59  8.0  -8.0  3
60  8.0  -8.0  4
61  0.0  0.0  4
62  8.0  -8.0  1
63  0.0  0.0  4
64  0.0  0.0  4
65  8.0  -8.0  1
66  -2.0  2.0  4
67  -2.0  2.0  4
68  8.0  -8.0  4
69  8.0  -8.0  1
70  0.0  0.0  4
71  8.0  -8.0  1
72  10.0  -10.0  4
73  -2.0  2.0  4
74  10.0  -10.0  2
75  10.0  -10.0  4
76  8.0  -8.0  4
77  0.0  0.0  4
78  0.0  0.0  4
79  0.0  0.0  4
80  0.0  0.0  4
81  10.0  -10.0  2
82  4.0  -4.0  4
83  8.0  -8.0  1
84  0.0  0.0  4
85  8.0  -8.0  4
86  0.0  0.0  4
87  -4.0  4.0  4
88  8.0  -8.0  2
89  8.0  -8.0  1
90  0.0  0.0  4
91  0.0  0.0  4
92  0.0  0.0  4
93  0.0  0.0  4
94  10.0  -10.0  2
95  0.0  0.0  4
96  8.0  -8.0  3
97  0.0  0.0  4
98  0.0  0.0  4
99  8.0  -8.0  1
100  12.0  -12.0  4
101  0.0  0.0  4
102  10.0  -10.0  2
103  0.0  0.0  4
104  10.0  -10.0  4
105  10.0  -10.0  4
106  0.0  0.0  4
107  0.0  0.0  4
108  8.0  -8.0  1
109  0.0  0.0  4
110  0.0  0.0  4
111  0.0  0.0  4
112  -2.0  2.0  4
113  8.0  -8.0  2
114  0.0  0.0  4
115  0.0  0.0  4
116  8.0  -8.0  4
117  0.0  0.0  4
118  0.0  0.0  4
119  8.0  -8.0  3
120  0.0  0.0  4
121  0.0  0.0  4
122  0.0  0.0  4
123  8.0  -8.0  2
124  8.0  -8.0  2
125  2.0  -2.0  4
126  0.0  0.0  4
127  0.0  0.0  4
128  10.0  -10.0  4
129  10.0  -10.0  4
130  10.0  -10.0  2
131  8.0  -8.0  2
132  10.0  -10.0  3
133  8.0  -8.0  1
134  0.0  0.0  4
135  0.0  0.0  4
136  0.0  0.0  4
137  10.0  -10.0  2
138  0.0  0.0  4
139  -2.0  2.0  4
140  10.0  -10.0  3
141  6.0  -6.0  3
142  0.0  0.0  4
143  0.0  0.0  4
144  10.0  -10.0  4
145  2.0  -2.0  4
146  0.0  0.0  4
147  8.0  -8.0  2
148  0.0  0.0  4
149  10.0  -10.0  2
150  10.0  -10.0  2
151  10.0  -10.0  2
152  0.0  0.0  4
153  6.0  -6.0  4
154  8.0  -8.0  1
155  10.0  -10.0  2
156  10.0  -10.0  2
157  0.0  0.0  4
158  10.0  -10.0  3
159  8.0  -8.0  1
160  -2.0  2.0  4
161  0.0  0.0  4
162  8.0  -8.0  4
163  10.0  -10.0  4
164  8.0  -8.0  4
165  0.0  0.0  4
166  8.0  -8.0  1
167  2.0  -2.0  4
168  -2.0  2.0  4
169  0.0  0.0  4
170  0.0  0.0  4
171  2.0  -2.0  4
172  2.0  -2.0  4
173  0.0  0.0  4
174  8.0  -8.0  1
175  6.0  -6.0  4
176  0.0  0.0  4
177  10.0  -10.0  4
178  0.0  0.0  4
179  0.0  0.0  4
180  10.0  -10.0  2
181  -2.0  2.0  4
182  0.0  0.0  4
183  10.0  -10.0  2
184  4.0  -4.0  4
185  6.0  -6.0  2
186  0.0  0.0  4
187  0.0  0.0  4
188  8.0  -8.0  2
189  2.0  -2.0  4
190  8.0  -8.0  1
191  0.0  0.0  4
192  -2.0  2.0  4
193  0.0  0.0  4
194  2.0  -2.0  4
195  0.0  0.0  4
196  0.0  0.0  4
197  0.0  0.0  4
198  12.0  -12.0  4
199  0.0  0.0  4
200  0.0  0.0  4
201  8.0  -8.0  2
202  8.0  -8.0  4
203  10.0  -10.0  2
204  8.0  -8.0  4
205  -2.0  2.0  4
206  8.0  -8.0  1
207  8.0  -8.0  1
208  0.0  0.0  4
209  10.0  -10.0  2
210  2.0  -2.0  4
211  10.0  -10.0  2
212  8.0  -8.0  4
213  0.0  0.0  4
214  8.0  -8.0  4
215  2.0  -2.0  4
216  10.0  -10.0  4
217  0.0  0.0  4
218  10.0  -10.0  4
219  -2.0  2.0  4
220  0.0  0.0  4
221  0.0  0.0  4
222  -2.0  2.0  4
223  8.0  -8.0  2
224  2.0  -2.0  4
225  8.0  -8.0  4
226  -2.0  2.0  4
227  10.0  -10.0  2
228  8.0  -8.0  1
229  -2.0  2.0  4
230  0.0  0.0  4
231  10.0  -10.0  3
232  0.0  0.0  4
233  8.0  -8.0  1
234  0.0  0.0  4
235  10.0  -10.0  4
236  10.0  -10.0  3
237  8.0  -8.0  4
238  0.0  0.0  4
239  0.0  0.0  4
240  6.0  -6.0  4
241  -2.0  2.0  4
242  0.0  0.0  4
243  -2.0  2.0  4
244  10.0  -10.0  4
245  8.0  -8.0  3
246  8.0  -8.0  4
247  12.0  -12.0  3
248  0.0  0.0  4
249  0.0  0.0  4
250  0.0  0.0  4
251  0.0  0.0  4
252  4.0  -4.0  3
253  2.0  -2.0  4
254  0.0  0.0  4
255  8.0  -8.0  1
256  0.0  0.0  4
257  8.0  -8.0  4
258  0.0  0.0  4
259  8.0  -8.0  4
260  0.0  0.0  4
261  8.0  -8.0  2
262  10.0  -10.0  4
263  0.0  0.0  4
264  10.0  -10.0  2
265  2.0  -2.0  4
266  0.0  0.0  4
267  4.0  -4.0  4
268  0.0  0.0  4
269  2.0  -2.0  4
270  10.0  -10.0  4
271  10.0  -10.0  4
272  0.0  0.0  4
273  10.0  -10.0  4
274  -2.0  2.0  4
275  8.0  -8.0  1
276  0.0  0.0  4
277  0.0  0.0  4
278  8.0  -8.0  2
279  10.0  -10.0  4
280  10.0  -10.0  4
281  8.0  -8.0  4
282  8.0  -8.0  1
283  0.0  0.0  4
284  0.0  0.0  4
285  0.0  0.0  4
286  10.0  -10.0  2
287  10.0  -10.0  3
288  8.0  -8.0  1
289  0.0  0.0  4
290  0.0  0.0  4
291  12.0  -12.0  4
292  0.0  0.0  4
293  0.0  0.0  4
294  8.0  -8.0  1
295  8.0  -8.0  1
296  8.0  -8.0  4
297  2.0  -2.0  4
298  -2.0  2.0  4
299  -2.0  2.0  4
300  10.0  -10.0  2
301  8.0  -8.0  4
302  8.0  -8.0  1
303  8.0  -8.0  3
304  0.0  0.0  4
305  10.0  -10.0  2
306  0.0  0.0  4
307  0.0  0.0  4
308  10.0  -10.0  4
309  0.0  0.0  4
310  2.0  -2.0  4
311  0.0  0.0  4
312  -2.0  2.0  4
313  0.0  0.0  4
314  10.0  -10.0  3
315  8.0  -8.0  1
316  0.0  0.0  4
317  10.0  -10.0  2
318  8.0  -8.0  3
319  -4.0  4.0  4
320  8.0  -8.0  1
321  0.0  0.0  4
322  0.0  0.0  4
323  -2.0  2.0  4
324  8.0  -8.0  3
325  10.0  -10.0  4
326  0.0  0.0  4
327  0.0  0.0  4
328  0.0  0.0  4
329  8.0  -8.0  4
330  0.0  0.0  4
331  10.0  -10.0  4
332  10.0  -10.0  3
333  10.0  -10.0  4
334  10.0  -10.0  4
335  10.0  -10.0  3
336  10.0  -10.0  4
337  0.0  0.0  4
338  0.0  0.0  4
339  0.0  0.0  4
340  4.0  -4.0  4
341  6.0  -6.0  4
342  8.0  -8.0  2
343  0.0  0.0  4
344  0.0  0.0  4
345  0.0  0.0  4
346  -2.0  2.0  4
347  8.0  -8.0  2
348  0.0  0.0  4
349  8.0  -8.0  2
350  0.0  0.0  4
351  2.0  -2.0  4
352  0.0  0.0  4
353  8.0  -8.0  4
354  0.0  0.0  4
355  0.0  0.0  4
356  10.0  -10.0  4
357  0.0  0.0  4
358  8.0  -8.0  4
359  8.0  -8.0  3
360  0.0  0.0  4
361  8.0  -8.0  1
362  8.0  -8.0  2
363  4.0  -4.0  4
364  8.0  -8.0  3
365  10.0  -10.0  4
366  2.0  -2.0  4
367  10.0  -10.0  4
368  10.0  -10.0  3
369  -2.0  2.0  4
370  12.0  -12.0  4
371  10.0  -10.0  4
372  0.0  0.0  4
373  -2.0  2.0  4
374  0.0  0.0  4
375  0.0  0.0  4
376  0.0  0.0  4
377  0.0  0.0  4
378  0.0  0.0  4
379  0.0  0.0  4
380  10.0  -10.0  4
381  0.0  0.0  4
382  0.0  0.0  4
383  0.0  0.0  4
384  0.0  0.0  4
385  8.0  -8.0  2
386  8.0  -8.0  2
387  0.0  0.0  4
388  0.0  0.0  4
389  2.0  -2.0  4
390  0.0  0.0  4
391  0.0  0.0  4
392  10.0  -10.0  2
393  0.0  0.0  4
394  10.0  -10.0  2
395  -2.0  2.0  4
396  0.0  0.0  4
397  8.0  -8.0  3
398  10.0  -10.0  2
399  0.0  0.0  4
400  0.0  0.0  4
401  0.0  0.0  4
402  0.0  0.0  4
403  10.0  -10.0  4
404  0.0  0.0  4
405  0.0  0.0  4
406  0.0  0.0  4
407  2.0  -2.0  4
408  8.0  -8.0  4
409  -4.0  4.0  4
410  2.0  -2.0  4
411  -4.0  4.0  4
412  0.0  0.0  4
413  8.0  -8.0  1
414  0.0  0.0  4
415  2.0  -2.0  4
416  4.0  -4.0  4
417  0.0  0.0  4
418  6.0  -6.0  4
419  8.0  -8.0  4
420  10.0  -10.0  4
421  10.0  -10.0  4
422  0.0  0.0  4
423  0.0  0.0  4
424  8.0  -8.0  4
425  0.0  0.0  4
426  10.0  -10.0  3
427  0.0  0.0  4
428  8.0  -8.0  4
429  2.0  -2.0  4
430  0.0  0.0  4
431  0.0  0.0  4
432  8.0  -8.0  4
433  0.0  0.0  4
434  0.0  0.0  4
435  0.0  0.0  4
436  6.0  -6.0  3
437  8.0  -8.0  1
438  0.0  0.0  4
439  10.0  -10.0  4
440  0.0  0.0  4
441  0.0  0.0  4
442  0.0  0.0  4
443  8.0  -8.0  1
444  0.0  0.0  4
445  10.0  -10.0  3
446  0.0  0.0  4
447  0.0  0.0  4
448  8.0  -8.0  3
449  0.0  0.0  4
450  8.0  -8.0  4
451  8.0  -8.0  4
452  8.0  -8.0  4
453  0.0  0.0  4
454  0.0  0.0  4
455  0.0  0.0  4
456  0.0  0.0  4
457  10.0  -10.0  4
458  10.0  -10.0  4
459  8.0  -8.0  3
460  0.0  0.0  4
461  0.0  0.0  4
462  0.0  0.0  4
463  8.0  -8.0  4
464  8.0  -8.0  3
465  2.0  -2.0  4
466  0.0  0.0  4
467  0.0  0.0  4
468  8.0  -8.0  1
469  10.0  -10.0  3
470  0.0  0.0  4
471  10.0  -10.0  4
472  12.0  -12.0  4
473  0.0  0.0  4
474  10.0  -10.0  4
475  10.0  -10.0  4
476  6.0  -6.0  3
477  0.0  0.0  4
478  -2.0  2.0  4
479  0.0  0.0  4
480  8.0  -8.0  4
481  -2.0  2.0  4
482  -2.0  2.0  4
483  2.0  -2.0  4
484  0.0  0.0  4
485  0.0  0.0  4
486  10.0  -10.0  2
487  0.0  0.0  4
488  0.0  0.0  4
489  0.0  0.0  4
490  12.0  -12.0  3
491  0.0  0.0  4
492  10.0  -10.0  4
493  0.0  0.0  4
494  0.0  0.0  4
495  8.0  -8.0  3
496  0.0  0.0  4
497  0.0  0.0  4
498  8.0  -8.0  4
499  2.0  -2.0  4
500  2.0  -2.0  4
501  0.0  0.0  4
502  0.0  0.0  4
503  0.0  0.0  4
504  0.0  0.0  4
505  0.0  0.0  4
506  8.0  -8.0  1
507  0.0  0.0  4
508  8.0  -8.0  4
509  8.0  -8.0  1
510  10.0  -10.0  2
511  2.0  -2.0  4
512  -2.0  2.0  4
513  8.0  -8.0  1
514  2.0  -2.0  4
515  0.0  0.0  4
516  10.0  -10.0  4
517  8.0  -8.0  3
518  12.0  -12.0  4
519  6.0  -6.0  4
520  2.0  -2.0  4
521  -4.0  4.0  4
522  2.0  -2.0  4
523  10.0  -10.0  4
524  0.0  0.0  4
525  0.0  0.0  4
526  10.0  -10.0  2
527  10.0  -10.0  4
528  2.0  -2.0  4
529  -2.0  2.0  4
530  10.0  -10.0  4
531  10.0  -10.0  2
532  0.0  0.0  4
533  8.0  -8.0  4
534  0.0  0.0  4
535  8.0  -8.0  2
536  8.0  -8.0  4
537  0.0  0.0  4
538  6.0  -6.0  2
539  0.0  0.0  4
540  0.0  0.0  4
541  10.0  -10.0  4
542  -2.0  2.0  4
543  0.0  0.0  4
544  -2.0  2.0  4
545  8.0  -8.0  1
546  0.0  0.0  4
547  0.0  0.0  4
548  0.0  0.0  4
549  10.0  -10.0  4
550  2.0  -2.0  4
551  8.0  -8.0  4
552  10.0  -10.0  4
553  0.0  0.0  4
554  0.0  0.0  4
555  10.0  -10.0  4
556  8.0  -8.0  4
557  4.0  -4.0  4
558  0.0  0.0  4
559  10.0  -10.0  4
560  2.0  -2.0  4
561  0.0  0.0  4
562  10.0  -10.0  2
563  2.0  -2.0  4
564  0.0  0.0  4
565  8.0  -8.0  1
566  0.0  0.0  4
567  8.0  -8.0  2
568  2.0  -2.0  4
569  8.0  -8.0  2
570  -4.0  4.0  4
571  -2.0  2.0  4
572  10.0  -10.0  4
573  0.0  0.0  4
574  0.0  0.0  4
575  8.0  -8.0  4
576  0.0  0.0  4
577  4.0  -4.0  4
578  -2.0  2.0  4
579  0.0  0.0  4
580  0.0  0.0  4
581  0.0  0.0  4
582  0.0  0.0  4
583  8.0  -8.0  2
584  8.0  -8.0  1
585  10.0  -10.0  2
586  8.0  -8.0  3
587  2.0  -2.0  4
588  2.0  -2.0  4
589  0.0  0.0  4
590  12.0  -12.0  4
591  8.0  -8.0  3
592  10.0  -10.0  2
593  0.0  0.0  4
594  8.0  -8.0  2
595  8.0  -8.0  4
596  0.0  0.0  4
597  8.0  -8.0  4
598  12.0  -12.0  4
599  10.0  -10.0  4
600  8.0  -8.0  3
601  8.0  -8.0  1
602  2.0  -2.0  4
603  0.0  0.0  4
604  8.0  -8.0  2
605  10.0  -10.0  2
606  8.0  -8.0  1
607  0.0  0.0  4
608  0.0  0.0  4
609  8.0  -8.0  2
610  10.0  -10.0  2
611  0.0  0.0  4
612  0.0  0.0  4
613  10.0  -10.0  4
614  10.0  -10.0  3
615  10.0  -10.0  4
616  0.0  0.0  4
617  8.0  -8.0  1
618  8.0  -8.0  4
619  0.0  0.0  4
620  8.0  -8.0  1
621  8.0  -8.0  4
622  0.0  0.0  4
623  10.0  -10.0  4
624  8.0  -8.0  4
625  2.0  -2.0  4
626  -2.0  2.0  4
627  0.0  0.0  4
628  0.0  0.0  4
629  0.0  0.0  4
630  0.0  0.0  4
631  8.0  -8.0  1
632  10.0  -10.0  2
633  8.0  -8.0  3
634  10.0  -10.0  3
635  8.0  -8.0  4
636  8.0  -8.0  4
637  0.0  0.0  4
638  -2.0  2.0  4
639  8.0  -8.0  3
640  0.0  0.0  4
641  8.0  -8.0  4
642  0.0  0.0  4
643  0.0  0.0  4
644  12.0  -12.0  4
645  0.0  0.0  4
646  10.0  -10.0  4
647  0.0  0.0  4
648  2.0  -2.0  4
649  4.0  -4.0  4
650  2.0  -2.0  4
651  8.0  -8.0  3
652  10.0  -10.0  2
653  0.0  0.0  4
654  8.0  -8.0  1
655  -2.0  2.0  4
656  8.0  -8.0  4
657  2.0  -2.0  4
658  0.0  0.0  4
659  -2.0  2.0  4
660  8.0  -8.0  2
661  0.0  0.0  4
662  10.0  -10.0  3
663  0.0  0.0  4
664  0.0  0.0  4
665  10.0  -10.0  2
666  8.0  -8.0  3
667  8.0  -8.0  1
668  8.0  -8.0  1
669  8.0  -8.0  4
670  -2.0  2.0  4
671  6.0  -6.0  4
672  8.0  -8.0  3
673  -2.0  2.0  4
674  10.0  -10.0  3
675  2.0  -2.0  4
676  0.0  0.0  4
677  8.0  -8.0  4
678  0.0  0.0  4
679  0.0  0.0  4
680  8.0  -8.0  4
681  4.0  -4.0  4
682  2.0  -2.0  4
683  0.0  0.0  4
684  0.0  0.0  4
685  -2.0  2.0  4
686  6.0  -6.0  4
687  0.0  0.0  4
688  0.0  0.0  4
689  8.0  -8.0  1
690  0.0  0.0  4
691  10.0  -10.0  4
692  0.0  0.0  4
693  10.0  -10.0  2
694  -2.0  2.0  4
695  0.0  0.0  4
696  8.0  -8.0  2
697  -2.0  2.0  4
698  0.0  0.0  4
699  0.0  0.0  4
700  0.0  0.0  4
701  8.0  -8.0  3
702  0.0  0.0  4
703  10.0  -10.0  4
704  0.0  0.0  4
705  -2.0  2.0  4
706  -2.0  2.0  4
707  0.0  0.0  4
708  0.0  0.0  4
709  0.0  0.0  4
710  0.0  0.0  4
711  0.0  0.0  4
712  0.0  0.0  4
713  0.0  0.0  4
714  8.0  -8.0  4
715  8.0  -8.0  2
716  2.0  -2.0  4
717  0.0  0.0  4
718  0.0  0.0  4
719  0.0  0.0  4
720  -2.0  2.0  4
721  8.0  -8.0  4
722  0.0  0.0  4
723  10.0  -10.0  3
724  10.0  -10.0  3
725  0.0  0.0  4
726  0.0  0.0  4
727  -4.0  4.0  4
728  0.0  0.0  4
729  8.0  -8.0  4
730  8.0  -8.0  1
731  8.0  -8.0  3
732  12.0  -12.0  4
733  10.0  -10.0  4
734  10.0  -10.0  2
735  0.0  0.0  4
736  0.0  0.0  4
737  10.0  -10.0  4
738  8.0  -8.0  4
739  0.0  0.0  4
740  10.0  -10.0  3
741  8.0  -8.0  2
742  8.0  -8.0  4
743  10.0  -10.0  3
744  10.0  -10.0  4
745  0.0  0.0  4
746  10.0  -10.0  2
747  8.0  -8.0  2
748  0.0  0.0  4
749  0.0  0.0  4
750  10.0  -10.0  3
751  8.0  -8.0  4
752  10.0  -10.0  2
753  0.0  0.0  4
754  8.0  -8.0  3
755  -2.0  2.0  4
756  0.0  0.0  4
757  0.0  0.0  4
758  12.0  -12.0  3
759  2.0  -2.0  4
760  2.0  -2.0  4
761  2.0  -2.0  4
762  0.0  0.0  4
763  8.0  -8.0  4
764  10.0  -10.0  4
765  0.0  0.0  4
766  0.0  0.0  4
767  0.0  0.0  4
768  10.0  -10.0  4
769  0.0  0.0  4
770  0.0  0.0  4
771  -2.0  2.0  4
772  0.0  0.0  4
773  10.0  -10.0  2
774  0.0  0.0  4
775  0.0  0.0  4
776  0.0  0.0  4
777  8.0  -8.0  4
778  0.0  0.0  4
779  10.0  -10.0  2
780  10.0  -10.0  2
781  12.0  -12.0  3
782  2.0  -2.0  4
783  0.0  0.0  4
784  0.0  0.0  4
785  0.0  0.0  4
786  -4.0  4.0  4
787  4.0  -4.0  4
788  8.0  -8.0  2
789  10.0  -10.0  4
790  0.0  0.0  4
791  10.0  -10.0  3
792  8.0  -8.0  4
793  2.0  -2.0  4
794  10.0  -10.0  4
795  -2.0  2.0  4
796  8.0  -8.0  1
797  8.0  -8.0  1
798  10.0  -10.0  4
799  2.0  -2.0  4
800  2.0  -2.0  4
801  0.0  0.0  4
802  0.0  0.0  4
803  -2.0  2.0  4
804  2.0  -2.0  4
805  0.0  0.0  4
806  0.0  0.0  4
807  8.0  -8.0  1
808  2.0  -2.0  4
809  8.0  -8.0  1
810  0.0  0.0  4
811  0.0  0.0  4
812  0.0  0.0  4
813  6.0  -6.0  3
814  0.0  0.0  4
815  10.0  -10.0  4
816  8.0  -8.0  1
817  8.0  -8.0  1
818  8.0  -8.0  3
819  2.0  -2.0  4
820  8.0  -8.0  1
821  0.0  0.0  4
822  0.0  0.0  4
823  8.0  -8.0  2
824  8.0  -8.0  1
825  10.0  -10.0  2
826  -2.0  2.0  4
827  0.0  0.0  4
828  0.0  0.0  4
829  10.0  -10.0  4
830  10.0  -10.0  3
831  0.0  0.0  4
832  0.0  0.0  4
833  -2.0  2.0  4
834  2.0  -2.0  4
835  2.0  -2.0  4
836  0.0  0.0  4
837  10.0  -10.0  3
838  10.0  -10.0  2
839  8.0  -8.0  3
840  4.0  -4.0  4
841  8.0  -8.0  1
842  0.0  0.0  4
843  0.0  0.0  4
844  0.0  0.0  4
845  10.0  -10.0  4
846  2.0  -2.0  4
847  8.0  -8.0  4
848  8.0  -8.0  4
849  0.0  0.0  4
850  10.0  -10.0  2
851  -2.0  2.0  4
852  10.0  -10.0  3
853  0.0  0.0  4
854  -2.0  2.0  4
855  0.0  0.0  4
856  8.0  -8.0  1
857  -2.0  2.0  4
858  8.0  -8.0  3
859  2.0  -2.0  4
860  -2.0  2.0  4
861  10.0  -10.0  4
862  0.0  0.0  4
863  12.0  -12.0  4
864  2.0  -2.0  4
865  2.0  -2.0  4
866  8.0  -8.0  2
867  8.0  -8.0  1
868  0.0  0.0  4
869  8.0  -8.0  1
870  8.0  -8.0  1
871  12.0  -12.0  4
872  6.0  -6.0  4
873  -2.0  2.0  4
874  10.0  -10.0  3
875  12.0  -12.0  4
876  8.0  -8.0  1
877  0.0  0.0  4
878  8.0  -8.0  4
879  8.0  -8.0  4
880  0.0  0.0  4
881  8.0  -8.0  2
882  8.0  -8.0  2
883  0.0  0.0  4
884  0.0  0.0  4
885  0.0  0.0  4
886  8.0  -8.0  1
887  0.0  0.0  4
888  -2.0  2.0  4
889  0.0  0.0  4
890  2.0  -2.0  4
891  0.0  0.0  4
892  0.0  0.0  4
893  8.0  -8.0  3
894  0.0  0.0  4
895  8.0  -8.0  1
896  0.0  0.0  4
897  12.0  -12.0  3
898  -2.0  2.0  4
899  8.0  -8.0  4
900  0.0  0.0  4
901  8.0  -8.0  2
902  2.0  -2.0  4
903  8.0  -8.0  4
904  6.0  -6.0  4
905  10.0  -10.0  4
906  6.0  -6.0  4
907  10.0  -10.0  2
908  8.0  -8.0  4
909  0.0  0.0  4
910  0.0  0.0  4
911  0.0  0.0  4
912  0.0  0.0  4
913  0.0  0.0  4
914  0.0  0.0  4
915  8.0  -8.0  2
916  4.0  -4.0  4
917  0.0  0.0  4
918  2.0  -2.0  4
919  0.0  0.0  4
920  -2.0  2.0  4
921  10.0  -10.0  4
922  10.0  -10.0  2
923  8.0  -8.0  1
924  0.0  0.0  4
925  8.0  -8.0  4
926  -2.0  2.0  4
927  0.0  0.0  4
928  0.0  0.0  4
929  8.0  -8.0  1
930  0.0  0.0  4
931  0.0  0.0  4
932  8.0  -8.0  1
933  12.0  -12.0  3
934  8.0  -8.0  3
935  2.0  -2.0  4
936  2.0  -2.0  4
937  0.0  0.0  4
938  8.0  -8.0  3
939  0.0  0.0  4
940  0.0  0.0  4
941  2.0  -2.0  4
942  10.0  -10.0  2
943  0.0  0.0  4
944  8.0  -8.0  2
945  0.0  0.0  4
946  0.0  0.0  4
947  10.0  -10.0  2
948  10.0  -10.0  2
949  0.0  0.0  4
950  -2.0  2.0  4
951  8.0  -8.0  1
952  0.0  0.0  4
953  6.0  -6.0  4
954  0.0  0.0  4
955  -2.0  2.0  4
956  8.0  -8.0  4
957  0.0  0.0  4
958  0.0  0.0  4
959  0.0  0.0  4
960  2.0  -2.0  4
961  12.0  -12.0  4
962  10.0  -10.0  3
963  8.0  -8.0  1
964  -2.0  2.0  4
965  10.0  -10.0  4
966  0.0  0.0  4
967  2.0  -2.0  4
968  2.0  -2.0  4
969  0.0  0.0  4
970  0.0  0.0  4
971  10.0  -10.0  4
972  0.0  0.0  4
973  0.0  0.0  4
974  12.0  -12.0  4
975  0.0  0.0  4
976  10.0  -10.0  3
977  8.0  -8.0  2
978  0.0  0.0  4
979  0.0  0.0  4
980  10.0  -10.0  3
981  10.0  -10.0  4
982  10.0  -10.0  3
983  8.0  -8.0  4
984  0.0  0.0  4
985  -2.0  2.0  4
986  8.0  -8.0  3
987  0.0  0.0  4
988  0.0  0.0  4
989  8.0  -8.0  4
990  2.0  -2.0  4
991  0.0  0.0  4
992  2.0  -2.0  4
993  2.0  -2.0  4
994  0.0  0.0  4
995  0.0  0.0  4
996  0.0  0.0  4
997  8.0  -8.0  4
998  0.0  0.0  4
999  0.0  0.0  4
1000  2.0  -2.0  4
1001  0.0  0.0  4
1002  10.0  -10.0  2
1003  0.0  0.0  4
1004  10.0  -10.0  4
1005  2.0  -2.0  4
1006  2.0  -2.0  4
1007  -2.0  2.0  4
1008  0.0  0.0  4
1009  6.0  -6.0  4
1010  10.0  -10.0  2
1011  0.0  0.0  4
1012  2.0  -2.0  4
1013  2.0  -2.0  4
1014  -2.0  2.0  4
1015  10.0  -10.0  4
1016  8.0  -8.0  4
1017  0.0  0.0  4
1018  2.0  -2.0  4
1019  8.0  -8.0  3
1020  0.0  0.0  4
1021  10.0  -10.0  2
1022  -2.0  2.0  4
1023  0.0  0.0  4
1024  0.0  0.0  4
1025  0.0  0.0  4
1026  0.0  0.0  4
1027  0.0  0.0  4
1028  -2.0  2.0  4
1029  -2.0  2.0  4
1030  8.0  -8.0  1
1031  2.0  -2.0  4
1032  0.0  0.0  4
1033  8.0  -8.0  2
1034  0.0  0.0  4
1035  0.0  0.0  4
1036  0.0  0.0  4
1037  8.0  -8.0  4
1038  0.0  0.0  4
1039  0.0  0.0  4
1040  2.0  -2.0  4
1041  0.0  0.0  4
1042  8.0  -8.0  1
1043  -2.0  2.0  4
1044  4.0  -4.0  4
1045  8.0  -8.0  3
1046  6.0  -6.0  3
1047  8.0  -8.0  4
1048  0.0  0.0  4
1049  4.0  -4.0  4
1050  0.0  0.0  4
1051  0.0  0.0  4
1052  0.0  0.0  4
1053  10.0  -10.0  2
1054  0.0  0.0  4
1055  0.0  0.0  4
1056  0.0  0.0  4
1057  0.0  0.0  4
1058  8.0  -8.0  1
1059  10.0  -10.0  4
1060  10.0  -10.0  4
1061  6.0  -6.0  4
1062  0.0  0.0  4
1063  2.0  -2.0  4
1064  4.0  -4.0  4
1065  6.0  -6.0  3
1066  0.0  0.0  4
1067  8.0  -8.0  1
1068  10.0  -10.0  4
1069  0.0  0.0  4
1070  0.0  0.0  4
1071  0.0  0.0  4
1072  10.0  -10.0  4
1073  8.0  -8.0  4
1074  0.0  0.0  4
1075  2.0  -2.0  4
1076  10.0  -10.0  3
1077  0.0  0.0  4
1078  0.0  0.0  4
1079  0.0  0.0  4
1080  8.0  -8.0  2
1081  8.0  -8.0  1
1082  8.0  -8.0  1
1083  -2.0  2.0  4
1084  0.0  0.0  4
1085  0.0  0.0  4
1086  0.0  0.0  4
1087  -2.0  2.0  4
1088  0.0  0.0  4
1089  8.0  -8.0  4
1090  -2.0  2.0  4
1091  0.0  0.0  4
1092  0.0  0.0  4
1093  0.0  0.0  4
1094  8.0  -8.0  3
1095  0.0  0.0  4
1096  0.0  0.0  4
1097  0.0  0.0  4
1098  0.0  0.0  4
1099  10.0  -10.0  3
1100  0.0  0.0  4
1101  10.0  -10.0  3
1102  0.0  0.0  4
1103  0.0  0.0  4
1104  0.0  0.0  4
1105  0.0  0.0  4
1106  0.0  0.0  4
1107  12.0  -12.0  4
1108  10.0  -10.0  3
1109  10.0  -10.0  4
1110  -2.0  2.0  4
1111  0.0  0.0  4
1112  -2.0  2.0  4
1113  10.0  -10.0  2
1114  10.0  -10.0  2
1115  0.0  0.0  4
1116  10.0  -10.0  2
1117  8.0  -8.0  1
1118  0.0  0.0  4
1119  4.0  -4.0  4
1120  2.0  -2.0  4
1121  2.0  -2.0  4
1122  8.0  -8.0  2
1123  6.0  -6.0  2
1124  8.0  -8.0  1
1125  -2.0  2.0  4
1126  8.0  -8.0  3
1127  6.0  -6.0  2
1128  -2.0  2.0  4
1129  10.0  -10.0  4
1130  -2.0  2.0  4
1131  10.0  -10.0  2
1132  2.0  -2.0  4
1133  0.0  0.0  4
1134  10.0  -10.0  3
1135  0.0  0.0  4
1136  8.0  -8.0  1
1137  0.0  0.0  4
1138  0.0  0.0  4
1139  8.0  -8.0  1
1140  0.0  0.0  4
1141  0.0  0.0  4
1142  0.0  0.0  4
1143  12.0  -12.0  4
1144  0.0  0.0  4
1145  8.0  -8.0  4
1146  0.0  0.0  4
1147  0.0  0.0  4
1148  2.0  -2.0  4
1149  2.0  -2.0  4
1150  -4.0  4.0  4
1151  8.0  -8.0  1
1152  0.0  0.0  4
1153  0.0  0.0  4
1154  8.0  -8.0  2
1155  0.0  0.0  4
1156  0.0  0.0  4
1157  0.0  0.0  4
1158  0.0  0.0  4
1159  10.0  -10.0  3
1160  0.0  0.0  4
1161  8.0  -8.0  2
1162  10.0  -10.0  4
1163  0.0  0.0  4
1164  8.0  -8.0  1
1165  8.0  -8.0  2
1166  0.0  0.0  4
1167  0.0  0.0  4
1168  0.0  0.0  4
1169  8.0  -8.0  2
1170  0.0  0.0  4
1171  10.0  -10.0  3
1172  0.0  0.0  4
1173  0.0  0.0  4
1174  0.0  0.0  4
1175  8.0  -8.0  1
1176  0.0  0.0  4
1177  0.0  0.0  4
1178  12.0  -12.0  4
1179  0.0  0.0  4
1180  8.0  -8.0  1
1181  0.0  0.0  4
1182  0.0  0.0  4
1183  8.0  -8.0  4
1184  0.0  0.0  4
1185  8.0  -8.0  1
1186  0.0  0.0  4
1187  0.0  0.0  4
1188  8.0  -8.0  2
1189  10.0  -10.0  4
1190  0.0  0.0  4
1191  0.0  0.0  4
1192  0.0  0.0  4
1193  0.0  0.0  4
1194  2.0  -2.0  4
1195  0.0  0.0  4
1196  10.0  -10.0  3
1197  10.0  -10.0  2
1198  0.0  0.0  4
1199  10.0  -10.0  2
1200  0.0  0.0  4
1201  8.0  -8.0  3
1202  -2.0  2.0  4
1203  10.0  -10.0  4
1204  10.0  -10.0  2
1205  10.0  -10.0  4
1206  0.0  0.0  4
1207  0.0  0.0  4
1208  8.0  -8.0  4
1209  0.0  0.0  4
1210  10.0  -10.0  4
1211  10.0  -10.0  2
1212  -2.0  2.0  4
1213  0.0  0.0  4
1214  0.0  0.0  4
1215  0.0  0.0  4
1216  8.0  -8.0  2
1217  10.0  -10.0  2
1218  12.0  -12.0  3
1219  0.0  0.0  4
1220  0.0  0.0  4
1221  8.0  -8.0  4
1222  6.0  -6.0  3
1223  0.0  0.0  4
1224  0.0  0.0  4
1225  0.0  0.0  4
1226  0.0  0.0  4
1227  10.0  -10.0  3
1228  8.0  -8.0  3
1229  10.0  -10.0  4
1230  6.0  -6.0  3
1231  8.0  -8.0  2
1232  0.0  0.0  4
1233  0.0  0.0  4
1234  0.0  0.0  4
1235  10.0  -10.0  2
1236  0.0  0.0  4
1237  0.0  0.0  4
1238  0.0  0.0  4
1239  0.0  0.0  4
1240  0.0  0.0  4
1241  8.0  -8.0  1
1242  8.0  -8.0  4
1243  0.0  0.0  4
1244  8.0  -8.0  4
1245  10.0  -10.0  3
1246  10.0  -10.0  3
1247  0.0  0.0  4
1248  -2.0  2.0  4
1249  0.0  0.0  4
1250  10.0  -10.0  4
1251  8.0  -8.0  2
1252  0.0  0.0  4
1253  8.0  -8.0  1
1254  2.0  -2.0  4
1255  2.0  -2.0  4
1256  0.0  0.0  4
1257  10.0  -10.0  2
1258  8.0  -8.0  4
1259  0.0  0.0  4
1260  0.0  0.0  4
1261  0.0  0.0  4
1262  12.0  -12.0  4
1263  10.0  -10.0  3
1264  0.0  0.0  4
1265  0.0  0.0  4
1266  10.0  -10.0  3
1267  2.0  -2.0  4
1268  10.0  -10.0  2
1269  4.0  -4.0  4
1270  0.0  0.0  4
1271  -2.0  2.0  4
1272  0.0  0.0  4
1273  0.0  0.0  4
1274  2.0  -2.0  4
1275  0.0  0.0  4
1276  0.0  0.0  4
1277  0.0  0.0  4
1278  0.0  0.0  4
1279  8.0  -8.0  2
1280  0.0  0.0  4
1281  6.0  -6.0  3
1282  8.0  -8.0  2
1283  0.0  0.0  4
1284  -2.0  2.0  4
1285  8.0  -8.0  3
1286  10.0  -10.0  4
1287  8.0  -8.0  1
1288  10.0  -10.0  2
1289  0.0  0.0  4
1290  0.0  0.0  4
1291  8.0  -8.0  3
1292  6.0  -6.0  4
1293  8.0  -8.0  1
1294  2.0  -2.0  4
1295  10.0  -10.0  2
1296  8.0  -8.0  2
1297  0.0  0.0  4
1298  0.0  0.0  4
1299  -2.0  2.0  4
1300  8.0  -8.0  1
1301  8.0  -8.0  4
1302  8.0  -8.0  1
1303  0.0  0.0  4
1304  -2.0  2.0  4
1305  0.0  0.0  4
1306  -2.0  2.0  4
1307  10.0  -10.0  3
1308  8.0  -8.0  4
1309  10.0  -10.0  4
1310  6.0  -6.0  3
1311  2.0  -2.0  4
1312  8.0  -8.0  4
1313  0.0  0.0  4
1314  0.0  0.0  4
1315  10.0  -10.0  3
1316  0.0  0.0  4
1317  12.0  -12.0  4
1318  12.0  -12.0  4
1319  0.0  0.0  4
1320  0.0  0.0  4
1321  12.0  -12.0  4
1322  0.0  0.0  4
1323  10.0  -10.0  3
1324  0.0  0.0  4
1325  0.0  0.0  4
1326  -2.0  2.0  4
1327  10.0  -10.0  4
1328  0.0  0.0  4
1329  -2.0  2.0  4
1330  8.0  -8.0  4
1331  0.0  0.0  4
1332  0.0  0.0  4
1333  0.0  0.0  4
1334  0.0  0.0  4
1335  0.0  0.0  4
1336  2.0  -2.0  4
1337  0.0  0.0  4
1338  10.0  -10.0  3
1339  0.0  0.0  4
1340  -2.0  2.0  4
1341  0.0  0.0  4
1342  2.0  -2.0  4
1343  8.0  -8.0  4
1344  8.0  -8.0  1
1345  8.0  -8.0  1
1346  0.0  0.0  4
1347  0.0  0.0  4
1348  0.0  0.0  4
1349  0.0  0.0  4
1350  -2.0  2.0  4
1351  0.0  0.0  4
1352  10.0  -10.0  2
1353  6.0  -6.0  2
1354  0.0  0.0  4
1355  0.0  0.0  4
1356  2.0  -2.0  4
1357  10.0  -10.0  4
1358  12.0  -12.0  4
1359  10.0  -10.0  2
1360  0.0  0.0  4
1361  0.0  0.0  4
1362  0.0  0.0  4
1363  10.0  -10.0  4
1364  0.0  0.0  4
1365  0.0  0.0  4
1366  10.0  -10.0  3
1367  10.0  -10.0  3
1368  -2.0  2.0  4
1369  0.0  0.0  4
1370  0.0  0.0  4
1371  0.0  0.0  4
1372  8.0  -8.0  2
1373  0.0  0.0  4
1374  0.0  0.0  4
1375  -2.0  2.0  4
1376  0.0  0.0  4
1377  0.0  0.0  4
1378  8.0  -8.0  1
1379  8.0  -8.0  4
1380  0.0  0.0  4
1381  2.0  -2.0  4
1382  0.0  0.0  4
1383  8.0  -8.0  4
1384  10.0  -10.0  2
1385  10.0  -10.0  2
1386  8.0  -8.0  1
1387  0.0  0.0  4
1388  0.0  0.0  4
1389  -2.0  2.0  4
1390  -2.0  2.0  4
1391  8.0  -8.0  4
1392  0.0  0.0  4
1393  2.0  -2.0  4
1394  0.0  0.0  4
1395  2.0  -2.0  4
1396  8.0  -8.0  1
1397  8.0  -8.0  4
1398  0.0  0.0  4
1399  2.0  -2.0  4
1400  8.0  -8.0  3
1401  8.0  -8.0  4
1402  -2.0  2.0  4
1403  -4.0  4.0  4
1404  8.0  -8.0  4
1405  0.0  0.0  4
1406  2.0  -2.0  4
1407  6.0  -6.0  4
1408  -2.0  2.0  4
1409  0.0  0.0  4
1410  8.0  -8.0  1
1411  8.0  -8.0  4
1412  0.0  0.0  4
1413  8.0  -8.0  4
1414  8.0  -8.0  4
1415  10.0  -10.0  3
1416  -2.0  2.0  4
1417  8.0  -8.0  1
1418  0.0  0.0  4
1419  0.0  0.0  4
1420  0.0  0.0  4
1421  0.0  0.0  4
1422  10.0  -10.0  2
1423  0.0  0.0  4
1424  6.0  -6.0  2
1425  8.0  -8.0  4
1426  2.0  -2.0  4
1427  -2.0  2.0  4
1428  0.0  0.0  4
1429  0.0  0.0  4
1430  8.0  -8.0  1
1431  10.0  -10.0  2
1432  0.0  0.0  4
1433  -2.0  2.0  4
1434  0.0  0.0  4
1435  10.0  -10.0  2
1436  0.0  0.0  4
1437  2.0  -2.0  4
1438  0.0  0.0  4
1439  0.0  0.0  4
1440  0.0  0.0  4
1441  0.0  0.0  4
1442  8.0  -8.0  4
1443  10.0  -10.0  2
1444  0.0  0.0  4
1445  8.0  -8.0  1
1446  0.0  0.0  4
1447  0.0  0.0  4
1448  0.0  0.0  4
1449  0.0  0.0  4
1450  10.0  -10.0  4
1451  0.0  0.0  4
1452  2.0  -2.0  4
1453  8.0  -8.0  4
1454  10.0  -10.0  4
1455  14.0  -14.0  4
1456  8.0  -8.0  1
1457  0.0  0.0  4
1458  2.0  -2.0  4
1459  -2.0  2.0  4
1460  0.0  0.0  4
1461  0.0  0.0  4
1462  8.0  -8.0  1
1463  10.0  -10.0  2
1464  0.0  0.0  4
1465  0.0  0.0  4
1466  8.0  -8.0  4
1467  2.0  -2.0  4
1468  -2.0  2.0  4
1469  12.0  -12.0  4
1470  10.0  -10.0  4
1471  0.0  0.0  4
1472  8.0  -8.0  4
1473  0.0  0.0  4
1474  -2.0  2.0  4
1475  8.0  -8.0  4
1476  8.0  -8.0  3
1477  8.0  -8.0  2
1478  10.0  -10.0  2
1479  0.0  0.0  4
1480  10.0  -10.0  2
1481  8.0  -8.0  4
1482  10.0  -10.0  4
1483  8.0  -8.0  3
1484  8.0  -8.0  4
1485  0.0  0.0  4
1486  10.0  -10.0  2
1487  8.0  -8.0  1
1488  0.0  0.0  4
1489  0.0  0.0  4
1490  0.0  0.0  4
1491  10.0  -10.0  4
1492  12.0  -12.0  4
1493  8.0  -8.0  4
1494  8.0  -8.0  4
1495  0.0  0.0  4
1496  10.0  -10.0  2
1497  0.0  0.0  4
1498  -2.0  2.0  4
1499  0.0  0.0  4
1500  -2.0  2.0  4
1501  0.0  0.0  4
1502  2.0  -2.0  4
1503  10.0  -10.0  2
1504  0.0  0.0  4
1505  -2.0  2.0  4
1506  2.0  -2.0  4
1507  8.0  -8.0  4
1508  0.0  0.0  4
1509  0.0  0.0  4
1510  0.0  0.0  4
1511  8.0  -8.0  4
1512  0.0  0.0  4
1513  0.0  0.0  4
1514  0.0  0.0  4
1515  8.0  -8.0  3
1516  0.0  0.0  4
1517  2.0  -2.0  4
1518  10.0  -10.0  4
1519  0.0  0.0  4
1520  0.0  0.0  4
1521  10.0  -10.0  4
1522  2.0  -2.0  4
1523  0.0  0.0  4
1524  0.0  0.0  4
1525  8.0  -8.0  3
1526  4.0  -4.0  4
1527  8.0  -8.0  3
1528  8.0  -8.0  1
1529  6.0  -6.0  4
1530  -2.0  2.0  4
1531  10.0  -10.0  3
1532  0.0  0.0  4
1533  2.0  -2.0  4
1534  8.0  -8.0  1
1535  0.0  0.0  4
1536  0.0  0.0  4
1537  -2.0  2.0  4
1538  2.0  -2.0  4
1539  10.0  -10.0  3
1540  0.0  0.0  4
1541  0.0  0.0  4
1542  0.0  0.0  4
1543  10.0  -10.0  3
1544  -2.0  2.0  4
1545  10.0  -10.0  2
1546  6.0  -6.0  2
1547  0.0  0.0  4
1548  -2.0  2.0  4
1549  0.0  0.0  4
1550  -2.0  2.0  4
1551  6.0  -6.0  4
1552  0.0  0.0  4
1553  2.0  -2.0  4
1554  0.0  0.0  4
1555  8.0  -8.0  4
1556  0.0  0.0  4
1557  2.0  -2.0  4
1558  10.0  -10.0  3
1559  0.0  0.0  4
1560  10.0  -10.0  4
1561  10.0  -10.0  2
1562  10.0  -10.0  4
1563  10.0  -10.0  4
1564  8.0  -8.0  3
1565  4.0  -4.0  4
1566  0.0  0.0  4
1567  0.0  0.0  4
1568  0.0  0.0  4
1569  0.0  0.0  4
1570  8.0  -8.0  1
1571  8.0  -8.0  2
1572  8.0  -8.0  1
1573  0.0  0.0  4
1574  8.0  -8.0  3
1575  0.0  0.0  4
1576  10.0  -10.0  2
1577  0.0  0.0  4
1578  0.0  0.0  4
1579  8.0  -8.0  1
1580  10.0  -10.0  2
1581  10.0  -10.0  4
1582  0.0  0.0  4
1583  8.0  -8.0  1
1584  8.0  -8.0  1
1585  8.0  -8.0  4
1586  0.0  0.0  4
1587  -2.0  2.0  4
1588  0.0  0.0  4
1589  10.0  -10.0  2
1590  6.0  -6.0  1
1591  8.0  -8.0  1
1592  10.0  -10.0  4
1593  8.0  -8.0  4
1594  0.0  0.0  4
1595  0.0  0.0  4
1596  0.0  0.0  4
1597  8.0  -8.0  1
1598  0.0  0.0  4
1599  2.0  -2.0  4
1600  -2.0  2.0  4
1601  0.0  0.0  4
1602  8.0  -8.0  3
1603  0.0  0.0  4
1604  0.0  0.0  4
1605  10.0  -10.0  4
1606  0.0  0.0  4
1607  0.0  0.0  4
1608  2.0  -2.0  4
1609  10.0  -10.0  3
1610  8.0  -8.0  3
1611  10.0  -10.0  2
1612  10.0  -10.0  4
1613  8.0  -8.0  1
1614  8.0  -8.0  1
1615  -2.0  2.0  4
1616  10.0  -10.0  2
1617  0.0  0.0  4
1618  8.0  -8.0  3
1619  0.0  0.0  4
1620  0.0  0.0  4
1621  10.0  -10.0  2
1622  2.0  -2.0  4
1623  2.0  -2.0  4
1624  0.0  0.0  4
1625  0.0  0.0  4
1626  8.0  -8.0  2
1627  8.0  -8.0  1
1628  0.0  0.0  4
1629  8.0  -8.0  4
1630  0.0  0.0  4
1631  0.0  0.0  4
1632  0.0  0.0  4
1633  0.0  0.0  4
1634  0.0  0.0  4
1635  8.0  -8.0  4
1636  2.0  -2.0  4
1637  8.0  -8.0  2
1638  10.0  -10.0  2
1639  0.0  0.0  4
1640  6.0  -6.0  4
1641  0.0  0.0  4
1642  10.0  -10.0  2
1643  0.0  0.0  4
1644  8.0  -8.0  3
1645  0.0  0.0  4
1646  0.0  0.0  4
1647  10.0  -10.0  2
1648  10.0  -10.0  2
1649  0.0  0.0  4
1650  0.0  0.0  4
1651  0.0  0.0  4
1652  0.0  0.0  4
1653  -2.0  2.0  4
1654  8.0  -8.0  2
1655  0.0  0.0  4
1656  10.0  -10.0  4
1657  0.0  0.0  4
1658  4.0  -4.0  4
1659  0.0  0.0  4
1660  10.0  -10.0  4
1661  4.0  -4.0  4
1662  10.0  -10.0  2
1663  10.0  -10.0  4
1664  4.0  -4.0  4
1665  0.0  0.0  4
1666  8.0  -8.0  2
1667  0.0  0.0  4
1668  4.0  -4.0  4
1669  10.0  -10.0  3
1670  2.0  -2.0  4
1671  0.0  0.0  4
1672  0.0  0.0  4
1673  0.0  0.0  4
1674  -2.0  2.0  4
1675  0.0  0.0  4
1676  10.0  -10.0  2
1677  0.0  0.0  4
1678  -2.0  2.0  4
1679  0.0  0.0  4
1680  8.0  -8.0  1
1681  0.0  0.0  4
1682  8.0  -8.0  4
1683  0.0  0.0  4
1684  2.0  -2.0  4
1685  -2.0  2.0  4
1686  0.0  0.0  4
1687  12.0  -12.0  4
1688  0.0  0.0  4
1689  10.0  -10.0  2
1690  8.0  -8.0  2
1691  8.0  -8.0  4
1692  10.0  -10.0  3
1693  10.0  -10.0  4
1694  0.0  0.0  4
1695  0.0  0.0  4
1696  8.0  -8.0  1
1697  0.0  0.0  4
1698  0.0  0.0  4
1699  -2.0  2.0  4
1700  12.0  -12.0  3
1701  0.0  0.0  4
1702  0.0  0.0  4
1703  0.0  0.0  4
1704  0.0  0.0  4
1705  10.0  -10.0  3
1706  6.0  -6.0  4
1707  8.0  -8.0  2
1708  8.0  -8.0  2
1709  0.0  0.0  4
1710  -2.0  2.0  4
1711  8.0  -8.0  3
1712  10.0  -10.0  4
1713  0.0  0.0  4
1714  0.0  0.0  4
1715  0.0  0.0  4
1716  0.0  0.0  4
1717  0.0  0.0  4
1718  12.0  -12.0  4
1719  0.0  0.0  4
1720  10.0  -10.0  4
1721  0.0  0.0  4
1722  0.0  0.0  4
1723  2.0  -2.0  4
1724  -2.0  2.0  4
1725  2.0  -2.0  4
1726  2.0  -2.0  4
1727  0.0  0.0  4
1728  6.0  -6.0  4
1729  12.0  -12.0  4
1730  6.0  -6.0  1
1731  2.0  -2.0  4
1732  0.0  0.0  4
1733  2.0  -2.0  4
1734  8.0  -8.0  2
1735  8.0  -8.0  1
1736  8.0  -8.0  1
1737  8.0  -8.0  3
1738  0.0  0.0  4
1739  -4.0  4.0  4
1740  8.0  -8.0  1
1741  0.0  0.0  4
1742  10.0  -10.0  4
1743  12.0  -12.0  3
1744  0.0  0.0  4
1745  -2.0  2.0  4
1746  0.0  0.0  4
1747  8.0  -8.0  1
1748  0.0  0.0  4
1749  0.0  0.0  4
1750  -2.0  2.0  4
1751  0.0  0.0  4
1752  0.0  0.0  4
1753  0.0  0.0  4
1754  0.0  0.0  4
1755  8.0  -8.0  1
1756  0.0  0.0  4
1757  2.0  -2.0  4
1758  0.0  0.0  4
1759  0.0  0.0  4
1760  10.0  -10.0  4
1761  6.0  -6.0  3
1762  0.0  0.0  4
1763  8.0  -8.0  2
1764  0.0  0.0  4
1765  8.0  -8.0  2
1766  8.0  -8.0  4
1767  0.0  0.0  4
1768  12.0  -12.0  4
1769  0.0  0.0  4
1770  0.0  0.0  4
1771  0.0  0.0  4
1772  2.0  -2.0  4
1773  8.0  -8.0  2
1774  0.0  0.0  4
1775  8.0  -8.0  2
1776  0.0  0.0  4
1777  -2.0  2.0  4
1778  -2.0  2.0  4
1779  0.0  0.0  4
1780  -2.0  2.0  4
1781  0.0  0.0  4
1782  0.0  0.0  4
1783  10.0  -10.0  4
1784  10.0  -10.0  4
1785  10.0  -10.0  3
1786  2.0  -2.0  4
1787  10.0  -10.0  2
1788  0.0  0.0  4
1789  0.0  0.0  4
1790  0.0  0.0  4
1791  8.0  -8.0  1
1792  10.0  -10.0  4
1793  0.0  0.0  4
1794  10.0  -10.0  4
1795  10.0  -10.0  2
1796  -2.0  2.0  4
1797  10.0  -10.0  4
1798  8.0  -8.0  1
1799  4.0  -4.0  4
1800  0.0  0.0  4
1801  8.0  -8.0  1
1802  10.0  -10.0  2
1803  8.0  -8.0  1
1804  10.0  -10.0  4
1805  10.0  -10.0  4
1806  0.0  0.0  4
1807  10.0  -10.0  4
1808  8.0  -8.0  4
1809  8.0  -8.0  3
1810  0.0  0.0  4
1811  8.0  -8.0  2
1812  10.0  -10.0  4
1813  8.0  -8.0  4
1814  0.0  0.0  4
1815  0.0  0.0  4
1816  0.0  0.0  4
1817  0.0  0.0  4
1818  8.0  -8.0  2
1819  10.0  -10.0  3
1820  2.0  -2.0  4
1821  10.0  -10.0  2
1822  10.0  -10.0  4
1823  0.0  0.0  4
1824  0.0  0.0  4
1825  8.0  -8.0  1
1826  0.0  0.0  4
1827  8.0  -8.0  1
1828  0.0  0.0  4
1829  8.0  -8.0  1
1830  10.0  -10.0  4
1831  0.0  0.0  4
1832  0.0  0.0  4
1833  2.0  -2.0  4
1834  2.0  -2.0  4
1835  10.0  -10.0  2
1836  0.0  0.0  4
1837  10.0  -10.0  2
1838  -2.0  2.0  4
1839  10.0  -10.0  2
1840  10.0  -10.0  2
1841  8.0  -8.0  4
1842  12.0  -12.0  4
1843  2.0  -2.0  4
1844  10.0  -10.0  2
1845  0.0  0.0  4
1846  10.0  -10.0  3
1847  -2.0  2.0  4
1848  0.0  0.0  4
1849  0.0  0.0  4
1850  0.0  0.0  4
1851  8.0  -8.0  2
1852  0.0  0.0  4
1853  0.0  0.0  4
1854  8.0  -8.0  1
1855  2.0  -2.0  4
1856  0.0  0.0  4
1857  12.0  -12.0  3
1858  10.0  -10.0  2
1859  8.0  -8.0  4
1860  8.0  -8.0  2
1861  -2.0  2.0  4
1862  6.0  -6.0  4
1863  10.0  -10.0  2
1864  0.0  0.0  4
1865  0.0  0.0  4
1866  0.0  0.0  4
1867  0.0  0.0  4
1868  4.0  -4.0  4
1869  8.0  -8.0  2
1870  8.0  -8.0  1
1871  10.0  -10.0  4
1872  0.0  0.0  4
1873  8.0  -8.0  1
1874  10.0  -10.0  2
1875  0.0  0.0  4
1876  0.0  0.0  4
1877  0.0  0.0  4
1878  0.0  0.0  4
1879  0.0  0.0  4
1880  8.0  -8.0  1
1881  10.0  -10.0  3
1882  0.0  0.0  4
1883  10.0  -10.0  2
1884  0.0  0.0  4
1885  0.0  0.0  4
1886  2.0  -2.0  4
1887  8.0  -8.0  4
1888  0.0  0.0  4
1889  2.0  -2.0  4
1890  14.0  -14.0  4
1891  0.0  0.0  4
1892  -2.0  2.0  4
1893  -2.0  2.0  4
1894  8.0  -8.0  1
1895  0.0  0.0  4
1896  0.0  0.0  4
1897  0.0  0.0  4
1898  8.0  -8.0  1
1899  10.0  -10.0  2
1900  0.0  0.0  4
1901  10.0  -10.0  3
1902  0.0  0.0  4
1903  0.0  0.0  4
1904  0.0  0.0  4
1905  8.0  -8.0  2
1906  8.0  -8.0  1
1907  8.0  -8.0  3
1908  0.0  0.0  4
1909  0.0  0.0  4
1910  0.0  0.0  4
1911  -2.0  2.0  4
1912  10.0  -10.0  2
1913  0.0  0.0  4
1914  0.0  0.0  4
1915  10.0  -10.0  2
1916  0.0  0.0  4
1917  10.0  -10.0  2
1918  10.0  -10.0  4
1919  0.0  0.0  4
1920  0.0  0.0  4
1921  0.0  0.0  4
1922  10.0  -10.0  2
1923  8.0  -8.0  2
1924  10.0  -10.0  2
1925  10.0  -10.0  3
1926  8.0  -8.0  4
1927  4.0  -4.0  4
1928  0.0  0.0  4
1929  2.0  -2.0  4
1930  2.0  -2.0  4
1931  0.0  0.0  4
1932  -2.0  2.0  4
1933  10.0  -10.0  4
1934  14.0  -14.0  4
1935  2.0  -2.0  4
1936  10.0  -10.0  3
1937  8.0  -8.0  3
1938  12.0  -12.0  3
1939  0.0  0.0  4
1940  10.0  -10.0  4
1941  -2.0  2.0  4
1942  0.0  0.0  4
1943  0.0  0.0  4
1944  8.0  -8.0  3
1945  10.0  -10.0  4
1946  8.0  -8.0  1
1947  10.0  -10.0  2
1948  0.0  0.0  4
1949  0.0  0.0  4
1950  10.0  -10.0  3
1951  8.0  -8.0  1
1952  6.0  -6.0  4
1953  -2.0  2.0  4
1954  6.0  -6.0  2
1955  8.0  -8.0  4
1956  2.0  -2.0  4
1957  0.0  0.0  4
1958  10.0  -10.0  4
1959  0.0  0.0  4
1960  2.0  -2.0  4
1961  0.0  0.0  4
1962  8.0  -8.0  1
1963  0.0  0.0  4
1964  8.0  -8.0  1
1965  8.0  -8.0  3
1966  10.0  -10.0  2
1967  0.0  0.0  4
1968  0.0  0.0  4
1969  8.0  -8.0  4
1970  6.0  -6.0  2
1971  0.0  0.0  4
1972  12.0  -12.0  4
1973  2.0  -2.0  4
1974  8.0  -8.0  1
1975  -2.0  2.0  4
1976  8.0  -8.0  3
1977  0.0  0.0  4
1978  0.0  0.0  4
1979  0.0  0.0  4
1980  0.0  0.0  4
1981  10.0  -10.0  4
1982  8.0  -8.0  3
1983  0.0  0.0  4
1984  10.0  -10.0  4
1985  0.0  0.0  4
1986  2.0  -2.0  4
1987  0.0  0.0  4
1988  8.0  -8.0  3
1989  -2.0  2.0  4
1990  0.0  0.0  4
1991  10.0  -10.0  2
1992  0.0  0.0  4
1993  8.0  -8.0  1
1994  0.0  0.0  4
1995  0.0  0.0  4
1996  0.0  0.0  4
1997  0.0  0.0  4
1998  8.0  -8.0  3
1999  0.0  0.0  4
2000  8.0  -8.0  2
2001  10.0  -10.0  2
2002  10.0  -10.0  4
2003  0.0  0.0  4
2004  -2.0  2.0  4
2005  0.0  0.0  4
2006  8.0  -8.0  1
2007  8.0  -8.0  3
2008  0.0  0.0  4
2009  0.0  0.0  4
2010  8.0  -8.0  1
2011  10.0  -10.0  4
2012  10.0  -10.0  2
2013  6.0  -6.0  1
2014  8.0  -8.0  2
2015  8.0  -8.0  4
2016  10.0  -10.0  2
2017  8.0  -8.0  2
2018  0.0  0.0  4
2019  8.0  -8.0  3
2020  10.0  -10.0  4
2021  8.0  -8.0  2
2022  8.0  -8.0  3
2023  0.0  0.0  4
2024  -2.0  2.0  4
2025  0.0  0.0  4
2026  0.0  0.0  4
2027  10.0  -10.0  4
2028  0.0  0.0  4
2029  0.0  0.0  4
2030  8.0  -8.0  4
2031  10.0  -10.0  2
2032  8.0  -8.0  4
2033  0.0  0.0  4
2034  0.0  0.0  4
2035  10.0  -10.0  4
2036  8.0  -8.0  1
2037  0.0  0.0  4
2038  2.0  -2.0  4
2039  -2.0  2.0  4
2040  0.0  0.0  4
2041  8.0  -8.0  1
2042  8.0  -8.0  1
2043  2.0  -2.0  4
2044  0.0  0.0  4
2045  10.0  -10.0  3
2046  10.0  -10.0  4
2047  8.0  -8.0  2
2048  -2.0  2.0  4
2049  0.0  0.0  4
2050  0.0  0.0  4
2051  0.0  0.0  4
2052  0.0  0.0  4
2053  -2.0  2.0  4
2054  -2.0  2.0  4
2055  8.0  -8.0  1
2056  0.0  0.0  4
2057  10.0  -10.0  4
2058  -2.0  2.0  4
2059  10.0  -10.0  2
2060  0.0  0.0  4
2061  -2.0  2.0  4
2062  10.0  -10.0  4
2063  0.0  0.0  4
2064  0.0  0.0  4
2065  0.0  0.0  4
2066  8.0  -8.0  1
2067  0.0  0.0  4
2068  0.0  0.0  4
2069  2.0  -2.0  4
2070  8.0  -8.0  4
2071  0.0  0.0  4
2072  8.0  -8.0  3
2073  0.0  0.0  4
2074  -2.0  2.0  4
2075  8.0  -8.0  4
2076  0.0  0.0  4
2077  0.0  0.0  4
2078  8.0  -8.0  4
2079  0.0  0.0  4
2080  0.0  0.0  4
2081  10.0  -10.0  3
2082  -2.0  2.0  4
2083  -2.0  2.0  4
2084  2.0  -2.0  4
2085  0.0  0.0  4
2086  10.0  -10.0  3
2087  0.0  0.0  4
2088  0.0  0.0  4
2089  10.0  -10.0  4
2090  0.0  0.0  4
2091  0.0  0.0  4
2092  12.0  -12.0  3
2093  8.0  -8.0  2
2094  8.0  -8.0  3
2095  0.0  0.0  4
2096  8.0  -8.0  3
2097  0.0  0.0  4
2098  10.0  -10.0  3
2099  2.0  -2.0  4
2100  0.0  0.0  4
2101  2.0  -2.0  4
2102  0.0  0.0  4
2103  10.0  -10.0  2
2104  8.0  -8.0  3
2105  8.0  -8.0  1
2106  0.0  0.0  4
2107  10.0  -10.0  3
2108  2.0  -2.0  4
2109  10.0  -10.0  3
2110  10.0  -10.0  4
2111  0.0  0.0  4
2112  8.0  -8.0  1
2113  10.0  -10.0  4
2114  0.0  0.0  4
2115  0.0  0.0  4
2116  2.0  -2.0  4
2117  0.0  0.0  4
2118  10.0  -10.0  4
2119  12.0  -12.0  4
2120  0.0  0.0  4
2121  8.0  -8.0  3
2122  10.0  -10.0  4
2123  0.0  0.0  4
2124  6.0  -6.0  1
2125  2.0  -2.0  4
2126  8.0  -8.0  1
2127  10.0  -10.0  2
2128  8.0  -8.0  3
2129  10.0  -10.0  2
2130  0.0  0.0  4
2131  0.0  0.0  4
2132  0.0  0.0  4
2133  8.0  -8.0  4
2134  0.0  0.0  4
2135  10.0  -10.0  3
2136  0.0  0.0  4
2137  0.0  0.0  4
2138  10.0  -10.0  2
2139  6.0  -6.0  4
2140  -2.0  2.0  4
2141  8.0  -8.0  1
2142  0.0  0.0  4
2143  0.0  0.0  4
2144  8.0  -8.0  4
2145  2.0  -2.0  4
2146  0.0  0.0  4
2147  6.0  -6.0  3
2148  0.0  0.0  4
2149  2.0  -2.0  4
2150  0.0  0.0  4
2151  8.0  -8.0  1
2152  0.0  0.0  4
2153  -2.0  2.0  4
2154  0.0  0.0  4
2155  8.0  -8.0  4
2156  0.0  0.0  4
2157  0.0  0.0  4
2158  0.0  0.0  4
2159  2.0  -2.0  4
2160  0.0  0.0  4
2161  10.0  -10.0  4
2162  0.0  0.0  4
2163  0.0  0.0  4
2164  0.0  0.0  4
2165  8.0  -8.0  4
2166  8.0  -8.0  2
2167  8.0  -8.0  1
2168  -2.0  2.0  4
2169  0.0  0.0  4
2170  2.0  -2.0  4
2171  2.0  -2.0  4
2172  0.0  0.0  4
2173  0.0  0.0  4
2174  10.0  -10.0  3
2175  8.0  -8.0  4
2176  0.0  0.0  4
2177  0.0  0.0  4
2178  10.0  -10.0  2
2179  0.0  0.0  4
2180  10.0  -10.0  3
2181  0.0  0.0  4
2182  8.0  -8.0  4
2183  -2.0  2.0  4
2184  10.0  -10.0  3
2185  10.0  -10.0  3
2186  10.0  -10.0  4
2187  2.0  -2.0  4
2188  8.0  -8.0  2
2189  0.0  0.0  4
2190  8.0  -8.0  3
2191  2.0  -2.0  4
2192  0.0  0.0  4
2193  8.0  -8.0  3
2194  0.0  0.0  4
2195  -2.0  2.0  4
2196  8.0  -8.0  2
2197  2.0  -2.0  4
2198  2.0  -2.0  4
2199  8.0  -8.0  4
2200  12.0  -12.0  4
2201  0.0  0.0  4
2202  10.0  -10.0  4
2203  0.0  0.0  4
2204  12.0  -12.0  3
2205  0.0  0.0  4
2206  8.0  -8.0  2
2207  10.0  -10.0  2
2208  -2.0  2.0  4
2209  -4.0  4.0  4
2210  0.0  0.0  4
2211  8.0  -8.0  2
2212  10.0  -10.0  2
2213  0.0  0.0  4
2214  0.0  0.0  4
2215  0.0  0.0  4
2216  0.0  0.0  4
2217  0.0  0.0  4
2218  0.0  0.0  4
2219  0.0  0.0  4
2220  0.0  0.0  4
2221  2.0  -2.0  4
2222  8.0  -8.0  1
2223  0.0  0.0  4
2224  12.0  -12.0  4
2225  -2.0  2.0  4
2226  0.0  0.0  4
2227  0.0  0.0  4
2228  -2.0  2.0  4
2229  0.0  0.0  4
2230  2.0  -2.0  4
2231  8.0  -8.0  1
2232  0.0  0.0  4
2233  8.0  -8.0  4
2234  -2.0  2.0  4
2235  8.0  -8.0  2
2236  6.0  -6.0  3
2237  0.0  0.0  4
2238  0.0  0.0  4
2239  0.0  0.0  4
2240  8.0  -8.0  3
2241  0.0  0.0  4
2242  8.0  -8.0  4
2243  0.0  0.0  4
2244  0.0  0.0  4
2245  0.0  0.0  4
2246  10.0  -10.0  4
2247  0.0  0.0  4
2248  8.0  -8.0  2
2249  0.0  0.0  4
2250  0.0  0.0  4
2251  4.0  -4.0  4
2252  -2.0  2.0  4
2253  0.0  0.0  4
2254  2.0  -2.0  4
2255  0.0  0.0  4
2256  0.0  0.0  4
2257  -2.0  2.0  4
2258  12.0  -12.0  4
2259  -2.0  2.0  4
2260  4.0  -4.0  4
2261  0.0  0.0  4
2262  8.0  -8.0  3
2263  2.0  -2.0  4
2264  0.0  0.0  4
2265  0.0  0.0  4
2266  0.0  0.0  4
2267  0.0  0.0  4
2268  2.0  -2.0  4
2269  0.0  0.0  4
2270  0.0  0.0  4
2271  2.0  -2.0  4
2272  0.0  0.0  4
2273  -2.0  2.0  4
2274  0.0  0.0  4
2275  8.0  -8.0  4
2276  0.0  0.0  4
2277  10.0  -10.0  2
2278  10.0  -10.0  2
2279  10.0  -10.0  3
2280  8.0  -8.0  4
2281  6.0  -6.0  4
2282  0.0  0.0  4
2283  8.0  -8.0  2
2284  10.0  -10.0  3
2285  10.0  -10.0  2
2286  0.0  0.0  4
2287  8.0  -8.0  1
2288  8.0  -8.0  3
2289  0.0  0.0  4
2290  8.0  -8.0  2
2291  8.0  -8.0  1
2292  0.0  0.0  4
2293  10.0  -10.0  4
2294  -2.0  2.0  4
2295  2.0  -2.0  4
2296  10.0  -10.0  4
2297  8.0  -8.0  4
2298  2.0  -2.0  4
2299  0.0  0.0  4
2300  0.0  0.0  4
2301  10.0  -10.0  2
2302  8.0  -8.0  1
2303  0.0  0.0  4
2304  -2.0  2.0  4
2305  10.0  -10.0  2
2306  -4.0  4.0  4
2307  0.0  0.0  4
2308  0.0  0.0  4
2309  8.0  -8.0  1
2310  10.0  -10.0  4
2311  8.0  -8.0  1
2312  4.0  -4.0  4
2313  2.0  -2.0  4
2314  0.0  0.0  4
2315  2.0  -2.0  4
2316  8.0  -8.0  2
2317  -2.0  2.0  4
2318  8.0  -8.0  1
2319  0.0  0.0  4
2320  8.0  -8.0  4
2321  0.0  0.0  4
2322  0.0  0.0  4
2323  10.0  -10.0  2
2324  2.0  -2.0  4
2325  2.0  -2.0  4
2326  0.0  0.0  4
2327  2.0  -2.0  4
2328  0.0  0.0  4
2329  10.0  -10.0  3
2330  0.0  0.0  4
2331  0.0  0.0  4
2332  0.0  0.0  4
2333  6.0  -6.0  4
2334  0.0  0.0  4
2335  10.0  -10.0  2
2336  0.0  0.0  4
2337  0.0  0.0  4
2338  2.0  -2.0  4
2339  12.0  -12.0  4
2340  10.0  -10.0  2
2341  8.0  -8.0  2
2342  8.0  -8.0  2
2343  0.0  0.0  4
2344  0.0  0.0  4
2345  2.0  -2.0  4
2346  0.0  0.0  4
2347  0.0  0.0  4
2348  0.0  0.0  4
2349  8.0  -8.0  4
2350  -2.0  2.0  4
2351  12.0  -12.0  4
2352  0.0  0.0  4
2353  0.0  0.0  4
2354  2.0  -2.0  4
2355  12.0  -12.0  4
2356  0.0  0.0  4
2357  8.0  -8.0  1
2358  0.0  0.0  4
2359  0.0  0.0  4
2360  10.0  -10.0  4
2361  -2.0  2.0  4
2362  8.0  -8.0  1
2363  2.0  -2.0  4
2364  2.0  -2.0  4
2365  0.0  0.0  4
2366  0.0  0.0  4
2367  -2.0  2.0  4
2368  12.0  -12.0  3
2369  0.0  0.0  4
2370  -2.0  2.0  4
2371  2.0  -2.0  4
2372  2.0  -2.0  4
2373  2.0  -2.0  4
2374  10.0  -10.0  2
2375  2.0  -2.0  4
2376  0.0  0.0  4
2377  -2.0  2.0  4
2378  0.0  0.0  4
2379  0.0  0.0  4
2380  0.0  0.0  4
2381  0.0  0.0  4
2382  0.0  0.0  4
2383  2.0  -2.0  4
2384  6.0  -6.0  4
2385  8.0  -8.0  1
2386  2.0  -2.0  4
2387  0.0  0.0  4
2388  0.0  0.0  4
2389  8.0  -8.0  4
2390  10.0  -10.0  2
2391  8.0  -8.0  2
2392  0.0  0.0  4
2393  8.0  -8.0  1
2394  10.0  -10.0  4
2395  0.0  0.0  4
2396  8.0  -8.0  1
2397  8.0  -8.0  1
2398  0.0  0.0  4
2399  8.0  -8.0  4
2400  0.0  0.0  4
2401  2.0  -2.0  4
2402  0.0  0.0  4
2403  -2.0  2.0  4
2404  0.0  0.0  4
2405  0.0  0.0  4
2406  8.0  -8.0  1
2407  10.0  -10.0  4
2408  8.0  -8.0  1
2409  -2.0  2.0  4
2410  12.0  -12.0  4
2411  8.0  -8.0  3
2412  8.0  -8.0  2
2413  0.0  0.0  4
2414  0.0  0.0  4
2415  0.0  0.0  4
2416  8.0  -8.0  2
2417  0.0  0.0  4
2418  0.0  0.0  4
2419  0.0  0.0  4
2420  0.0  0.0  4
2421  0.0  0.0  4
2422  0.0  0.0  4
2423  10.0  -10.0  2
2424  0.0  0.0  4
2425  0.0  0.0  4
2426  0.0  0.0  4
2427  10.0  -10.0  4
2428  8.0  -8.0  2
2429  8.0  -8.0  1
2430  2.0  -2.0  4
2431  0.0  0.0  4
2432  -2.0  2.0  4
2433  0.0  0.0  4
2434  8.0  -8.0  4
2435  0.0  0.0  4
2436  0.0  0.0  4
2437  8.0  -8.0  3
2438  0.0  0.0  4
2439  8.0  -8.0  1
2440  0.0  0.0  4
2441  0.0  0.0  4
2442  8.0  -8.0  4
2443  0.0  0.0  4
2444  0.0  0.0  4
2445  0.0  0.0  4
2446  10.0  -10.0  2
2447  8.0  -8.0  4
2448  10.0  -10.0  4
2449  0.0  0.0  4
2450  2.0  -2.0  4
2451  0.0  0.0  4
2452  0.0  0.0  4
2453  10.0  -10.0  4
2454  0.0  0.0  4
2455  12.0  -12.0  3
2456  0.0  0.0  4
2457  8.0  -8.0  1
2458  10.0  -10.0  3
2459  -2.0  2.0  4
2460  -2.0  2.0  4
2461  10.0  -10.0  2
2462  2.0  -2.0  4
2463  0.0  0.0  4
2464  0.0  0.0  4
2465  0.0  0.0  4
2466  0.0  0.0  4
2467  8.0  -8.0  1
2468  8.0  -8.0  3
2469  0.0  0.0  4
2470  2.0  -2.0  4
2471  0.0  0.0  4
2472  0.0  0.0  4
2473  0.0  0.0  4
2474  12.0  -12.0  4
2475  -2.0  2.0  4
2476  -2.0  2.0  4
2477  2.0  -2.0  4
2478  10.0  -10.0  4
2479  8.0  -8.0  4
2480  -2.0  2.0  4
2481  8.0  -8.0  2
2482  0.0  0.0  4
2483  0.0  0.0  4
2484  0.0  0.0  4
2485  6.0  -6.0  1
2486  6.0  -6.0  3
2487  10.0  -10.0  4
2488  0.0  0.0  4
2489  0.0  0.0  4
2490  -2.0  2.0  4
2491  10.0  -10.0  4
2492  0.0  0.0  4
2493  0.0  0.0  4
2494  10.0  -10.0  2
2495  4.0  -4.0  4
2496  2.0  -2.0  4
2497  10.0  -10.0  2
2498  0.0  0.0  4
2499  0.0  0.0  4
2500  10.0  -10.0  4
2501  10.0  -10.0  4
2502  10.0  -10.0  2
2503  8.0  -8.0  1
2504  0.0  0.0  4
2505  -2.0  2.0  4
2506  2.0  -2.0  4
2507  8.0  -8.0  2
2508  10.0  -10.0  4
2509  0.0  0.0  4
2510  2.0  -2.0  4
2511  0.0  0.0  4
2512  8.0  -8.0  4
2513  0.0  0.0  4
2514  0.0  0.0  4
2515  0.0  0.0  4
2516  10.0  -10.0  2
2517  0.0  0.0  4
2518  2.0  -2.0  4
2519  10.0  -10.0  3
2520  2.0  -2.0  4
2521  0.0  0.0  4
2522  6.0  -6.0  2
2523  8.0  -8.0  2
2524  10.0  -10.0  4
2525  12.0  -12.0  3
2526  0.0  0.0  4
2527  0.0  0.0  4
2528  8.0  -8.0  1
2529  0.0  0.0  4
2530  10.0  -10.0  4
2531  10.0  -10.0  4
2532  10.0  -10.0  2
2533  0.0  0.0  4
2534  0.0  0.0  4
2535  8.0  -8.0  2
2536  0.0  0.0  4
2537  10.0  -10.0  4
2538  8.0  -8.0  4
2539  10.0  -10.0  3
2540  0.0  0.0  4
2541  8.0  -8.0  2
2542  -2.0  2.0  4
2543  0.0  0.0  4
2544  10.0  -10.0  4
2545  2.0  -2.0  4
2546  2.0  -2.0  4
2547  4.0  -4.0  4
2548  10.0  -10.0  4
2549  2.0  -2.0  4
2550  4.0  -4.0  4
2551  8.0  -8.0  1
2552  10.0  -10.0  3
2553  10.0  -10.0  2
2554  10.0  -10.0  2
2555  10.0  -10.0  2
2556  0.0  0.0  4
2557  0.0  0.0  4
2558  10.0  -10.0  4
2559  0.0  0.0  4
2560  0.0  0.0  4
2561  2.0  -2.0  4
2562  10.0  -10.0  2
2563  8.0  -8.0  4
2564  0.0  0.0  4
2565  10.0  -10.0  4
2566  8.0  -8.0  4
2567  0.0  0.0  4
2568  -2.0  2.0  4
2569  10.0  -10.0  4
2570  0.0  0.0  4
2571  0.0  0.0  4
2572  10.0  -10.0  2
2573  0.0  0.0  4
2574  10.0  -10.0  3
2575  0.0  0.0  4
2576  8.0  -8.0  4
2577  0.0  0.0  4
2578  4.0  -4.0  4
2579  10.0  -10.0  4
2580  8.0  -8.0  2
2581  0.0  0.0  4
2582  8.0  -8.0  2
2583  10.0  -10.0  4
2584  10.0  -10.0  2
2585  0.0  0.0  4
2586  0.0  0.0  4
2587  -2.0  2.0  4
2588  0.0  0.0  4
2589  0.0  0.0  4
2590  0.0  0.0  4
2591  0.0  0.0  4
2592  8.0  -8.0  2
2593  10.0  -10.0  2
2594  6.0  -6.0  4
2595  0.0  0.0  4
2596  0.0  0.0  4
2597  10.0  -10.0  4
2598  0.0  0.0  4
2599  -2.0  2.0  4
2600  0.0  0.0  4
2601  0.0  0.0  4
2602  0.0  0.0  4
2603  10.0  -10.0  4
2604  0.0  0.0  4
2605  -2.0  2.0  4
2606  0.0  0.0  4
2607  8.0  -8.0  4
2608  0.0  0.0  4
2609  8.0  -8.0  4
2610  0.0  0.0  4
2611  0.0  0.0  4
2612  10.0  -10.0  2
2613  0.0  0.0  4
2614  8.0  -8.0  4
2615  0.0  0.0  4
2616  0.0  0.0  4
2617  -4.0  4.0  4
2618  -2.0  2.0  4
2619  10.0  -10.0  4
2620  0.0  0.0  4
2621  10.0  -10.0  2
2622  2.0  -2.0  4
2623  0.0  0.0  4
2624  10.0  -10.0  4
2625  -2.0  2.0  4
2626  6.0  -6.0  2
2627  8.0  -8.0  4
2628  0.0  0.0  4
2629  0.0  0.0  4
2630  0.0  0.0  4
2631  8.0  -8.0  1
2632  8.0  -8.0  2
2633  0.0  0.0  4
2634  10.0  -10.0  4
2635  10.0  -10.0  2
2636  0.0  0.0  4
2637  0.0  0.0  4
2638  0.0  0.0  4
2639  0.0  0.0  4
2640  0.0  0.0  4
2641  -2.0  2.0  4
2642  8.0  -8.0  4
2643  0.0  0.0  4
2644  10.0  -10.0  4
2645  0.0  0.0  4
2646  0.0  0.0  4
2647  0.0  0.0  4
2648  8.0  -8.0  4
2649  4.0  -4.0  4
2650  -2.0  2.0  4
2651  0.0  0.0  4
2652  10.0  -10.0  4
2653  2.0  -2.0  4
2654  2.0  -2.0  4
2655  2.0  -2.0  4
2656  8.0  -8.0  2
2657  2.0  -2.0  4
2658  8.0  -8.0  1
2659  0.0  0.0  4
2660  0.0  0.0  4
2661  8.0  -8.0  1
2662  0.0  0.0  4
2663  0.0  0.0  4
2664  8.0  -8.0  3
2665  0.0  0.0  4
2666  10.0  -10.0  4
2667  0.0  0.0  4
2668  0.0  0.0  4
2669  0.0  0.0  4
2670  8.0  -8.0  3
2671  0.0  0.0  4
2672  8.0  -8.0  4
2673  10.0  -10.0  2
2674  -2.0  2.0  4
2675  -2.0  2.0  4
2676  8.0  -8.0  3
2677  10.0  -10.0  3
2678  10.0  -10.0  2
2679  8.0  -8.0  4
2680  4.0  -4.0  4
2681  0.0  0.0  4
2682  0.0  0.0  4
2683  0.0  0.0  4
2684  0.0  0.0  4
2685  8.0  -8.0  4
2686  0.0  0.0  4
2687  2.0  -2.0  4
2688  0.0  0.0  4
2689  10.0  -10.0  4
2690  0.0  0.0  4
2691  0.0  0.0  4
2692  8.0  -8.0  2
2693  -2.0  2.0  4
2694  10.0  -10.0  2
2695  10.0  -10.0  3
2696  0.0  0.0  4
2697  10.0  -10.0  4
2698  6.0  -6.0  1
2699  0.0  0.0  4
2700  0.0  0.0  4
2701  2.0  -2.0  4
2702  0.0  0.0  4
2703  0.0  0.0  4
2704  8.0  -8.0  4
2705  0.0  0.0  4
2706  -2.0  2.0  4
2707  8.0  -8.0  3
2708  8.0  -8.0  4
2709  10.0  -10.0  3
2710  0.0  0.0  4
2711  12.0  -12.0  4
2712  0.0  0.0  4
2713  2.0  -2.0  4
2714  10.0  -10.0  2
2715  10.0  -10.0  3
2716  10.0  -10.0  4
2717  10.0  -10.0  4
2718  8.0  -8.0  4
2719  -2.0  2.0  4
2720  0.0  0.0  4
2721  8.0  -8.0  3
2722  0.0  0.0  4
2723  0.0  0.0  4
2724  0.0  0.0  4
2725  8.0  -8.0  1
2726  8.0  -8.0  4
2727  -2.0  2.0  4
2728  10.0  -10.0  3
2729  0.0  0.0  4
2730  8.0  -8.0  1
2731  0.0  0.0  4
2732  10.0  -10.0  3
2733  -2.0  2.0  4
2734  4.0  -4.0  4
2735  0.0  0.0  4
2736  0.0  0.0  4
2737  8.0  -8.0  3
2738  10.0  -10.0  3
2739  0.0  0.0  4
2740  0.0  0.0  4
2741  8.0  -8.0  4
2742  0.0  0.0  4
2743  -2.0  2.0  4
2744  2.0  -2.0  4
2745  0.0  0.0  4
2746  10.0  -10.0  4
2747  0.0  0.0  4
2748  0.0  0.0  4
2749  4.0  -4.0  4
2750  -2.0  2.0  4
2751  0.0  0.0  4
2752  8.0  -8.0  1
2753  -2.0  2.0  4
2754  0.0  0.0  4
2755  0.0  0.0  4
2756  2.0  -2.0  4
2757  0.0  0.0  4
2758  0.0  0.0  4
2759  0.0  0.0  4
2760  0.0  0.0  4
2761  0.0  0.0  4
2762  0.0  0.0  4
2763  2.0  -2.0  4
2764  0.0  0.0  4
2765  0.0  0.0  4
2766  6.0  -6.0  3
2767  8.0  -8.0  1
2768  2.0  -2.0  4
2769  0.0  0.0  4
2770  10.0  -10.0  4
2771  10.0  -10.0  3
2772  0.0  0.0  4
2773  8.0  -8.0  4
2774  0.0  0.0  4
2775  0.0  0.0  4
2776  0.0  0.0  4
2777  8.0  -8.0  4
2778  0.0  0.0  4
2779  2.0  -2.0  4
2780  -2.0  2.0  4
2781  12.0  -12.0  3
2782  8.0  -8.0  2
2783  0.0  0.0  4
2784  -2.0  2.0  4
2785  2.0  -2.0  4
2786  10.0  -10.0  4
2787  10.0  -10.0  2
2788  0.0  0.0  4
2789  2.0  -2.0  4
2790  2.0  -2.0  4
2791  8.0  -8.0  1
2792  -2.0  2.0  4
2793  8.0  -8.0  2
2794  10.0  -10.0  2
2795  0.0  0.0  4
2796  0.0  0.0  4
2797  -2.0  2.0  4
2798  8.0  -8.0  2
2799  0.0  0.0  4
2800  -2.0  2.0  4
2801  2.0  -2.0  4
2802  8.0  -8.0  3
2803  2.0  -2.0  4
2804  0.0  0.0  4
2805  0.0  0.0  4
2806  8.0  -8.0  2
2807  0.0  0.0  4
2808  0.0  0.0  4
2809  0.0  0.0  4
2810  8.0  -8.0  1
2811  0.0  0.0  4
2812  0.0  0.0  4
2813  0.0  0.0  4
2814  10.0  -10.0  3
2815  0.0  0.0  4
2816  0.0  0.0  4
2817  2.0  -2.0  4
2818  0.0  0.0  4
2819  6.0  -6.0  2
2820  8.0  -8.0  4
2821  8.0  -8.0  4
2822  10.0  -10.0  4
2823  8.0  -8.0  1
2824  2.0  -2.0  4
2825  0.0  0.0  4
2826  14.0  -14.0  4
2827  0.0  0.0  4
2828  10.0  -10.0  4
2829  6.0  -6.0  4
2830  8.0  -8.0  2
2831  0.0  0.0  4
2832  10.0  -10.0  4
2833  -2.0  2.0  4
2834  0.0  0.0  4
2835  2.0  -2.0  4
2836  10.0  -10.0  3
2837  0.0  0.0  4
2838  -4.0  4.0  4
2839  0.0  0.0  4
2840  10.0  -10.0  3
2841  8.0  -8.0  1
2842  10.0  -10.0  4
2843  8.0  -8.0  1
2844  8.0  -8.0  4
2845  0.0  0.0  4
2846  4.0  -4.0  4
2847  10.0  -10.0  3
2848  0.0  0.0  4
2849  10.0  -10.0  2
2850  10.0  -10.0  4
2851  6.0  -6.0  3
2852  8.0  -8.0  4
2853  0.0  0.0  4
2854  0.0  0.0  4
2855  0.0  0.0  4
2856  10.0  -10.0  4
2857  -2.0  2.0  4
2858  0.0  0.0  4
2859  6.0  -6.0  4
2860  10.0  -10.0  2
2861  0.0  0.0  4
2862  10.0  -10.0  2
2863  2.0  -2.0  4
2864  0.0  0.0  4
2865  2.0  -2.0  4
2866  -2.0  2.0  4
2867  0.0  0.0  4
2868  0.0  0.0  4
2869  10.0  -10.0  2
2870  0.0  0.0  4
2871  10.0  -10.0  3
2872  -2.0  2.0  4
2873  0.0  0.0  4
2874  10.0  -10.0  3
2875  8.0  -8.0  1
2876  2.0  -2.0  4
2877  2.0  -2.0  4
2878  0.0  0.0  4
2879  8.0  -8.0  1
2880  -2.0  2.0  4
2881  -2.0  2.0  4
2882  -2.0  2.0  4
2883  0.0  0.0  4
2884  8.0  -8.0  1
2885  10.0  -10.0  3
2886  0.0  0.0  4
2887  10.0  -10.0  3
2888  2.0  -2.0  4
2889  10.0  -10.0  2
2890  -2.0  2.0  4
2891  6.0  -6.0  4
2892  10.0  -10.0  2
2893  0.0  0.0  4
2894  10.0  -10.0  3
2895  0.0  0.0  4
2896  10.0  -10.0  2
2897  8.0  -8.0  1
2898  0.0  0.0  4
2899  0.0  0.0  4
2900  -2.0  2.0  4
2901  -2.0  2.0  4
2902  0.0  0.0  4
2903  0.0  0.0  4
2904  0.0  0.0  4
2905  0.0  0.0  4
2906  0.0  0.0  4
2907  0.0  0.0  4
2908  0.0  0.0  4
2909  10.0  -10.0  4
2910  10.0  -10.0  3
2911  8.0  -8.0  1
2912  0.0  0.0  4
2913  10.0  -10.0  3
2914  0.0  0.0  4
2915  0.0  0.0  4
2916  0.0  0.0  4
2917  -2.0  2.0  4
2918  0.0  0.0  4
2919  10.0  -10.0  4
2920  10.0  -10.0  4
2921  0.0  0.0  4
2922  2.0  -2.0  4
2923  0.0  0.0  4
2924  0.0  0.0  4
2925  0.0  0.0  4
2926  8.0  -8.0  2
2927  8.0  -8.0  1
2928  0.0  0.0  4
2929  0.0  0.0  4
2930  0.0  0.0  4
2931  0.0  0.0  4
2932  8.0  -8.0  1
2933  0.0  0.0  4
2934  0.0  0.0  4
2935  8.0  -8.0  4
2936  0.0  0.0  4
2937  10.0  -10.0  4
2938  8.0  -8.0  4
2939  0.0  0.0  4
2940  10.0  -10.0  4
2941  0.0  0.0  4
2942  10.0  -10.0  3
2943  6.0  -6.0  4
2944  0.0  0.0  4
2945  10.0  -10.0  4
2946  0.0  0.0  4
2947  -2.0  2.0  4
2948  10.0  -10.0  3
2949  0.0  0.0  4
2950  8.0  -8.0  1
2951  8.0  -8.0  2
2952  0.0  0.0  4
2953  0.0  0.0  4
2954  8.0  -8.0  1
2955  12.0  -12.0  3
2956  -2.0  2.0  4
2957  0.0  0.0  4
2958  0.0  0.0  4
2959  10.0  -10.0  2
2960  10.0  -10.0  2
2961  0.0  0.0  4
2962  8.0  -8.0  1
2963  0.0  0.0  4
2964  10.0  -10.0  4
2965  0.0  0.0  4
2966  0.0  0.0  4
2967  0.0  0.0  4
2968  2.0  -2.0  4
2969  0.0  0.0  4
2970  8.0  -8.0  2
2971  0.0  0.0  4
2972  0.0  0.0  4
2973  0.0  0.0  4
2974  2.0  -2.0  4
2975  6.0  -6.0  3
2976  0.0  0.0  4
2977  12.0  -12.0  4
2978  12.0  -12.0  4
2979  2.0  -2.0  4
2980  0.0  0.0  4
2981  0.0  0.0  4
2982  10.0  -10.0  4
2983  10.0  -10.0  4
2984  6.0  -6.0  1
2985  8.0  -8.0  4
2986  -2.0  2.0  4
2987  8.0  -8.0  4
2988  2.0  -2.0  4
2989  -2.0  2.0  4
2990  -2.0  2.0  4
2991  8.0  -8.0  1
2992  0.0  0.0  4
2993  6.0  -6.0  4
2994  0.0  0.0  4
2995  0.0  0.0  4
2996  8.0  -8.0  1
2997  -2.0  2.0  4
2998  -2.0  2.0  4
2999  10.0  -10.0  3
3000  2.0  -2.0  4
3001  0.0  0.0  4
3002  12.0  -12.0  3
3003  0.0  0.0  4
3004  0.0  0.0  4
3005  0.0  0.0  4
3006  0.0  0.0  4
3007  0.0  0.0  4
3008  10.0  -10.0  2
3009  0.0  0.0  4
3010  8.0  -8.0  4
3011  12.0  -12.0  3
3012  2.0  -2.0  4
3013  8.0  -8.0  4
3014  0.0  0.0  4
3015  8.0  -8.0  1
3016  -2.0  2.0  4
3017  0.0  0.0  4
3018  8.0  -8.0  2
3019  -2.0  2.0  4
3020  -2.0  2.0  4
3021  0.0  0.0  4
3022  8.0  -8.0  1
3023  8.0  -8.0  4
3024  10.0  -10.0  4
3025  -2.0  2.0  4
3026  10.0  -10.0  4
3027  0.0  0.0  4
3028  0.0  0.0  4
3029  2.0  -2.0  4
3030  8.0  -8.0  3
3031  8.0  -8.0  2
3032  -2.0  2.0  4
3033  -2.0  2.0  4
3034  8.0  -8.0  1
3035  2.0  -2.0  4
3036  8.0  -8.0  1
3037  0.0  0.0  4
3038  0.0  0.0  4
3039  0.0  0.0  4
3040  0.0  0.0  4
3041  8.0  -8.0  4
3042  0.0  0.0  4
3043  10.0  -10.0  2
3044  0.0  0.0  4
3045  0.0  0.0  4
3046  0.0  0.0  4
3047  8.0  -8.0  4
3048  0.0  0.0  4
3049  0.0  0.0  4
3050  0.0  0.0  4
3051  8.0  -8.0  1
3052  2.0  -2.0  4
3053  8.0  -8.0  2
3054  10.0  -10.0  3
3055  8.0  -8.0  2
3056  2.0  -2.0  4
3057  12.0  -12.0  3
3058  2.0  -2.0  4
3059  8.0  -8.0  1
3060  -2.0  2.0  4
3061  10.0  -10.0  3
3062  10.0  -10.0  3
3063  -2.0  2.0  4
3064  0.0  0.0  4
3065  8.0  -8.0  3
3066  12.0  -12.0  4
3067  0.0  0.0  4
3068  0.0  0.0  4
3069  10.0  -10.0  4
3070  0.0  0.0  4
3071  0.0  0.0  4
3072  0.0  0.0  4
3073  0.0  0.0  4
3074  10.0  -10.0  4
3075  10.0  -10.0  2
3076  0.0  0.0  4
3077  10.0  -10.0  2
3078  10.0  -10.0  2
3079  6.0  -6.0  3
3080  0.0  0.0  4
3081  -2.0  2.0  4
3082  0.0  0.0  4
3083  10.0  -10.0  2
3084  0.0  0.0  4
3085  4.0  -4.0  4
3086  10.0  -10.0  3
3087  10.0  -10.0  2
3088  8.0  -8.0  4
3089  8.0  -8.0  3
3090  8.0  -8.0  1
3091  0.0  0.0  4
3092  8.0  -8.0  1
3093  10.0  -10.0  3
3094  -2.0  2.0  4
3095  6.0  -6.0  3
3096  8.0  -8.0  4
3097  0.0  0.0  4
3098  8.0  -8.0  1
3099  2.0  -2.0  4
3100  8.0  -8.0  1
3101  8.0  -8.0  1
3102  10.0  -10.0  2
3103  0.0  0.0  4
3104  2.0  -2.0  4
3105  0.0  0.0  4
3106  8.0  -8.0  1
3107  -2.0  2.0  4
3108  8.0  -8.0  2
3109  0.0  0.0  4
3110  10.0  -10.0  4
3111  0.0  0.0  4
3112  0.0  0.0  4
3113  2.0  -2.0  4
3114  8.0  -8.0  4
3115  2.0  -2.0  4
3116  0.0  0.0  4
3117  10.0  -10.0  3
3118  0.0  0.0  4
3119  0.0  0.0  4
3120  8.0  -8.0  1
3121  10.0  -10.0  4
3122  2.0  -2.0  4
3123  2.0  -2.0  4
3124  4.0  -4.0  4
3125  -4.0  4.0  4
3126  -2.0  2.0  4
3127  0.0  0.0  4
3128  2.0  -2.0  4
3129  4.0  -4.0  4
3130  -2.0  2.0  4
3131  10.0  -10.0  3
3132  6.0  -6.0  3
3133  0.0  0.0  4
3134  0.0  0.0  4
3135  -2.0  2.0  4
3136  8.0  -8.0  4
3137  10.0  -10.0  4
3138  8.0  -8.0  2
3139  2.0  -2.0  4
3140  0.0  0.0  4
3141  4.0  -4.0  4
3142  0.0  0.0  4
3143  -2.0  2.0  4
3144  10.0  -10.0  3
3145  -2.0  2.0  4
3146  8.0  -8.0  4
3147  10.0  -10.0  2
3148  8.0  -8.0  2
3149  8.0  -8.0  1
3150  6.0  -6.0  3
3151  0.0  0.0  4
3152  -2.0  2.0  4
3153  8.0  -8.0  1
3154  8.0  -8.0  2
3155  0.0  0.0  4
3156  0.0  0.0  4
3157  0.0  0.0  4
3158  0.0  0.0  4
3159  8.0  -8.0  1
3160  0.0  0.0  4
3161  0.0  0.0  4
3162  -2.0  2.0  4
3163  8.0  -8.0  3
3164  8.0  -8.0  4
3165  2.0  -2.0  4
3166  0.0  0.0  4
3167  10.0  -10.0  3
3168  2.0  -2.0  4
3169  0.0  0.0  4
3170  0.0  0.0  4
3171  10.0  -10.0  2
3172  8.0  -8.0  2
3173  -2.0  2.0  4
3174  12.0  -12.0  4
3175  10.0  -10.0  4
3176  8.0  -8.0  2
3177  10.0  -10.0  4
3178  10.0  -10.0  2
3179  10.0  -10.0  2
3180  0.0  0.0  4
3181  8.0  -8.0  2
3182  -2.0  2.0  4
3183  0.0  0.0  4
3184  8.0  -8.0  4
3185  8.0  -8.0  1
3186  -2.0  2.0  4
3187  0.0  0.0  4
3188  10.0  -10.0  2
3189  10.0  -10.0  3
3190  0.0  0.0  4
3191  8.0  -8.0  2
3192  8.0  -8.0  1
3193  8.0  -8.0  2
3194  8.0  -8.0  1
3195  8.0  -8.0  1
3196  8.0  -8.0  2
3197  -2.0  2.0  4
3198  10.0  -10.0  4
3199  8.0  -8.0  4
3200  2.0  -2.0  4
3201  0.0  0.0  4
3202  8.0  -8.0  3
3203  0.0  0.0  4
3204  10.0  -10.0  2
3205  0.0  0.0  4
3206  0.0  0.0  4
3207  -2.0  2.0  4
3208  -2.0  2.0  4
3209  -2.0  2.0  4
3210  10.0  -10.0  4
3211  0.0  0.0  4
3212  0.0  0.0  4
3213  0.0  0.0  4
3214  8.0  -8.0  1
3215  -2.0  2.0  4
3216  8.0  -8.0  1
3217  8.0  -8.0  2
3218  2.0  -2.0  4
3219  0.0  0.0  4
3220  0.0  0.0  4
3221  0.0  0.0  4
3222  10.0  -10.0  4
3223  0.0  0.0  4
3224  8.0  -8.0  4
3225  0.0  0.0  4
3226  0.0  0.0  4
3227  8.0  -8.0  2
3228  8.0  -8.0  1
3229  0.0  0.0  4
3230  10.0  -10.0  3
3231  6.0  -6.0  3
3232  8.0  -8.0  1
3233  2.0  -2.0  4
3234  2.0  -2.0  4
3235  8.0  -8.0  4
3236  8.0  -8.0  3
3237  0.0  0.0  4
3238  10.0  -10.0  2
3239  6.0  -6.0  3
3240  4.0  -4.0  4
3241  10.0  -10.0  2
3242  0.0  0.0  4
3243  8.0  -8.0  3
3244  0.0  0.0  4
3245  0.0  0.0  4
3246  0.0  0.0  4
3247  0.0  0.0  4
3248  0.0  0.0  4
3249  0.0  0.0  4
3250  0.0  0.0  4
3251  0.0  0.0  4
3252  0.0  0.0  4
3253  -2.0  2.0  4
3254  0.0  0.0  4
3255  8.0  -8.0  1
3256  -2.0  2.0  4
3257  0.0  0.0  4
3258  6.0  -6.0  4
3259  0.0  0.0  4
3260  -2.0  2.0  4
3261  10.0  -10.0  4
3262  8.0  -8.0  2
3263  0.0  0.0  4
3264  0.0  0.0  4
3265  0.0  0.0  4
3266  0.0  0.0  4
3267  0.0  0.0  4
3268  4.0  -4.0  4
3269  10.0  -10.0  4
3270  0.0  0.0  4
3271  0.0  0.0  4
3272  10.0  -10.0  4
3273  10.0  -10.0  4
3274  0.0  0.0  4
3275  0.0  0.0  4
3276  0.0  0.0  4
3277  0.0  0.0  4
3278  0.0  0.0  4
3279  10.0  -10.0  4
3280  8.0  -8.0  3
3281  0.0  0.0  4
3282  0.0  0.0  4
3283  10.0  -10.0  4
3284  8.0  -8.0  2
3285  0.0  0.0  4
3286  0.0  0.0  4
3287  0.0  0.0  4
3288  0.0  0.0  4
3289  0.0  0.0  4
3290  8.0  -8.0  2
3291  4.0  -4.0  4
3292  0.0  0.0  4
3293  0.0  0.0  4
3294  10.0  -10.0  4
3295  8.0  -8.0  4
3296  0.0  0.0  4
3297  2.0  -2.0  4
3298  10.0  -10.0  4
3299  8.0  -8.0  1
3300  8.0  -8.0  1
3301  8.0  -8.0  1
3302  0.0  0.0  4
3303  8.0  -8.0  3
3304  2.0  -2.0  4
3305  8.0  -8.0  4
3306  2.0  -2.0  4
3307  10.0  -10.0  2
3308  0.0  0.0  4
3309  8.0  -8.0  4
3310  2.0  -2.0  4
3311  8.0  -8.0  1
3312  10.0  -10.0  4
3313  0.0  0.0  4
3314  6.0  -6.0  4
3315  -2.0  2.0  4
3316  0.0  0.0  4
3317  2.0  -2.0  4
3318  -2.0  2.0  4
3319  8.0  -8.0  2
3320  0.0  0.0  4
3321  10.0  -10.0  4
3322  0.0  0.0  4
3323  0.0  0.0  4
3324  4.0  -4.0  4
3325  8.0  -8.0  1
3326  8.0  -8.0  4
3327  -2.0  2.0  4
3328  8.0  -8.0  2
3329  0.0  0.0  4
3330  10.0  -10.0  2
3331  10.0  -10.0  2
3332  2.0  -2.0  4
3333  8.0  -8.0  2
3334  0.0  0.0  4
3335  0.0  0.0  4
3336  2.0  -2.0  4
3337  -2.0  2.0  4
3338  2.0  -2.0  4
3339  8.0  -8.0  1
3340  0.0  0.0  4
3341  10.0  -10.0  2
3342  8.0  -8.0  3
3343  0.0  0.0  4
3344  0.0  0.0  4
3345  8.0  -8.0  1
3346  0.0  0.0  4
3347  2.0  -2.0  4
3348  8.0  -8.0  1
3349  0.0  0.0  4
3350  0.0  0.0  4
3351  0.0  0.0  4
3352  2.0  -2.0  4
3353  8.0  -8.0  2
3354  0.0  0.0  4
3355  10.0  -10.0  3
3356  0.0  0.0  4
3357  0.0  0.0  4
3358  8.0  -8.0  4
3359  8.0  -8.0  4
3360  8.0  -8.0  4
3361  0.0  0.0  4
3362  10.0  -10.0  3
3363  0.0  0.0  4
3364  8.0  -8.0  1
3365  10.0  -10.0  3
3366  8.0  -8.0  4
3367  8.0  -8.0  1
3368  0.0  0.0  4
3369  0.0  0.0  4
3370  8.0  -8.0  4
3371  8.0  -8.0  2
3372  2.0  -2.0  4
3373  0.0  0.0  4
3374  8.0  -8.0  1
3375  2.0  -2.0  4
3376  6.0  -6.0  3
3377  -4.0  4.0  4
3378  10.0  -10.0  3
3379  8.0  -8.0  2
3380  8.0  -8.0  1
3381  0.0  0.0  4
3382  0.0  0.0  4
3383  -2.0  2.0  4
3384  2.0  -2.0  4
3385  0.0  0.0  4
3386  8.0  -8.0  4
3387  0.0  0.0  4
3388  0.0  0.0  4
3389  10.0  -10.0  3
3390  2.0  -2.0  4
3391  0.0  0.0  4
3392  8.0  -8.0  3
3393  8.0  -8.0  1
3394  12.0  -12.0  3
3395  -2.0  2.0  4
3396  0.0  0.0  4
3397  6.0  -6.0  4
3398  -2.0  2.0  4
3399  2.0  -2.0  4
3400  8.0  -8.0  1
3401  -2.0  2.0  4
3402  2.0  -2.0  4
3403  8.0  -8.0  4
3404  8.0  -8.0  2
3405  8.0  -8.0  1
3406  8.0  -8.0  1
3407  0.0  0.0  4
3408  8.0  -8.0  4
3409  8.0  -8.0  3
3410  2.0  -2.0  4
3411  0.0  0.0  4
3412  8.0  -8.0  1
3413  2.0  -2.0  4
3414  0.0  0.0  4
3415  0.0  0.0  4
3416  4.0  -4.0  4
3417  0.0  0.0  4
3418  12.0  -12.0  4
3419  0.0  0.0  4
3420  0.0  0.0  4
3421  8.0  -8.0  4
3422  -2.0  2.0  4
3423  -2.0  2.0  4
3424  10.0  -10.0  4
3425  0.0  0.0  4
3426  8.0  -8.0  3
3427  8.0  -8.0  4
3428  0.0  0.0  4
3429  8.0  -8.0  1
3430  0.0  0.0  4
3431  10.0  -10.0  4
3432  0.0  0.0  4
3433  10.0  -10.0  4
3434  0.0  0.0  4
3435  0.0  0.0  4
3436  10.0  -10.0  2
3437  8.0  -8.0  1
3438  2.0  -2.0  4
3439  8.0  -8.0  1
3440  8.0  -8.0  2
3441  10.0  -10.0  3
3442  6.0  -6.0  4
3443  0.0  0.0  4
3444  0.0  0.0  4
3445  0.0  0.0  4
3446  0.0  0.0  4
3447  8.0  -8.0  4
3448  0.0  0.0  4
3449  -2.0  2.0  4
3450  8.0  -8.0  4
3451  10.0  -10.0  3
3452  0.0  0.0  4
3453  0.0  0.0  4
3454  -2.0  2.0  4
3455  0.0  0.0  4
3456  8.0  -8.0  1
3457  8.0  -8.0  4
3458  0.0  0.0  4
3459  -2.0  2.0  4
3460  8.0  -8.0  4
3461  -2.0  2.0  4
3462  0.0  0.0  4
3463  6.0  -6.0  4
3464  -2.0  2.0  4
3465  0.0  0.0  4
3466  0.0  0.0  4
3467  10.0  -10.0  2
3468  0.0  0.0  4
3469  8.0  -8.0  1
3470  0.0  0.0  4
3471  0.0  0.0  4
3472  -2.0  2.0  4
3473  8.0  -8.0  3
3474  2.0  -2.0  4
3475  8.0  -8.0  1
3476  8.0  -8.0  4
3477  2.0  -2.0  4
3478  -2.0  2.0  4
3479  10.0  -10.0  3
3480  10.0  -10.0  4
3481  6.0  -6.0  3
3482  0.0  0.0  4
3483  0.0  0.0  4
3484  8.0  -8.0  1
3485  8.0  -8.0  4
3486  0.0  0.0  4
3487  0.0  0.0  4
3488  8.0  -8.0  4
3489  2.0  -2.0  4
3490  0.0  0.0  4
3491  8.0  -8.0  4
3492  0.0  0.0  4
3493  8.0  -8.0  1
3494  -2.0  2.0  4
3495  8.0  -8.0  4
3496  0.0  0.0  4
3497  2.0  -2.0  4
3498  0.0  0.0  4
3499  10.0  -10.0  2
3500  8.0  -8.0  2
3501  10.0  -10.0  2
3502  2.0  -2.0  4
3503  0.0  0.0  4
3504  0.0  0.0  4
3505  2.0  -2.0  4
3506  -2.0  2.0  4
3507  0.0  0.0  4
3508  8.0  -8.0  1
3509  8.0  -8.0  4
3510  8.0  -8.0  1
3511  8.0  -8.0  2
3512  10.0  -10.0  4
3513  0.0  0.0  4
3514  12.0  -12.0  4
3515  0.0  0.0  4
3516  0.0  0.0  4
3517  0.0  0.0  4
3518  0.0  0.0  4
3519  8.0  -8.0  1
3520  0.0  0.0  4
3521  0.0  0.0  4
3522  0.0  0.0  4
3523  0.0  0.0  4
3524  10.0  -10.0  4
3525  -2.0  2.0  4
3526  10.0  -10.0  4
3527  0.0  0.0  4
3528  0.0  0.0  4
3529  8.0  -8.0  4
3530  0.0  0.0  4
3531  8.0  -8.0  3
3532  8.0  -8.0  1
3533  0.0  0.0  4
3534  0.0  0.0  4
3535  8.0  -8.0  1
3536  8.0  -8.0  3
3537  0.0  0.0  4
3538  0.0  0.0  4
3539  10.0  -10.0  4
3540  0.0  0.0  4
3541  -2.0  2.0  4
3542  0.0  0.0  4
3543  2.0  -2.0  4
3544  0.0  0.0  4
3545  8.0  -8.0  1
3546  0.0  0.0  4
3547  0.0  0.0  4
3548  0.0  0.0  4
3549  0.0  0.0  4
3550  4.0  -4.0  4
3551  -2.0  2.0  4
3552  8.0  -8.0  3
3553  0.0  0.0  4
3554  6.0  -6.0  4
3555  8.0  -8.0  4
3556  -2.0  2.0  4
3557  8.0  -8.0  1
3558  -2.0  2.0  4
3559  10.0  -10.0  3
3560  10.0  -10.0  4
3561  10.0  -10.0  3
3562  0.0  0.0  4
3563  0.0  0.0  4
3564  0.0  0.0  4
3565  -2.0  2.0  4
3566  0.0  0.0  4
3567  10.0  -10.0  4
3568  0.0  0.0  4
3569  8.0  -8.0  1
3570  0.0  0.0  4
3571  0.0  0.0  4
3572  0.0  0.0  4
3573  8.0  -8.0  4
3574  6.0  -6.0  4
3575  2.0  -2.0  4
3576  12.0  -12.0  4
3577  12.0  -12.0  3
3578  0.0  0.0  4
3579  -2.0  2.0  4
3580  0.0  0.0  4
3581  8.0  -8.0  4
3582  10.0  -10.0  3
3583  0.0  0.0  4
3584  0.0  0.0  4
3585  8.0  -8.0  1
3586  4.0  -4.0  4
3587  8.0  -8.0  1
3588  0.0  0.0  4
3589  10.0  -10.0  2
3590  -2.0  2.0  4
3591  0.0  0.0  4
3592  10.0  -10.0  2
3593  0.0  0.0  4
3594  -2.0  2.0  4
3595  0.0  0.0  4
3596  0.0  0.0  4
3597  0.0  0.0  4
3598  0.0  0.0  4
3599  10.0  -10.0  4
3600  2.0  -2.0  4
3601  0.0  0.0  4
3602  0.0  0.0  4
3603  0.0  0.0  4
3604  10.0  -10.0  4
3605  0.0  0.0  4
3606  8.0  -8.0  4
3607  0.0  0.0  4
3608  10.0  -10.0  3
3609  10.0  -10.0  4
3610  8.0  -8.0  3
3611  0.0  0.0  4
3612  0.0  0.0  4
3613  0.0  0.0  4
3614  8.0  -8.0  1
3615  0.0  0.0  4
3616  8.0  -8.0  2
3617  2.0  -2.0  4
3618  10.0  -10.0  4
3619  10.0  -10.0  4
3620  8.0  -8.0  3
3621  0.0  0.0  4
3622  4.0  -4.0  4
3623  10.0  -10.0  4
3624  8.0  -8.0  4
3625  10.0  -10.0  3
3626  0.0  0.0  4
3627  0.0  0.0  4
3628  -2.0  2.0  4
3629  -2.0  2.0  4
3630  8.0  -8.0  2
3631  12.0  -12.0  4
3632  0.0  0.0  4
3633  8.0  -8.0  1
3634  2.0  -2.0  4
3635  8.0  -8.0  1
3636  10.0  -10.0  2
3637  0.0  0.0  4
3638  2.0  -2.0  4
3639  0.0  0.0  4
3640  0.0  0.0  4
3641  0.0  0.0  4
3642  0.0  0.0  4
3643  8.0  -8.0  3
3644  0.0  0.0  4
3645  2.0  -2.0  4
3646  0.0  0.0  4
3647  0.0  0.0  4
3648  0.0  0.0  4
3649  0.0  0.0  4
3650  8.0  -8.0  4
3651  0.0  0.0  4
3652  2.0  -2.0  4
3653  -2.0  2.0  4
3654  6.0  -6.0  3
3655  2.0  -2.0  4
3656  0.0  0.0  4
3657  8.0  -8.0  1
3658  8.0  -8.0  1
3659  0.0  0.0  4
3660  -2.0  2.0  4
3661  8.0  -8.0  1
3662  0.0  0.0  4
3663  10.0  -10.0  4
3664  0.0  0.0  4
3665  6.0  -6.0  4
3666  0.0  0.0  4
3667  0.0  0.0  4
3668  8.0  -8.0  1
3669  -2.0  2.0  4
3670  -2.0  2.0  4
3671  0.0  0.0  4
3672  10.0  -10.0  4
3673  0.0  0.0  4
3674  0.0  0.0  4
3675  10.0  -10.0  4
3676  2.0  -2.0  4
3677  6.0  -6.0  4
3678  10.0  -10.0  3
3679  -2.0  2.0  4
3680  0.0  0.0  4
3681  0.0  0.0  4
3682  -2.0  2.0  4
3683  10.0  -10.0  4
3684  8.0  -8.0  4
3685  0.0  0.0  4
3686  0.0  0.0  4
3687  10.0  -10.0  2
3688  0.0  0.0  4
3689  0.0  0.0  4
3690  8.0  -8.0  3
3691  0.0  0.0  4
3692  -2.0  2.0  4
3693  2.0  -2.0  4
3694  8.0  -8.0  1
3695  0.0  0.0  4
3696  0.0  0.0  4
3697  8.0  -8.0  4
3698  0.0  0.0  4
3699  0.0  0.0  4
3700  0.0  0.0  4
3701  -2.0  2.0  4
3702  8.0  -8.0  4
3703  2.0  -2.0  4
3704  2.0  -2.0  4
3705  10.0  -10.0  4
3706  2.0  -2.0  4
3707  0.0  0.0  4
3708  -2.0  2.0  4
3709  2.0  -2.0  4
3710  -2.0  2.0  4
3711  0.0  0.0  4
3712  8.0  -8.0  2
3713  6.0  -6.0  4
3714  0.0  0.0  4
3715  0.0  0.0  4
3716  8.0  -8.0  3
3717  2.0  -2.0  4
3718  8.0  -8.0  4
3719  12.0  -12.0  4
3720  0.0  0.0  4
3721  8.0  -8.0  1
3722  12.0  -12.0  3
3723  8.0  -8.0  2
3724  0.0  0.0  4
3725  8.0  -8.0  2
3726  10.0  -10.0  4
3727  0.0  0.0  4
3728  8.0  -8.0  1
3729  -2.0  2.0  4
3730  0.0  0.0  4
3731  0.0  0.0  4
3732  10.0  -10.0  4
3733  8.0  -8.0  1
3734  12.0  -12.0  4
3735  6.0  -6.0  4
3736  0.0  0.0  4
3737  0.0  0.0  4
3738  2.0  -2.0  4
3739  0.0  0.0  4
3740  8.0  -8.0  2
3741  0.0  0.0  4
3742  0.0  0.0  4
3743  8.0  -8.0  4
3744  0.0  0.0  4
3745  0.0  0.0  4
3746  -2.0  2.0  4
3747  10.0  -10.0  2
3748  8.0  -8.0  1
3749  2.0  -2.0  4
3750  -2.0  2.0  4
3751  2.0  -2.0  4
3752  10.0  -10.0  2
3753  10.0  -10.0  4
3754  0.0  0.0  4
3755  0.0  0.0  4
3756  8.0  -8.0  4
3757  2.0  -2.0  4
3758  0.0  0.0  4
3759  0.0  0.0  4
3760  -2.0  2.0  4
3761  0.0  0.0  4
3762  -2.0  2.0  4
3763  10.0  -10.0  3
3764  -2.0  2.0  4
3765  8.0  -8.0  1
3766  2.0  -2.0  4
3767  8.0  -8.0  1
3768  0.0  0.0  4
3769  0.0  0.0  4
3770  2.0  -2.0  4
3771  0.0  0.0  4
3772  12.0  -12.0  4
3773  0.0  0.0  4
3774  8.0  -8.0  1
3775  8.0  -8.0  2
3776  8.0  -8.0  3
3777  0.0  0.0  4
3778  0.0  0.0  4
3779  2.0  -2.0  4
3780  2.0  -2.0  4
3781  0.0  0.0  4
3782  0.0  0.0  4
3783  8.0  -8.0  4
3784  10.0  -10.0  4
3785  10.0  -10.0  2
3786  0.0  0.0  4
3787  0.0  0.0  4
3788  0.0  0.0  4
3789  8.0  -8.0  4
3790  2.0  -2.0  4
3791  10.0  -10.0  4
3792  8.0  -8.0  4
3793  0.0  0.0  4
3794  -2.0  2.0  4
3795  8.0  -8.0  2
3796  0.0  0.0  4
3797  10.0  -10.0  4
3798  2.0  -2.0  4
3799  8.0  -8.0  1
3800  0.0  0.0  4
3801  0.0  0.0  4
3802  8.0  -8.0  2
3803  0.0  0.0  4
3804  8.0  -8.0  1
3805  0.0  0.0  4
3806  8.0  -8.0  2
3807  0.0  0.0  4
3808  -2.0  2.0  4
3809  2.0  -2.0  4
3810  12.0  -12.0  4
3811  0.0  0.0  4
3812  2.0  -2.0  4
3813  10.0  -10.0  4
3814  0.0  0.0  4
3815  0.0  0.0  4
3816  8.0  -8.0  3
3817  8.0  -8.0  2
3818  8.0  -8.0  4
3819  12.0  -12.0  3
3820  8.0  -8.0  1
3821  0.0  0.0  4
3822  8.0  -8.0  1
3823  0.0  0.0  4
3824  10.0  -10.0  3
3825  8.0  -8.0  4
3826  8.0  -8.0  1
3827  10.0  -10.0  2
3828  10.0  -10.0  2
3829  0.0  0.0  4
3830  8.0  -8.0  1
3831  10.0  -10.0  4
3832  0.0  0.0  4
3833  0.0  0.0  4
3834  10.0  -10.0  4
3835  8.0  -8.0  1
3836  8.0  -8.0  2
3837  8.0  -8.0  4
3838  10.0  -10.0  3
3839  0.0  0.0  4
3840  10.0  -10.0  4
3841  0.0  0.0  4
3842  2.0  -2.0  4
3843  8.0  -8.0  2
3844  2.0  -2.0  4
3845  12.0  -12.0  4
3846  10.0  -10.0  3
3847  0.0  0.0  4
3848  0.0  0.0  4
3849  8.0  -8.0  2
3850  10.0  -10.0  4
3851  6.0  -6.0  4
3852  0.0  0.0  4
3853  0.0  0.0  4
3854  8.0  -8.0  4
3855  12.0  -12.0  4
3856  8.0  -8.0  1
3857  0.0  0.0  4
3858  0.0  0.0  4
3859  2.0  -2.0  4
3860  8.0  -8.0  3
3861  0.0  0.0  4
3862  2.0  -2.0  4
3863  0.0  0.0  4
3864  0.0  0.0  4
3865  8.0  -8.0  2
3866  8.0  -8.0  4
3867  -2.0  2.0  4
3868  2.0  -2.0  4
3869  0.0  0.0  4
3870  0.0  0.0  4
3871  8.0  -8.0  4
3872  2.0  -2.0  4
3873  8.0  -8.0  1
3874  0.0  0.0  4
3875  10.0  -10.0  4
3876  0.0  0.0  4
3877  0.0  0.0  4
3878  10.0  -10.0  3
3879  8.0  -8.0  1
3880  8.0  -8.0  4
3881  10.0  -10.0  4
3882  -2.0  2.0  4
3883  0.0  0.0  4
3884  8.0  -8.0  1
3885  8.0  -8.0  3
3886  0.0  0.0  4
3887  8.0  -8.0  4
3888  2.0  -2.0  4
3889  0.0  0.0  4
3890  0.0  0.0  4
3891  0.0  0.0  4
3892  10.0  -10.0  4
3893  0.0  0.0  4
3894  -2.0  2.0  4
3895  2.0  -2.0  4
3896  4.0  -4.0  4
3897  8.0  -8.0  1
3898  8.0  -8.0  3
3899  8.0  -8.0  2
3900  0.0  0.0  4
3901  0.0  0.0  4
3902  2.0  -2.0  4
3903  0.0  0.0  4
3904  0.0  0.0  4
3905  -2.0  2.0  4
3906  10.0  -10.0  4
3907  10.0  -10.0  4
3908  10.0  -10.0  4
3909  -2.0  2.0  4
3910  10.0  -10.0  4
3911  0.0  0.0  4
3912  8.0  -8.0  4
3913  8.0  -8.0  2
3914  0.0  0.0  4
3915  0.0  0.0  4
3916  0.0  0.0  4
3917  0.0  0.0  4
3918  0.0  0.0  4
3919  10.0  -10.0  3
3920  0.0  0.0  4
3921  8.0  -8.0  2
3922  2.0  -2.0  4
3923  8.0  -8.0  4
3924  14.0  -14.0  4
3925  0.0  0.0  4
3926  0.0  0.0  4
3927  8.0  -8.0  4
3928  0.0  0.0  4
3929  0.0  0.0  4
3930  2.0  -2.0  4
3931  0.0  0.0  4
3932  -2.0  2.0  4
3933  0.0  0.0  4
3934  8.0  -8.0  1
3935  10.0  -10.0  2
3936  0.0  0.0  4
3937  0.0  0.0  4
3938  10.0  -10.0  2
3939  8.0  -8.0  3
3940  0.0  0.0  4
3941  -2.0  2.0  4
3942  2.0  -2.0  4
3943  0.0  0.0  4
3944  2.0  -2.0  4
3945  10.0  -10.0  2
3946  0.0  0.0  4
3947  12.0  -12.0  3
3948  0.0  0.0  4
3949  8.0  -8.0  2
3950  4.0  -4.0  4
3951  4.0  -4.0  4
3952  0.0  0.0  4
3953  0.0  0.0  4
3954  8.0  -8.0  4
3955  8.0  -8.0  4
3956  2.0  -2.0  4
3957  -2.0  2.0  4
3958  0.0  0.0  4
3959  8.0  -8.0  1
3960  10.0  -10.0  4
3961  0.0  0.0  4
3962  0.0  0.0  4
3963  12.0  -12.0  3
3964  2.0  -2.0  4
3965  0.0  0.0  4
3966  -2.0  2.0  4
3967  8.0  -8.0  2
3968  2.0  -2.0  4
3969  12.0  -12.0  4
3970  0.0  0.0  4
3971  0.0  0.0  4
3972  0.0  0.0  4
3973  8.0  -8.0  2
3974  0.0  0.0  4
3975  0.0  0.0  4
3976  6.0  -6.0  2
3977  0.0  0.0  4
3978  -2.0  2.0  4
3979  8.0  -8.0  4
3980  8.0  -8.0  4
3981  8.0  -8.0  1
3982  0.0  0.0  4
3983  8.0  -8.0  3
3984  10.0  -10.0  2
3985  8.0  -8.0  1
3986  0.0  0.0  4
3987  0.0  0.0  4
3988  6.0  -6.0  3
3989  0.0  0.0  4
3990  0.0  0.0  4
3991  -2.0  2.0  4
3992  8.0  -8.0  1
3993  2.0  -2.0  4
3994  12.0  -12.0  3
3995  8.0  -8.0  1
3996  0.0  0.0  4
3997  0.0  0.0  4
3998  0.0  0.0  4
3999  8.0  -8.0  1
4000  8.0  -8.0  1
4001  8.0  -8.0  1
4002  0.0  0.0  4
4003  -2.0  2.0  4
4004  8.0  -8.0  3
4005  2.0  -2.0  4
4006  0.0  0.0  4
4007  0.0  0.0  4
4008  0.0  0.0  4
4009  0.0  0.0  4
4010  12.0  -12.0  3
4011  0.0  0.0  4
4012  0.0  0.0  4
4013  0.0  0.0  4
4014  10.0  -10.0  4
4015  10.0  -10.0  2
4016  8.0  -8.0  4
4017  8.0  -8.0  4
4018  4.0  -4.0  4
4019  0.0  0.0  4
4020  6.0  -6.0  4
4021  0.0  0.0  4
4022  10.0  -10.0  4
4023  0.0  0.0  4
4024  10.0  -10.0  4
4025  10.0  -10.0  2
4026  10.0  -10.0  4
4027  0.0  0.0  4
4028  0.0  0.0  4
4029  4.0  -4.0  4
4030  0.0  0.0  4
4031  10.0  -10.0  2
4032  10.0  -10.0  2
4033  10.0  -10.0  2
4034  0.0  0.0  4
4035  8.0  -8.0  4
4036  0.0  0.0  4
4037  0.0  0.0  4
4038  12.0  -12.0  4
4039  8.0  -8.0  1
4040  2.0  -2.0  4
4041  -2.0  2.0  4
4042  8.0  -8.0  4
4043  8.0  -8.0  1
4044  10.0  -10.0  4
4045  0.0  0.0  4
4046  0.0  0.0  4
4047  0.0  0.0  4
4048  0.0  0.0  4
4049  10.0  -10.0  4
4050  6.0  -6.0  4
4051  10.0  -10.0  2
4052  0.0  0.0  4
4053  0.0  0.0  4
4054  -4.0  4.0  4
4055  10.0  -10.0  4
4056  8.0  -8.0  4
4057  0.0  0.0  4
4058  8.0  -8.0  2
4059  0.0  0.0  4
4060  8.0  -8.0  4
4061  10.0  -10.0  4
4062  0.0  0.0  4
4063  8.0  -8.0  1
4064  10.0  -10.0  4
4065  0.0  0.0  4
4066  0.0  0.0  4
4067  0.0  0.0  4
4068  0.0  0.0  4
4069  0.0  0.0  4
4070  8.0  -8.0  1
4071  0.0  0.0  4
4072  -2.0  2.0  4
4073  2.0  -2.0  4
4074  8.0  -8.0  1
4075  0.0  0.0  4
4076  2.0  -2.0  4
4077  10.0  -10.0  3
4078  8.0  -8.0  1
4079  10.0  -10.0  4
4080  8.0  -8.0  4
4081  2.0  -2.0  4
4082  2.0  -2.0  4
4083  0.0  0.0  4
4084  0.0  0.0  4
4085  0.0  0.0  4
4086  10.0  -10.0  4
4087  0.0  0.0  4
4088  0.0  0.0  4
4089  0.0  0.0  4
4090  0.0  0.0  4
4091  4.0  -4.0  4
4092  0.0  0.0  4
4093  8.0  -8.0  1
4094  10.0  -10.0  2
4095  2.0  -2.0  4
4096  8.0  -8.0  1
4097  2.0  -2.0  4
4098  8.0  -8.0  4
4099  8.0  -8.0  4
4100  -2.0  2.0  4
4101  0.0  0.0  4
4102  -2.0  2.0  4
4103  2.0  -2.0  4
4104  10.0  -10.0  2
4105  -2.0  2.0  4
4106  0.0  0.0  4
4107  0.0  0.0  4
4108  0.0  0.0  4
4109  0.0  0.0  4
4110  8.0  -8.0  1
4111  0.0  0.0  4
4112  0.0  0.0  4
4113  0.0  0.0  4
4114  0.0  0.0  4
4115  8.0  -8.0  1
4116  0.0  0.0  4
4117  0.0  0.0  4
4118  0.0  0.0  4
4119  0.0  0.0  4
4120  8.0  -8.0  2
4121  6.0  -6.0  3
4122  0.0  0.0  4
4123  10.0  -10.0  2
4124  0.0  0.0  4
4125  0.0  0.0  4
4126  10.0  -10.0  4
4127  10.0  -10.0  4
4128  10.0  -10.0  4
4129  -2.0  2.0  4
4130  0.0  0.0  4
4131  0.0  0.0  4
4132  0.0  0.0  4
4133  0.0  0.0  4
4134  0.0  0.0  4
4135  0.0  0.0  4
4136  0.0  0.0  4
4137  0.0  0.0  4
4138  0.0  0.0  4
4139  10.0  -10.0  2
4140  8.0  -8.0  1
4141  -2.0  2.0  4
4142  0.0  0.0  4
4143  0.0  0.0  4
4144  -2.0  2.0  4
4145  10.0  -10.0  4
4146  10.0  -10.0  2
4147  8.0  -8.0  4
4148  0.0  0.0  4
4149  8.0  -8.0  4
4150  0.0  0.0  4
4151  -2.0  2.0  4
4152  2.0  -2.0  4
4153  10.0  -10.0  2
4154  8.0  -8.0  4
4155  12.0  -12.0  4
4156  10.0  -10.0  4
4157  8.0  -8.0  3
4158  0.0  0.0  4
4159  6.0  -6.0  1
4160  0.0  0.0  4
4161  10.0  -10.0  2
4162  0.0  0.0  4
4163  0.0  0.0  4
4164  0.0  0.0  4
4165  -2.0  2.0  4
4166  0.0  0.0  4
4167  0.0  0.0  4
4168  6.0  -6.0  4
4169  -2.0  2.0  4
4170  8.0  -8.0  2
4171  8.0  -8.0  2
4172  10.0  -10.0  2
4173  2.0  -2.0  4
4174  0.0  0.0  4
4175  0.0  0.0  4
4176  2.0  -2.0  4
4177  10.0  -10.0  2
4178  10.0  -10.0  4
4179  0.0  0.0  4
4180  0.0  0.0  4
4181  8.0  -8.0  4
4182  8.0  -8.0  1
4183  0.0  0.0  4
4184  10.0  -10.0  3
4185  0.0  0.0  4
4186  10.0  -10.0  4
4187  0.0  0.0  4
4188  10.0  -10.0  2
4189  0.0  0.0  4
4190  0.0  0.0  4
4191  10.0  -10.0  4
4192  8.0  -8.0  4
4193  10.0  -10.0  4
4194  12.0  -12.0  4
4195  2.0  -2.0  4
4196  8.0  -8.0  1
4197  0.0  0.0  4
4198  8.0  -8.0  3
4199  -2.0  2.0  4
4200  10.0  -10.0  2
4201  8.0  -8.0  4
4202  10.0  -10.0  4
4203  8.0  -8.0  3
4204  10.0  -10.0  2
4205  0.0  0.0  4
4206  10.0  -10.0  2
4207  0.0  0.0  4
4208  0.0  0.0  4
4209  8.0  -8.0  2
4210  2.0  -2.0  4
4211  0.0  0.0  4
4212  0.0  0.0  4
4213  10.0  -10.0  4
4214  8.0  -8.0  4
4215  8.0  -8.0  1
4216  2.0  -2.0  4
4217  10.0  -10.0  2
4218  0.0  0.0  4
4219  6.0  -6.0  4
4220  10.0  -10.0  4
4221  0.0  0.0  4
4222  8.0  -8.0  2
4223  2.0  -2.0  4
4224  8.0  -8.0  2
4225  10.0  -10.0  2
4226  10.0  -10.0  4
4227  0.0  0.0  4
4228  0.0  0.0  4
4229  8.0  -8.0  4
4230  0.0  0.0  4
4231  0.0  0.0  4
4232  8.0  -8.0  2
4233  0.0  0.0  4
4234  4.0  -4.0  4
4235  8.0  -8.0  4
4236  -4.0  4.0  4
4237  0.0  0.0  4
4238  -2.0  2.0  4
4239  10.0  -10.0  4
4240  8.0  -8.0  2
4241  0.0  0.0  4
4242  0.0  0.0  4
4243  0.0  0.0  4
4244  0.0  0.0  4
4245  10.0  -10.0  2
4246  2.0  -2.0  4
4247  0.0  0.0  4
4248  0.0  0.0  4
4249  8.0  -8.0  1
4250  0.0  0.0  4
4251  10.0  -10.0  4
4252  0.0  0.0  4
4253  2.0  -2.0  4
4254  2.0  -2.0  4
4255  0.0  0.0  4
4256  8.0  -8.0  3
4257  0.0  0.0  4
4258  0.0  0.0  4
4259  8.0  -8.0  1
4260  8.0  -8.0  1
4261  0.0  0.0  4
4262  2.0  -2.0  4
4263  8.0  -8.0  2
4264  2.0  -2.0  4
4265  10.0  -10.0  2
4266  8.0  -8.0  2
4267  10.0  -10.0  3
4268  8.0  -8.0  1
4269  -2.0  2.0  4
4270  0.0  0.0  4
4271  6.0  -6.0  4
4272  8.0  -8.0  3
4273  0.0  0.0  4
4274  10.0  -10.0  4
4275  0.0  0.0  4
4276  12.0  -12.0  3
4277  0.0  0.0  4
4278  4.0  -4.0  4
4279  4.0  -4.0  4
4280  -4.0  4.0  4
4281  10.0  -10.0  4
4282  8.0  -8.0  1
4283  -2.0  2.0  4
4284  0.0  0.0  4
4285  8.0  -8.0  3
4286  0.0  0.0  4
4287  0.0  0.0  4
4288  10.0  -10.0  4
4289  8.0  -8.0  2
4290  8.0  -8.0  4
4291  -2.0  2.0  4
4292  2.0  -2.0  4
4293  8.0  -8.0  1
4294  0.0  0.0  4
4295  2.0  -2.0  4
4296  12.0  -12.0  4
4297  0.0  0.0  4
4298  0.0  0.0  4
4299  10.0  -10.0  4
4300  2.0  -2.0  4
4301  -2.0  2.0  4
4302  0.0  0.0  4
4303  0.0  0.0  4
4304  6.0  -6.0  4
4305  10.0  -10.0  4
4306  2.0  -2.0  4
4307  0.0  0.0  4
4308  0.0  0.0  4
4309  0.0  0.0  4
4310  0.0  0.0  4
4311  0.0  0.0  4
4312  0.0  0.0  4
4313  0.0  0.0  4
4314  0.0  0.0  4
4315  0.0  0.0  4
4316  0.0  0.0  4
4317  0.0  0.0  4
4318  8.0  -8.0  4
4319  0.0  0.0  4
4320  8.0  -8.0  2
4321  0.0  0.0  4
4322  2.0  -2.0  4
4323  12.0  -12.0  4
4324  0.0  0.0  4
4325  -2.0  2.0  4
4326  0.0  0.0  4
4327  0.0  0.0  4
4328  10.0  -10.0  3
4329  0.0  0.0  4
4330  4.0  -4.0  4
4331  0.0  0.0  4
4332  0.0  0.0  4
4333  -2.0  2.0  4
4334  -2.0  2.0  4
4335  10.0  -10.0  4
4336  0.0  0.0  4
4337  8.0  -8.0  1
4338  4.0  -4.0  4
4339  8.0  -8.0  1
4340  10.0  -10.0  4
4341  0.0  0.0  4
4342  10.0  -10.0  2
4343  8.0  -8.0  4
4344  8.0  -8.0  1
4345  8.0  -8.0  3
4346  0.0  0.0  4
4347  6.0  -6.0  4
4348  0.0  0.0  4
4349  10.0  -10.0  2
4350  -2.0  2.0  4
4351  -2.0  2.0  4
4352  8.0  -8.0  1
4353  8.0  -8.0  1
4354  8.0  -8.0  3
4355  0.0  0.0  4
4356  0.0  0.0  4
4357  6.0  -6.0  4
4358  10.0  -10.0  2
4359  -2.0  2.0  4
4360  -2.0  2.0  4
4361  10.0  -10.0  2
4362  8.0  -8.0  1
4363  2.0  -2.0  4
4364  8.0  -8.0  2
4365  10.0  -10.0  3
4366  8.0  -8.0  1
4367  2.0  -2.0  4
4368  8.0  -8.0  1
4369  0.0  0.0  4
4370  0.0  0.0  4
4371  -2.0  2.0  4
4372  8.0  -8.0  1
4373  2.0  -2.0  4
4374  10.0  -10.0  4
4375  8.0  -8.0  3
4376  0.0  0.0  4
4377  8.0  -8.0  4
4378  8.0  -8.0  3
4379  12.0  -12.0  4
4380  0.0  0.0  4
4381  10.0  -10.0  4
4382  -2.0  2.0  4
4383  10.0  -10.0  2
4384  8.0  -8.0  2
4385  10.0  -10.0  2
4386  4.0  -4.0  4
4387  -2.0  2.0  4
4388  0.0  0.0  4
4389  0.0  0.0  4
4390  0.0  0.0  4
4391  0.0  0.0  4
4392  10.0  -10.0  2
4393  0.0  0.0  4
4394  0.0  0.0  4
4395  10.0  -10.0  2
4396  0.0  0.0  4
4397  10.0  -10.0  2
4398  2.0  -2.0  4
4399  0.0  0.0  4
4400  0.0  0.0  4
4401  12.0  -12.0  4
4402  2.0  -2.0  4
4403  0.0  0.0  4
4404  0.0  0.0  4
4405  14.0  -14.0  4
4406  8.0  -8.0  3
4407  10.0  -10.0  4
4408  0.0  0.0  4
4409  8.0  -8.0  4
4410  2.0  -2.0  4
4411  -2.0  2.0  4
4412  0.0  0.0  4
4413  2.0  -2.0  4
4414  8.0  -8.0  3
4415  2.0  -2.0  4
4416  10.0  -10.0  2
4417  2.0  -2.0  4
4418  8.0  -8.0  3
4419  0.0  0.0  4
4420  8.0  -8.0  3
4421  0.0  0.0  4
4422  2.0  -2.0  4
4423  2.0  -2.0  4
4424  0.0  0.0  4
4425  0.0  0.0  4
4426  0.0  0.0  4
4427  0.0  0.0  4
4428  -2.0  2.0  4
4429  2.0  -2.0  4
4430  8.0  -8.0  1
4431  6.0  -6.0  4
4432  0.0  0.0  4
4433  2.0  -2.0  4
4434  0.0  0.0  4
4435  8.0  -8.0  3
4436  8.0  -8.0  1
4437  8.0  -8.0  3
4438  4.0  -4.0  4
4439  0.0  0.0  4
4440  0.0  0.0  4
4441  8.0  -8.0  1
4442  8.0  -8.0  1
4443  0.0  0.0  4
4444  0.0  0.0  4
4445  0.0  0.0  4
4446  0.0  0.0  4
4447  0.0  0.0  4
4448  0.0  0.0  4
4449  10.0  -10.0  2
4450  8.0  -8.0  1
4451  0.0  0.0  4
4452  -2.0  2.0  4
4453  8.0  -8.0  1
4454  8.0  -8.0  3
4455  8.0  -8.0  4
4456  0.0  0.0  4
4457  10.0  -10.0  3
4458  10.0  -10.0  2
4459  -2.0  2.0  4
4460  0.0  0.0  4
4461  10.0  -10.0  3
4462  10.0  -10.0  4
4463  8.0  -8.0  1
4464  0.0  0.0  4
4465  0.0  0.0  4
4466  0.0  0.0  4
4467  2.0  -2.0  4
4468  -2.0  2.0  4
4469  8.0  -8.0  4
4470  2.0  -2.0  4
4471  0.0  0.0  4
4472  8.0  -8.0  4
4473  0.0  0.0  4
4474  6.0  -6.0  4
4475  2.0  -2.0  4
4476  0.0  0.0  4
4477  10.0  -10.0  3
4478  10.0  -10.0  2
4479  8.0  -8.0  2
4480  8.0  -8.0  1
4481  8.0  -8.0  4
4482  6.0  -6.0  4
4483  8.0  -8.0  2
4484  0.0  0.0  4
4485  8.0  -8.0  2
4486  8.0  -8.0  4
4487  8.0  -8.0  1
4488  10.0  -10.0  4
4489  10.0  -10.0  4
4490  0.0  0.0  4
4491  6.0  -6.0  4
4492  8.0  -8.0  2
4493  8.0  -8.0  2
4494  0.0  0.0  4
4495  8.0  -8.0  3
4496  6.0  -6.0  4
4497  8.0  -8.0  2
4498  0.0  0.0  4
4499  10.0  -10.0  4
4500  2.0  -2.0  4
4501  8.0  -8.0  4
4502  0.0  0.0  4
4503  0.0  0.0  4
4504  0.0  0.0  4
4505  0.0  0.0  4
4506  4.0  -4.0  4
4507  12.0  -12.0  4
4508  0.0  0.0  4
4509  12.0  -12.0  3
4510  -2.0  2.0  4
4511  -2.0  2.0  4
4512  2.0  -2.0  4
4513  8.0  -8.0  3
4514  0.0  0.0  4
4515  2.0  -2.0  4
4516  10.0  -10.0  2
4517  0.0  0.0  4
4518  0.0  0.0  4
4519  0.0  0.0  4
4520  0.0  0.0  4
4521  10.0  -10.0  3
4522  8.0  -8.0  1
4523  0.0  0.0  4
4524  0.0  0.0  4
4525  0.0  0.0  4
4526  8.0  -8.0  1
4527  0.0  0.0  4
4528  0.0  0.0  4
4529  0.0  0.0  4
4530  2.0  -2.0  4
4531  2.0  -2.0  4
4532  0.0  0.0  4
4533  10.0  -10.0  4
4534  0.0  0.0  4
4535  0.0  0.0  4
4536  0.0  0.0  4
4537  10.0  -10.0  3
4538  10.0  -10.0  3
4539  8.0  -8.0  1
4540  0.0  0.0  4
4541  8.0  -8.0  2
4542  8.0  -8.0  3
4543  0.0  0.0  4
4544  2.0  -2.0  4
4545  2.0  -2.0  4
4546  8.0  -8.0  3
4547  10.0  -10.0  4
4548  8.0  -8.0  2
4549  10.0  -10.0  3
4550  8.0  -8.0  1
4551  2.0  -2.0  4
4552  2.0  -2.0  4
4553  8.0  -8.0  2
4554  0.0  0.0  4
4555  8.0  -8.0  1
4556  0.0  0.0  4
4557  8.0  -8.0  4
4558  0.0  0.0  4
4559  0.0  0.0  4
4560  8.0  -8.0  1
4561  0.0  0.0  4
4562  -2.0  2.0  4
4563  -2.0  2.0  4
4564  8.0  -8.0  1
4565  0.0  0.0  4
4566  0.0  0.0  4
4567  8.0  -8.0  1
4568  0.0  0.0  4
4569  8.0  -8.0  1
4570  0.0  0.0  4
4571  0.0  0.0  4
4572  2.0  -2.0  4
4573  10.0  -10.0  2
4574  -2.0  2.0  4
4575  -2.0  2.0  4
4576  0.0  0.0  4
4577  8.0  -8.0  2
4578  4.0  -4.0  4
4579  0.0  0.0  4
4580  0.0  0.0  4
4581  10.0  -10.0  2
4582  10.0  -10.0  2
4583  10.0  -10.0  2
4584  6.0  -6.0  3
4585  10.0  -10.0  3
4586  0.0  0.0  4
4587  0.0  0.0  4
4588  0.0  0.0  4
4589  8.0  -8.0  1
4590  6.0  -6.0  3
4591  0.0  0.0  4
4592  8.0  -8.0  2
4593  -2.0  2.0  4
4594  8.0  -8.0  2
4595  0.0  0.0  4
4596  8.0  -8.0  3
4597  8.0  -8.0  2
4598  0.0  0.0  4
4599  0.0  0.0  4
4600  8.0  -8.0  2
4601  0.0  0.0  4
4602  0.0  0.0  4
4603  2.0  -2.0  4
4604  10.0  -10.0  4
4605  8.0  -8.0  4
4606  8.0  -8.0  1
4607  0.0  0.0  4
4608  0.0  0.0  4
4609  -2.0  2.0  4
4610  -2.0  2.0  4
4611  8.0  -8.0  1
4612  0.0  0.0  4
4613  2.0  -2.0  4
4614  0.0  0.0  4
4615  8.0  -8.0  3
4616  8.0  -8.0  2
4617  2.0  -2.0  4
4618  -2.0  2.0  4
4619  -2.0  2.0  4
4620  0.0  0.0  4
4621  8.0  -8.0  2
4622  0.0  0.0  4
4623  12.0  -12.0  3
4624  8.0  -8.0  3
4625  0.0  0.0  4
4626  2.0  -2.0  4
4627  0.0  0.0  4
4628  8.0  -8.0  4
4629  8.0  -8.0  3
4630  2.0  -2.0  4
4631  0.0  0.0  4
4632  12.0  -12.0  4
4633  0.0  0.0  4
4634  2.0  -2.0  4
4635  0.0  0.0  4
4636  0.0  0.0  4
4637  -2.0  2.0  4
4638  8.0  -8.0  4
4639  0.0  0.0  4
4640  2.0  -2.0  4
4641  8.0  -8.0  2
4642  0.0  0.0  4
4643  12.0  -12.0  4
4644  10.0  -10.0  4
4645  0.0  0.0  4
4646  12.0  -12.0  4
4647  10.0  -10.0  4
4648  2.0  -2.0  4
4649  8.0  -8.0  1
4650  0.0  0.0  4
4651  0.0  0.0  4
4652  0.0  0.0  4
4653  0.0  0.0  4
4654  0.0  0.0  4
4655  8.0  -8.0  4
4656  10.0  -10.0  3
4657  8.0  -8.0  4
4658  8.0  -8.0  1
4659  8.0  -8.0  3
4660  8.0  -8.0  4
4661  10.0  -10.0  4
4662  10.0  -10.0  3
4663  8.0  -8.0  3
4664  -2.0  2.0  4
4665  0.0  0.0  4
4666  10.0  -10.0  2
4667  0.0  0.0  4
4668  0.0  0.0  4
4669  8.0  -8.0  4
4670  0.0  0.0  4
4671  8.0  -8.0  1
4672  0.0  0.0  4
4673  6.0  -6.0  4
4674  0.0  0.0  4
4675  14.0  -14.0  4
4676  10.0  -10.0  4
4677  10.0  -10.0  2
4678  -2.0  2.0  4
4679  10.0  -10.0  2
4680  0.0  0.0  4
4681  -2.0  2.0  4
4682  0.0  0.0  4
4683  -2.0  2.0  4
4684  8.0  -8.0  4
4685  8.0  -8.0  2
4686  10.0  -10.0  4
4687  8.0  -8.0  1
4688  10.0  -10.0  2
4689  0.0  0.0  4
4690  -2.0  2.0  4
4691  0.0  0.0  4
4692  8.0  -8.0  1
4693  6.0  -6.0  2
4694  10.0  -10.0  2
4695  -2.0  2.0  4
4696  8.0  -8.0  3
4697  0.0  0.0  4
4698  -2.0  2.0  4
4699  10.0  -10.0  2
4700  0.0  0.0  4
4701  0.0  0.0  4
4702  -2.0  2.0  4
4703  0.0  0.0  4
4704  0.0  0.0  4
4705  -2.0  2.0  4
4706  8.0  -8.0  1
4707  10.0  -10.0  2
4708  8.0  -8.0  3
4709  10.0  -10.0  4
4710  0.0  0.0  4
4711  10.0  -10.0  4
4712  2.0  -2.0  4
4713  12.0  -12.0  4
4714  8.0  -8.0  4
4715  0.0  0.0  4
4716  0.0  0.0  4
4717  8.0  -8.0  1
4718  8.0  -8.0  1
4719  0.0  0.0  4
4720  -2.0  2.0  4
4721  0.0  0.0  4
4722  10.0  -10.0  2
4723  0.0  0.0  4
4724  8.0  -8.0  1
4725  0.0  0.0  4
4726  0.0  0.0  4
4727  0.0  0.0  4
4728  10.0  -10.0  2
4729  0.0  0.0  4
4730  10.0  -10.0  2
4731  8.0  -8.0  2
4732  10.0  -10.0  4
4733  0.0  0.0  4
4734  0.0  0.0  4
4735  8.0  -8.0  2
4736  0.0  0.0  4
4737  8.0  -8.0  2
4738  0.0  0.0  4
4739  2.0  -2.0  4
4740  8.0  -8.0  4
4741  2.0  -2.0  4
4742  8.0  -8.0  2
4743  8.0  -8.0  3
4744  2.0  -2.0  4
4745  0.0  0.0  4
4746  10.0  -10.0  4
4747  10.0  -10.0  4
4748  8.0  -8.0  1
4749  0.0  0.0  4
4750  -2.0  2.0  4
4751  0.0  0.0  4
4752  0.0  0.0  4
4753  2.0  -2.0  4
4754  0.0  0.0  4
4755  8.0  -8.0  1
4756  10.0  -10.0  4
4757  0.0  0.0  4
4758  -2.0  2.0  4
4759  -2.0  2.0  4
4760  10.0  -10.0  4
4761  8.0  -8.0  4
4762  8.0  -8.0  2
4763  0.0  0.0  4
4764  10.0  -10.0  2
4765  8.0  -8.0  1
4766  8.0  -8.0  4
4767  2.0  -2.0  4
4768  4.0  -4.0  4
4769  0.0  0.0  4
4770  10.0  -10.0  2
4771  4.0  -4.0  4
4772  2.0  -2.0  4
4773  10.0  -10.0  2
4774  8.0  -8.0  4
4775  0.0  0.0  4
4776  8.0  -8.0  4
4777  10.0  -10.0  4
4778  10.0  -10.0  2
4779  0.0  0.0  4
4780  0.0  0.0  4
4781  10.0  -10.0  3
4782  0.0  0.0  4
4783  10.0  -10.0  4
4784  10.0  -10.0  4
4785  -2.0  2.0  4
4786  10.0  -10.0  2
4787  -2.0  2.0  4
4788  8.0  -8.0  2
4789  -2.0  2.0  4
4790  10.0  -10.0  3
4791  0.0  0.0  4
4792  8.0  -8.0  3
4793  -2.0  2.0  4
4794  0.0  0.0  4
4795  0.0  0.0  4
4796  2.0  -2.0  4
4797  8.0  -8.0  1
4798  -2.0  2.0  4
4799  8.0  -8.0  4
4800  8.0  -8.0  1
4801  0.0  0.0  4
4802  0.0  0.0  4
4803  10.0  -10.0  4
4804  8.0  -8.0  3
4805  0.0  0.0  4
4806  10.0  -10.0  4
4807  -2.0  2.0  4
4808  10.0  -10.0  2
4809  0.0  0.0  4
4810  0.0  0.0  4
4811  8.0  -8.0  1
4812  0.0  0.0  4
4813  8.0  -8.0  4
4814  0.0  0.0  4
4815  10.0  -10.0  3
4816  10.0  -10.0  4
4817  10.0  -10.0  2
4818  0.0  0.0  4
4819  10.0  -10.0  4
4820  10.0  -10.0  2
4821  0.0  0.0  4
4822  2.0  -2.0  4
4823  0.0  0.0  4
4824  2.0  -2.0  4
4825  10.0  -10.0  2
4826  0.0  0.0  4
4827  -2.0  2.0  4
4828  8.0  -8.0  2
4829  8.0  -8.0  4
4830  10.0  -10.0  2
4831  10.0  -10.0  4
4832  8.0  -8.0  1
4833  0.0  0.0  4
4834  2.0  -2.0  4
4835  0.0  0.0  4
4836  -2.0  2.0  4
4837  -2.0  2.0  4
4838  0.0  0.0  4
4839  0.0  0.0  4
4840  8.0  -8.0  4
4841  10.0  -10.0  3
4842  10.0  -10.0  4
4843  -2.0  2.0  4
4844  10.0  -10.0  4
4845  0.0  0.0  4
4846  0.0  0.0  4
4847  6.0  -6.0  4
4848  10.0  -10.0  2
4849  2.0  -2.0  4
4850  10.0  -10.0  4
4851  0.0  0.0  4
4852  10.0  -10.0  4
4853  0.0  0.0  4
4854  10.0  -10.0  4
4855  8.0  -8.0  4
4856  8.0  -8.0  1
4857  0.0  0.0  4
4858  0.0  0.0  4
4859  6.0  -6.0  3
4860  -2.0  2.0  4
4861  12.0  -12.0  4
4862  8.0  -8.0  1
4863  2.0  -2.0  4
4864  8.0  -8.0  2
4865  10.0  -10.0  2
4866  -2.0  2.0  4
4867  8.0  -8.0  2
4868  0.0  0.0  4
4869  -2.0  2.0  4
4870  8.0  -8.0  3
4871  4.0  -4.0  4
4872  12.0  -12.0  4
4873  12.0  -12.0  4
4874  0.0  0.0  4
4875  2.0  -2.0  4
4876  0.0  0.0  4
4877  -2.0  2.0  4
4878  10.0  -10.0  3
4879  6.0  -6.0  4
4880  0.0  0.0  4
4881  0.0  0.0  4
4882  -2.0  2.0  4
4883  0.0  0.0  4
4884  0.0  0.0  4
4885  2.0  -2.0  4
4886  0.0  0.0  4
4887  10.0  -10.0  3
4888  0.0  0.0  4
4889  2.0  -2.0  4
4890  -2.0  2.0  4
4891  0.0  0.0  4
4892  -2.0  2.0  4
4893  0.0  0.0  4
4894  0.0  0.0  4
4895  4.0  -4.0  4
4896  -2.0  2.0  4
4897  8.0  -8.0  3
4898  8.0  -8.0  1
4899  0.0  0.0  4
4900  8.0  -8.0  1
4901  -4.0  4.0  4
4902  2.0  -2.0  4
4903  -2.0  2.0  4
4904  4.0  -4.0  4
4905  10.0  -10.0  2
4906  8.0  -8.0  1
4907  0.0  0.0  4
4908  10.0  -10.0  4
4909  10.0  -10.0  2
4910  8.0  -8.0  3
4911  0.0  0.0  4
4912  0.0  0.0  4
4913  0.0  0.0  4
4914  0.0  0.0  4
4915  2.0  -2.0  4
4916  8.0  -8.0  4
4917  8.0  -8.0  1
4918  10.0  -10.0  4
4919  0.0  0.0  4
4920  0.0  0.0  4
4921  0.0  0.0  4
4922  10.0  -10.0  4
4923  10.0  -10.0  2
4924  2.0  -2.0  4
4925  -2.0  2.0  4
4926  10.0  -10.0  4
4927  8.0  -8.0  4
4928  0.0  0.0  4
4929  10.0  -10.0  4
4930  10.0  -10.0  4
4931  -2.0  2.0  4
4932  0.0  0.0  4
4933  0.0  0.0  4
4934  0.0  0.0  4
4935  -2.0  2.0  4
4936  8.0  -8.0  1
4937  0.0  0.0  4
4938  12.0  -12.0  4
4939  0.0  0.0  4
4940  0.0  0.0  4
4941  2.0  -2.0  4
4942  10.0  -10.0  2
4943  10.0  -10.0  2
4944  8.0  -8.0  2
4945  0.0  0.0  4
4946  8.0  -8.0  1
4947  0.0  0.0  4
4948  0.0  0.0  4
4949  2.0  -2.0  4
4950  -2.0  2.0  4
4951  0.0  0.0  4
4952  10.0  -10.0  3
4953  10.0  -10.0  3
4954  10.0  -10.0  2
4955  10.0  -10.0  2
4956  8.0  -8.0  1
4957  2.0  -2.0  4
4958  0.0  0.0  4
4959  0.0  0.0  4
4960  0.0  0.0  4
4961  10.0  -10.0  4
4962  -2.0  2.0  4
4963  0.0  0.0  4
4964  8.0  -8.0  4
4965  6.0  -6.0  3
4966  8.0  -8.0  4
4967  0.0  0.0  4
4968  0.0  0.0  4
4969  -4.0  4.0  4
4970  0.0  0.0  4
4971  0.0  0.0  4
4972  -2.0  2.0  4
4973  8.0  -8.0  4
4974  12.0  -12.0  4
4975  2.0  -2.0  4
4976  12.0  -12.0  3
4977  8.0  -8.0  1
4978  0.0  0.0  4
4979  8.0  -8.0  2
4980  10.0  -10.0  4
4981  8.0  -8.0  2
4982  0.0  0.0  4
4983  0.0  0.0  4
4984  0.0  0.0  4
4985  8.0  -8.0  1
4986  2.0  -2.0  4
4987  10.0  -10.0  4
4988  0.0  0.0  4
4989  0.0  0.0  4
4990  0.0  0.0  4
4991  8.0  -8.0  1
4992  2.0  -2.0  4
4993  0.0  0.0  4
4994  0.0  0.0  4
4995  -2.0  2.0  4
4996  8.0  -8.0  4
4997  2.0  -2.0  4
4998  8.0  -8.0  4
4999  2.0  -2.0  4
