0  0.0  0.0  4
1  0.0  0.0  4
2  0.0  0.0  4
3  0.0  0.0  4
4  0.0  0.0  4
5  0.0  0.0  4
6  0.0  0.0  4
7  0.0  0.0  4
8  -2.0  2.0  4
9  0.0  0.0  4
10  0.0  0.0  4
11  -2.0  2.0  4
12  8.0  -8.0  1
13  8.0  -8.0  4
14  0.0  0.0  4
15  0.0  0.0  4
16  8.0  -8.0  4
17  8.0  -8.0  4
18  8.0  -8.0  1
19  0.0  0.0  4
20  -2.0  2.0  4
21  8.0  -8.0  1
22  0.0  0.0  4
23  -2.0  2.0  4
24  8.0  -8.0  4
25  0.0  0.0  4
26  8.0  -8.0  4
27  8.0  -8.0  1
28  0.0  0.0  4
29  -2.0  2.0  4
30  0.0  0.0  4
31  0.0  0.0  4
32  0.0  0.0  4
33  8.0  -8.0  4
34  0.0  0.0  4
35  0.0  0.0  4
36  0.0  0.0  4
37  0.0  0.0  4
38  0.0  0.0  4
39  8.0  -8.0  1
40  0.0  0.0  4
41  8.0  -8.0  4
42  0.0  0.0  4
43  0.0  0.0  4
44  6.0  -6.0  4
45  -2.0  2.0  4
46  0.0  0.0  4
47  0.0  0.0  4
48  0.0  0.0  4
49  0.0  0.0  4
50  0.0  0.0  4
51  0.0  0.0  4
52  0.0  0.0  4
53  0.0  0.0  4
54  6.0  -6.0  4
55  8.0  -8.0  1
56  0.0  0.0  4
57  0.0  0.0  4
58  8.0  -8.0  1
59  0.0  0.0  4
60  -2.0  2.0  4
61  8.0  -8.0  2
62  0.0  0.0  4
63  0.0  0.0  4
64  0.0  0.0  4
65  0.0  0.0  4
66  8.0  -8.0  4
67  0.0  0.0  4
68  0.0  0.0  4
69  8.0  -8.0  4
70  8.0  -8.0  2
71  0.0  0.0  4
72  8.0  -8.0  3
73  0.0  0.0  4
74  -2.0  2.0  4
75  0.0  0.0  4
76  8.0  -8.0  3
77  0.0  0.0  4
78  0.0  0.0  4
79  0.0  0.0  4
80  8.0  -8.0  1
81  0.0  0.0  4
82  0.0  0.0  4
83  0.0  0.0  4
84  0.0  0.0  4
85  0.0  0.0  4
86  0.0  0.0  4
87  6.0  -6.0  4
88  0.0  0.0  4
89  0.0  0.0  4
90  -2.0  2.0  4
91  0.0  0.0  4
92  0.0  0.0  4
93  8.0  -8.0  2
94  0.0  0.0  4
95  -2.0  2.0  4
96  8.0  -8.0  4
97  -2.0  2.0  4
98  8.0  -8.0  4
99  0.0  0.0  4
100  0.0  0.0  4
101  0.0  0.0  4
102  -2.0  2.0  4
103  -2.0  2.0  4
104  8.0  -8.0  1
105  0.0  0.0  4
106  8.0  -8.0  1
107  0.0  0.0  4
108  0.0  0.0  4
109  0.0  0.0  4
110  8.0  -8.0  4
111  0.0  0.0  4
112  8.0  -8.0  1
113  8.0  -8.0  1
114  0.0  0.0  4
115  6.0  -6.0  4
116  0.0  0.0  4
117  0.0  0.0  4
118  0.0  0.0  4
119  6.0  -6.0  4
120  0.0  0.0  4
121  -4.0  4.0  4
122  0.0  0.0  4
123  -2.0  2.0  4
124  8.0  -8.0  2
125  0.0  0.0  4
126  0.0  0.0  4
127  8.0  -8.0  4
128  0.0  0.0  4
129  8.0  -8.0  1
130  0.0  0.0  4
131  0.0  0.0  4
132  0.0  0.0  4
133  -2.0  2.0  4
134  0.0  0.0  4
135  0.0  0.0  4
136  0.0  0.0  4
137  0.0  0.0  4
138  6.0  -6.0  3
139  -2.0  2.0  4
140  8.0  -8.0  3
141  0.0  0.0  4
142  8.0  -8.0  2
143  8.0  -8.0  4
144  0.0  0.0  4
145  6.0  -6.0  4
146  -2.0  2.0  4
147  -2.0  2.0  4
148  -2.0  2.0  4
149  8.0  -8.0  1
150  0.0  0.0  4
151  8.0  -8.0  3
152  8.0  -8.0  4
153  0.0  0.0  4
154  0.0  0.0  4
155  8.0  -8.0  4
156  8.0  -8.0  4
157  8.0  -8.0  4
158  8.0  -8.0  4
159  0.0  0.0  4
160  0.0  0.0  4
161  0.0  0.0  4
162  0.0  0.0  4
163  0.0  0.0  4
164  0.0  0.0  4
165  8.0  -8.0  4
166  0.0  0.0  4
167  -2.0  2.0  4
168  0.0  0.0  4
169  0.0  0.0  4
170  0.0  0.0  4
171  8.0  -8.0  4
172  0.0  0.0  4
173  0.0  0.0  4
174  0.0  0.0  4
175  0.0  0.0  4
176  8.0  -8.0  4
177  0.0  0.0  4
178  -2.0  2.0  4
179  0.0  0.0  4
180  8.0  -8.0  4
181  -2.0  2.0  4
182  0.0  0.0  4
183  0.0  0.0  4
184  8.0  -8.0  1
185  0.0  0.0  4
186  0.0  0.0  4
187  0.0  0.0  4
188  6.0  -6.0  3
189  0.0  0.0  4
190  0.0  0.0  4
191  6.0  -6.0  1
192  0.0  0.0  4
193  0.0  0.0  4
194  0.0  0.0  4
195  0.0  0.0  4
196  0.0  0.0  4
197  -2.0  2.0  4
198  0.0  0.0  4
199  0.0  0.0  4
200  0.0  0.0  4
201  8.0  -8.0  4
202  0.0  0.0  4
203  0.0  0.0  4
204  0.0  0.0  4
205  0.0  0.0  4
206  -2.0  2.0  4
207  0.0  0.0  4
208  -2.0  2.0  4
209  0.0  0.0  4
210  -2.0  2.0  4
211  0.0  0.0  4
212  0.0  0.0  4
213  0.0  0.0  4
214  0.0  0.0  4
215  0.0  0.0  4
216  8.0  -8.0  1
217  0.0  0.0  4
218  0.0  0.0  4
219  0.0  0.0  4
220  -2.0  2.0  4
221  -2.0  2.0  4
222  0.0  0.0  4
223  0.0  0.0  4
224  0.0  0.0  4
225  0.0  0.0  4
226  0.0  0.0  4
227  0.0  0.0  4
228  0.0  0.0  4
229  0.0  0.0  4
230  8.0  -8.0  4
231  0.0  0.0  4
232  8.0  -8.0  1
233  8.0  -8.0  4
234  0.0  0.0  4
235  0.0  0.0  4
236  0.0  0.0  4
237  8.0  -8.0  4
238  0.0  0.0  4
239  0.0  0.0  4
240  -2.0  2.0  4
241  8.0  -8.0  4
242  0.0  0.0  4
243  8.0  -8.0  1
244  8.0  -8.0  1
245  0.0  0.0  4
246  0.0  0.0  4
247  0.0  0.0  4
248  8.0  -8.0  4
249  8.0  -8.0  1
250  0.0  0.0  4
251  0.0  0.0  4
252  6.0  -6.0  3
253  0.0  0.0  4
254  0.0  0.0  4
255  0.0  0.0  4
256  8.0  -8.0  4
257  -2.0  2.0  4
258  0.0  0.0  4
259  8.0  -8.0  4
260  0.0  0.0  4
261  -2.0  2.0  4
262  0.0  0.0  4
263  0.0  0.0  4
264  8.0  -8.0  2
265  8.0  -8.0  4
266  0.0  0.0  4
267  8.0  -8.0  1
268  0.0  0.0  4
269  0.0  0.0  4
270  8.0  -8.0  4
271  0.0  0.0  4
272  8.0  -8.0  4
273  8.0  -8.0  4
274  0.0  0.0  4
275  8.0  -8.0  4
276  0.0  0.0  4
277  0.0  0.0  4
278  8.0  -8.0  1
279  8.0  -8.0  4
280  0.0  0.0  4
281  0.0  0.0  4
282  -2.0  2.0  4
283  -2.0  2.0  4
284  0.0  0.0  4
285  8.0  -8.0  4
286  0.0  0.0  4
287  0.0  0.0  4
288  -2.0  2.0  4
289  0.0  0.0  4
290  0.0  0.0  4
291  -2.0  2.0  4
292  8.0  -8.0  1
293  -2.0  2.0  4
294  0.0  0.0  4
295  0.0  0.0  4
296  -2.0  2.0  4
297  -2.0  2.0  4
298  8.0  -8.0  4
299  0.0  0.0  4
300  -2.0  2.0  4
301  0.0  0.0  4
302  8.0  -8.0  4
303  0.0  0.0  4
304  8.0  -8.0  4
305  0.0  0.0  4
306  0.0  0.0  4
307  0.0  0.0  4
308  8.0  -8.0  4
309  6.0  -6.0  4
310  8.0  -8.0  4
311  0.0  0.0  4
312  -2.0  2.0  4
313  0.0  0.0  4
314  8.0  -8.0  4
315  0.0  0.0  4
316  0.0  0.0  4
317  0.0  0.0  4
318  0.0  0.0  4
319  -2.0  2.0  4
320  0.0  0.0  4
321  8.0  -8.0  1
322  8.0  -8.0  4
323  -2.0  2.0  4
324  0.0  0.0  4
325  -2.0  2.0  4
326  0.0  0.0  4
327  0.0  0.0  4
328  0.0  0.0  4
329  0.0  0.0  4
330  0.0  0.0  4
331  -2.0  2.0  4
332  0.0  0.0  4
333  8.0  -8.0  4
334  0.0  0.0  4
335  0.0  0.0  4
336  0.0  0.0  4
337  0.0  0.0  4
338  0.0  0.0  4
339  8.0  -8.0  4
340  0.0  0.0  4
341  0.0  0.0  4
342  6.0  -6.0  4
343  0.0  0.0  4
344  -2.0  2.0  4
345  6.0  -6.0  3
346  8.0  -8.0  1
347  -2.0  2.0  4
348  0.0  0.0  4
349  0.0  0.0  4
350  8.0  -8.0  1
351  0.0  0.0  4
352  0.0  0.0  4
353  0.0  0.0  4
354  0.0  0.0  4
355  8.0  -8.0  1
356  0.0  0.0  4
357  0.0  0.0  4
358  0.0  0.0  4
359  8.0  -8.0  1
360  8.0  -8.0  4
361  0.0  0.0  4
362  8.0  -8.0  4
363  8.0  -8.0  3
364  0.0  0.0  4
365  -2.0  2.0  4
366  8.0  -8.0  4
367  6.0  -6.0  4
368  6.0  -6.0  1
369  0.0  0.0  4
370  -2.0  2.0  4
371  0.0  0.0  4
372  0.0  0.0  4
373  -2.0  2.0  4
374  -2.0  2.0  4
375  0.0  0.0  4
376  0.0  0.0  4
377  0.0  0.0  4
378  8.0  -8.0  1
379  -2.0  2.0  4
380  8.0  -8.0  4
381  0.0  0.0  4
382  0.0  0.0  4
383  8.0  -8.0  1
384  0.0  0.0  4
385  0.0  0.0  4
386  0.0  0.0  4
387  8.0  -8.0  4
388  0.0  0.0  4
389  6.0  -6.0  4
390  0.0  0.0  4
391  0.0  0.0  4
392  0.0  0.0  4
393  -2.0  2.0  4
394  -2.0  2.0  4
395  -2.0  2.0  4
396  8.0  -8.0  1
397  0.0  0.0  4
398  -2.0  2.0  4
399  0.0  0.0  4
400  -2.0  2.0  4
401  8.0  -8.0  4
402  0.0  0.0  4
403  0.0  0.0  4
404  0.0  0.0  4
405  6.0  -6.0  4
406  0.0  0.0  4
407  -2.0  2.0  4
408  8.0  -8.0  4
409  0.0  0.0  4
410  8.0  -8.0  4
411  8.0  -8.0  4
412  0.0  0.0  4
413  0.0  0.0  4
414  0.0  0.0  4
415  0.0  0.0  4
416  0.0  0.0  4
417  0.0  0.0  4
418  0.0  0.0  4
419  -2.0  2.0  4
420  0.0  0.0  4
421  0.0  0.0  4
422  8.0  -8.0  4
423  -2.0  2.0  4
424  0.0  0.0  4
425  0.0  0.0  4
426  0.0  0.0  4
427  0.0  0.0  4
428  8.0  -8.0  4
429  0.0  0.0  4
430  -2.0  2.0  4
431  0.0  0.0  4
432  8.0  -8.0  1
433  8.0  -8.0  1
434  0.0  0.0  4
435  0.0  0.0  4
436  -4.0  4.0  4
437  0.0  0.0  4
438  0.0  0.0  4
439  8.0  -8.0  1
440  0.0  0.0  4
441  0.0  0.0  4
442  8.0  -8.0  4
443  0.0  0.0  4
444  0.0  0.0  4
445  0.0  0.0  4
446  8.0  -8.0  2
447  8.0  -8.0  4
448  0.0  0.0  4
449  -2.0  2.0  4
450  0.0  0.0  4
451  -2.0  2.0  4
452  8.0  -8.0  3
453  8.0  -8.0  4
454  8.0  -8.0  4
455  8.0  -8.0  2
456  8.0  -8.0  4
457  0.0  0.0  4
458  8.0  -8.0  2
459  8.0  -8.0  4
460  0.0  0.0  4
461  6.0  -6.0  4
462  8.0  -8.0  2
463  0.0  0.0  4
464  0.0  0.0  4
465  0.0  0.0  4
466  0.0  0.0  4
467  8.0  -8.0  4
468  -2.0  2.0  4
469  8.0  -8.0  4
470  0.0  0.0  4
471  0.0  0.0  4
472  0.0  0.0  4
473  8.0  -8.0  4
474  -2.0  2.0  4
475  8.0  -8.0  1
476  8.0  -8.0  4
477  8.0  -8.0  4
478  -2.0  2.0  4
479  0.0  0.0  4
480  0.0  0.0  4
481  8.0  -8.0  2
482  -2.0  2.0  4
483  0.0  0.0  4
484  8.0  -8.0  1
485  0.0  0.0  4
486  -2.0  2.0  4
487  0.0  0.0  4
488  0.0  0.0  4
489  0.0  0.0  4
490  0.0  0.0  4
491  -2.0  2.0  4
492  0.0  0.0  4
493  8.0  -8.0  4
494  0.0  0.0  4
495  0.0  0.0  4
496  0.0  0.0  4
497  0.0  0.0  4
498  0.0  0.0  4
499  -2.0  2.0  4
500  0.0  0.0  4
501  -2.0  2.0  4
502  0.0  0.0  4
503  0.0  0.0  4
504  0.0  0.0  4
505  0.0  0.0  4
506  8.0  -8.0  1
507  8.0  -8.0  4
508  8.0  -8.0  1
509  -2.0  2.0  4
510  0.0  0.0  4
511  0.0  0.0  4
512  8.0  -8.0  1
513  0.0  0.0  4
514  8.0  -8.0  1
515  0.0  0.0  4
516  8.0  -8.0  4
517  -2.0  2.0  4
518  0.0  0.0  4
519  8.0  -8.0  2
520  0.0  0.0  4
521  8.0  -8.0  1
522  -2.0  2.0  4
523  0.0  0.0  4
524  0.0  0.0  4
525  0.0  0.0  4
526  0.0  0.0  4
527  8.0  -8.0  1
528  0.0  0.0  4
529  8.0  -8.0  4
530  0.0  0.0  4
531  6.0  -6.0  2
532  0.0  0.0  4
533  0.0  0.0  4
534  0.0  0.0  4
535  0.0  0.0  4
536  0.0  0.0  4
537  0.0  0.0  4
538  0.0  0.0  4
539  0.0  0.0  4
540  0.0  0.0  4
541  0.0  0.0  4
542  0.0  0.0  4
543  8.0  -8.0  1
544  -2.0  2.0  4
545  0.0  0.0  4
546  -2.0  2.0  4
547  0.0  0.0  4
548  0.0  0.0  4
549  6.0  -6.0  4
550  0.0  0.0  4
551  0.0  0.0  4
552  8.0  -8.0  1
553  8.0  -8.0  4
554  0.0  0.0  4
555  0.0  0.0  4
556  0.0  0.0  4
557  8.0  -8.0  4
558  0.0  0.0  4
559  0.0  0.0  4
560  0.0  0.0  4
561  0.0  0.0  4
562  8.0  -8.0  4
563  0.0  0.0  4
564  0.0  0.0  4
565  0.0  0.0  4
566  0.0  0.0  4
567  -2.0  2.0  4
568  0.0  0.0  4
569  8.0  -8.0  4
570  0.0  0.0  4
571  0.0  0.0  4
572  0.0  0.0  4
573  0.0  0.0  4
574  0.0  0.0  4
575  0.0  0.0  4
576  0.0  0.0  4
577  0.0  0.0  4
578  -2.0  2.0  4
579  8.0  -8.0  1
580  8.0  -8.0  4
581  8.0  -8.0  1
582  8.0  -8.0  1
583  8.0  -8.0  4
584  8.0  -8.0  4
585  0.0  0.0  4
586  8.0  -8.0  4
587  0.0  0.0  4
588  0.0  0.0  4
589  -2.0  2.0  4
590  0.0  0.0  4
591  -2.0  2.0  4
592  0.0  0.0  4
593  8.0  -8.0  4
594  0.0  0.0  4
595  0.0  0.0  4
596  8.0  -8.0  1
597  0.0  0.0  4
598  0.0  0.0  4
599  0.0  0.0  4
600  0.0  0.0  4
601  -2.0  2.0  4
602  0.0  0.0  4
603  0.0  0.0  4
604  0.0  0.0  4
605  0.0  0.0  4
606  8.0  -8.0  4
607  8.0  -8.0  2
608  0.0  0.0  4
609  8.0  -8.0  2
610  -2.0  2.0  4
611  0.0  0.0  4
612  0.0  0.0  4
613  0.0  0.0  4
614  0.0  0.0  4
615  0.0  0.0  4
616  -2.0  2.0  4
617  0.0  0.0  4
618  0.0  0.0  4
619  8.0  -8.0  4
620  8.0  -8.0  2
621  6.0  -6.0  4
622  -2.0  2.0  4
623  0.0  0.0  4
624  8.0  -8.0  1
625  8.0  -8.0  1
626  -2.0  2.0  4
627  0.0  0.0  4
628  0.0  0.0  4
629  0.0  0.0  4
630  8.0  -8.0  1
631  -2.0  2.0  4
632  8.0  -8.0  1
633  8.0  -8.0  1
634  0.0  0.0  4
635  0.0  0.0  4
636  0.0  0.0  4
637  0.0  0.0  4
638  0.0  0.0  4
639  8.0  -8.0  1
640  8.0  -8.0  4
641  -2.0  2.0  4
642  0.0  0.0  4
643  0.0  0.0  4
644  0.0  0.0  4
645  0.0  0.0  4
646  0.0  0.0  4
647  0.0  0.0  4
648  0.0  0.0  4
649  -2.0  2.0  4
650  6.0  -6.0  2
651  0.0  0.0  4
652  0.0  0.0  4
653  0.0  0.0  4
654  0.0  0.0  4
655  0.0  0.0  4
656  -2.0  2.0  4
657  6.0  -6.0  4
658  8.0  -8.0  4
659  -2.0  2.0  4
660  0.0  0.0  4
661  -2.0  2.0  4
662  0.0  0.0  4
663  -2.0  2.0  4
664  8.0  -8.0  4
665  0.0  0.0  4
666  8.0  -8.0  4
667  0.0  0.0  4
668  -2.0  2.0  4
669  -2.0  2.0  4
670  0.0  0.0  4
671  0.0  0.0  4
672  0.0  0.0  4
673  0.0  0.0  4
674  0.0  0.0  4
675  8.0  -8.0  4
676  -2.0  2.0  4
677  8.0  -8.0  4
678  -2.0  2.0  4
679  0.0  0.0  4
680  0.0  0.0  4
681  -2.0  2.0  4
682  0.0  0.0  4
683  0.0  0.0  4
684  6.0  -6.0  4
685  0.0  0.0  4
686  0.0  0.0  4
687  0.0  0.0  4
688  0.0  0.0  4
689  8.0  -8.0  4
690  0.0  0.0  4
691  0.0  0.0  4
692  6.0  -6.0  1
693  0.0  0.0  4
694  0.0  0.0  4
695  8.0  -8.0  3
696  0.0  0.0  4
697  0.0  0.0  4
698  8.0  -8.0  4
699  -2.0  2.0  4
700  -2.0  2.0  4
701  0.0  0.0  4
702  0.0  0.0  4
703  0.0  0.0  4
704  0.0  0.0  4
705  8.0  -8.0  4
706  0.0  0.0  4
707  0.0  0.0  4
708  0.0  0.0  4
709  0.0  0.0  4
710  0.0  0.0  4
711  -4.0  4.0  4
712  8.0  -8.0  4
713  0.0  0.0  4
714  -2.0  2.0  4
715  8.0  -8.0  4
716  0.0  0.0  4
717  0.0  0.0  4
718  0.0  0.0  4
719  0.0  0.0  4
720  6.0  -6.0  4
721  -2.0  2.0  4
722  0.0  0.0  4
723  -2.0  2.0  4
724  0.0  0.0  4
725  -2.0  2.0  4
726  0.0  0.0  4
727  8.0  -8.0  1
728  0.0  0.0  4
729  0.0  0.0  4
730  8.0  -8.0  4
731  8.0  -8.0  2
732  0.0  0.0  4
733  0.0  0.0  4
734  0.0  0.0  4
735  0.0  0.0  4
736  0.0  0.0  4
737  0.0  0.0  4
738  -2.0  2.0  4
739  8.0  -8.0  4
740  0.0  0.0  4
741  8.0  -8.0  4
742  0.0  0.0  4
743  8.0  -8.0  1
744  8.0  -8.0  4
745  8.0  -8.0  4
746  0.0  0.0  4
747  -2.0  2.0  4
748  6.0  -6.0  2
749  0.0  0.0  4
750  0.0  0.0  4
751  0.0  0.0  4
752  0.0  0.0  4
753  6.0  -6.0  4
754  0.0  0.0  4
755  0.0  0.0  4
756  8.0  -8.0  4
757  0.0  0.0  4
758  0.0  0.0  4
759  0.0  0.0  4
760  -4.0  4.0  4
761  8.0  -8.0  4
762  0.0  0.0  4
763  0.0  0.0  4
764  0.0  0.0  4
765  0.0  0.0  4
766  0.0  0.0  4
767  -2.0  2.0  4
768  0.0  0.0  4
769  8.0  -8.0  4
770  8.0  -8.0  4
771  0.0  0.0  4
772  0.0  0.0  4
773  -2.0  2.0  4
774  0.0  0.0  4
775  0.0  0.0  4
776  0.0  0.0  4
777  8.0  -8.0  1
778  8.0  -8.0  4
779  0.0  0.0  4
780  0.0  0.0  4
781  0.0  0.0  4
782  0.0  0.0  4
783  8.0  -8.0  2
784  0.0  0.0  4
785  0.0  0.0  4
786  0.0  0.0  4
787  -2.0  2.0  4
788  0.0  0.0  4
789  0.0  0.0  4
790  0.0  0.0  4
791  -2.0  2.0  4
792  0.0  0.0  4
793  8.0  -8.0  1
794  0.0  0.0  4
795  0.0  0.0  4
796  0.0  0.0  4
797  0.0  0.0  4
798  -2.0  2.0  4
799  -2.0  2.0  4
800  0.0  0.0  4
801  0.0  0.0  4
802  0.0  0.0  4
803  0.0  0.0  4
804  8.0  -8.0  3
805  -2.0  2.0  4
806  0.0  0.0  4
807  8.0  -8.0  4
808  -2.0  2.0  4
809  0.0  0.0  4
810  0.0  0.0  4
811  0.0  0.0  4
812  8.0  -8.0  2
813  0.0  0.0  4
814  8.0  -8.0  2
815  -4.0  4.0  4
816  0.0  0.0  4
817  0.0  0.0  4
818  0.0  0.0  4
819  0.0  0.0  4
820  0.0  0.0  4
821  0.0  0.0  4
822  0.0  0.0  4
823  8.0  -8.0  1
824  8.0  -8.0  4
825  -2.0  2.0  4
826  0.0  0.0  4
827  0.0  0.0  4
828  -2.0  2.0  4
829  -2.0  2.0  4
830  0.0  0.0  4
831  0.0  0.0  4
832  8.0  -8.0  4
833  0.0  0.0  4
834  0.0  0.0  4
835  0.0  0.0  4
836  -2.0  2.0  4
837  0.0  0.0  4
838  0.0  0.0  4
839  0.0  0.0  4
840  8.0  -8.0  1
841  8.0  -8.0  1
842  8.0  -8.0  1
843  8.0  -8.0  4
844  0.0  0.0  4
845  0.0  0.0  4
846  8.0  -8.0  2
847  8.0  -8.0  4
848  0.0  0.0  4
849  8.0  -8.0  4
850  -2.0  2.0  4
851  0.0  0.0  4
852  0.0  0.0  4
853  6.0  -6.0  4
854  6.0  -6.0  4
855  0.0  0.0  4
856  0.0  0.0  4
857  8.0  -8.0  1
858  0.0  0.0  4
859  0.0  0.0  4
860  0.0  0.0  4
861  0.0  0.0  4
862  0.0  0.0  4
863  0.0  0.0  4
864  0.0  0.0  4
865  0.0  0.0  4
866  0.0  0.0  4
867  0.0  0.0  4
868  0.0  0.0  4
869  -2.0  2.0  4
870  8.0  -8.0  4
871  8.0  -8.0  2
872  0.0  0.0  4
873  6.0  -6.0  4
874  0.0  0.0  4
875  0.0  0.0  4
876  0.0  0.0  4
877  -2.0  2.0  4
878  8.0  -8.0  1
879  0.0  0.0  4
880  0.0  0.0  4
881  8.0  -8.0  3
882  8.0  -8.0  1
883  0.0  0.0  4
884  0.0  0.0  4
885  -2.0  2.0  4
886  0.0  0.0  4
887  0.0  0.0  4
888  -2.0  2.0  4
889  0.0  0.0  4
890  0.0  0.0  4
891  0.0  0.0  4
892  0.0  0.0  4
893  8.0  -8.0  1
894  0.0  0.0  4
895  0.0  0.0  4
896  0.0  0.0  4
897  0.0  0.0  4
898  0.0  0.0  4
899  0.0  0.0  4
900  0.0  0.0  4
901  0.0  0.0  4
902  0.0  0.0  4
903  8.0  -8.0  2
904  0.0  0.0  4
905  0.0  0.0  4
906  0.0  0.0  4
907  0.0  0.0  4
908  0.0  0.0  4
909  -2.0  2.0  4
910  8.0  -8.0  3
911  8.0  -8.0  4
912  0.0  0.0  4
913  0.0  0.0  4
914  -2.0  2.0  4
915  0.0  0.0  4
916  0.0  0.0  4
917  0.0  0.0  4
918  8.0  -8.0  4
919  8.0  -8.0  2
920  0.0  0.0  4
921  -2.0  2.0  4
922  0.0  0.0  4
923  0.0  0.0  4
924  0.0  0.0  4
925  8.0  -8.0  4
926  8.0  -8.0  4
927  0.0  0.0  4
928  0.0  0.0  4
929  0.0  0.0  4
930  0.0  0.0  4
931  -2.0  2.0  4
932  0.0  0.0  4
933  0.0  0.0  4
934  8.0  -8.0  4
935  0.0  0.0  4
936  0.0  0.0  4
937  0.0  0.0  4
938  8.0  -8.0  4
939  0.0  0.0  4
940  0.0  0.0  4
941  0.0  0.0  4
942  0.0  0.0  4
943  0.0  0.0  4
944  0.0  0.0  4
945  0.0  0.0  4
946  0.0  0.0  4
947  0.0  0.0  4
948  8.0  -8.0  4
949  0.0  0.0  4
950  8.0  -8.0  4
951  -2.0  2.0  4
952  0.0  0.0  4
953  8.0  -8.0  3
954  0.0  0.0  4
955  0.0  0.0  4
956  8.0  -8.0  4
957  0.0  0.0  4
958  0.0  0.0  4
959  0.0  0.0  4
960  8.0  -8.0  3
961  0.0  0.0  4
962  0.0  0.0  4
963  0.0  0.0  4
964  0.0  0.0  4
965  0.0  0.0  4
966  0.0  0.0  4
967  0.0  0.0  4
968  0.0  0.0  4
969  8.0  -8.0  1
970  0.0  0.0  4
971  8.0  -8.0  2
972  0.0  0.0  4
973  8.0  -8.0  1
974  8.0  -8.0  4
975  0.0  0.0  4
976  -2.0  2.0  4
977  0.0  0.0  4
978  0.0  0.0  4
979  0.0  0.0  4
980  -2.0  2.0  4
981  0.0  0.0  4
982  -2.0  2.0  4
983  0.0  0.0  4
984  -2.0  2.0  4
985  0.0  0.0  4
986  -2.0  2.0  4
987  0.0  0.0  4
988  0.0  0.0  4
989  0.0  0.0  4
990  0.0  0.0  4
991  8.0  -8.0  4
992  0.0  0.0  4
993  0.0  0.0  4
994  8.0  -8.0  2
995  0.0  0.0  4
996  0.0  0.0  4
997  -2.0  2.0  4
998  0.0  0.0  4
999  0.0  0.0  4
1000  0.0  0.0  4
1001  0.0  0.0  4
1002  8.0  -8.0  1
1003  0.0  0.0  4
1004  -2.0  2.0  4
1005  -2.0  2.0  4
1006  0.0  0.0  4
1007  0.0  0.0  4
1008  8.0  -8.0  4
1009  0.0  0.0  4
1010  8.0  -8.0  4
1011  0.0  0.0  4
1012  0.0  0.0  4
1013  0.0  0.0  4
1014  0.0  0.0  4
1015  0.0  0.0  4
1016  0.0  0.0  4
1017  0.0  0.0  4
1018  0.0  0.0  4
1019  6.0  -6.0  4
1020  0.0  0.0  4
1021  0.0  0.0  4
1022  -2.0  2.0  4
1023  0.0  0.0  4
1024  8.0  -8.0  1
1025  -2.0  2.0  4
1026  -2.0  2.0  4
1027  8.0  -8.0  4
1028  6.0  -6.0  4
1029  0.0  0.0  4
1030  0.0  0.0  4
1031  0.0  0.0  4
1032  0.0  0.0  4
1033  0.0  0.0  4
1034  0.0  0.0  4
1035  0.0  0.0  4
1036  -2.0  2.0  4
1037  8.0  -8.0  4
1038  0.0  0.0  4
1039  8.0  -8.0  4
1040  0.0  0.0  4
1041  0.0  0.0  4
1042  0.0  0.0  4
1043  0.0  0.0  4
1044  0.0  0.0  4
1045  -2.0  2.0  4
1046  0.0  0.0  4
1047  -4.0  4.0  4
1048  6.0  -6.0  4
1049  0.0  0.0  4
1050  0.0  0.0  4
1051  0.0  0.0  4
1052  -2.0  2.0  4
1053  0.0  0.0  4
1054  8.0  -8.0  4
1055  0.0  0.0  4
1056  0.0  0.0  4
1057  0.0  0.0  4
1058  0.0  0.0  4
1059  0.0  0.0  4
1060  -2.0  2.0  4
1061  8.0  -8.0  4
1062  0.0  0.0  4
1063  8.0  -8.0  1
1064  0.0  0.0  4
1065  0.0  0.0  4
1066  0.0  0.0  4
1067  0.0  0.0  4
1068  8.0  -8.0  1
1069  8.0  -8.0  3
1070  0.0  0.0  4
1071  -2.0  2.0  4
1072  0.0  0.0  4
1073  0.0  0.0  4
1074  0.0  0.0  4
1075  0.0  0.0  4
1076  0.0  0.0  4
1077  0.0  0.0  4
1078  0.0  0.0  4
1079  0.0  0.0  4
1080  0.0  0.0  4
1081  -2.0  2.0  4
1082  0.0  0.0  4
1083  0.0  0.0  4
1084  8.0  -8.0  4
1085  8.0  -8.0  4
1086  -2.0  2.0  4
1087  -2.0  2.0  4
1088  0.0  0.0  4
1089  8.0  -8.0  3
1090  0.0  0.0  4
1091  0.0  0.0  4
1092  8.0  -8.0  3
1093  0.0  0.0  4
1094  8.0  -8.0  2
1095  0.0  0.0  4
1096  0.0  0.0  4
1097  6.0  -6.0  4
1098  0.0  0.0  4
1099  0.0  0.0  4
1100  8.0  -8.0  4
1101  8.0  -8.0  4
1102  -2.0  2.0  4
1103  0.0  0.0  4
1104  0.0  0.0  4
1105  0.0  0.0  4
1106  0.0  0.0  4
1107  0.0  0.0  4
1108  0.0  0.0  4
1109  6.0  -6.0  4
1110  8.0  -8.0  3
1111  -2.0  2.0  4
1112  0.0  0.0  4
1113  0.0  0.0  4
1114  8.0  -8.0  1
1115  0.0  0.0  4
1116  0.0  0.0  4
1117  -2.0  2.0  4
1118  0.0  0.0  4
1119  8.0  -8.0  3
1120  8.0  -8.0  4
1121  0.0  0.0  4
1122  8.0  -8.0  4
1123  0.0  0.0  4
1124  0.0  0.0  4
1125  -2.0  2.0  4
1126  0.0  0.0  4
1127  8.0  -8.0  4
1128  8.0  -8.0  2
1129  0.0  0.0  4
1130  8.0  -8.0  1
1131  0.0  0.0  4
1132  0.0  0.0  4
1133  6.0  -6.0  4
1134  0.0  0.0  4
1135  0.0  0.0  4
1136  0.0  0.0  4
1137  0.0  0.0  4
1138  0.0  0.0  4
1139  -2.0  2.0  4
1140  8.0  -8.0  4
1141  8.0  -8.0  1
1142  8.0  -8.0  4
1143  0.0  0.0  4
1144  0.0  0.0  4
1145  6.0  -6.0  1
1146  0.0  0.0  4
1147  0.0  0.0  4
1148  6.0  -6.0  3
1149  0.0  0.0  4
1150  0.0  0.0  4
1151  0.0  0.0  4
1152  0.0  0.0  4
1153  0.0  0.0  4
1154  0.0  0.0  4
1155  8.0  -8.0  4
1156  -2.0  2.0  4
1157  0.0  0.0  4
1158  0.0  0.0  4
1159  0.0  0.0  4
1160  8.0  -8.0  4
1161  0.0  0.0  4
1162  8.0  -8.0  1
1163  0.0  0.0  4
1164  6.0  -6.0  1
1165  8.0  -8.0  1
1166  0.0  0.0  4
1167  0.0  0.0  4
1168  0.0  0.0  4
1169  0.0  0.0  4
1170  8.0  -8.0  1
1171  0.0  0.0  4
1172  6.0  -6.0  4
1173  0.0  0.0  4
1174  8.0  -8.0  1
1175  0.0  0.0  4
1176  4.0  -4.0  3
1177  0.0  0.0  4
1178  0.0  0.0  4
1179  0.0  0.0  4
1180  0.0  0.0  4
1181  0.0  0.0  4
1182  8.0  -8.0  4
1183  0.0  0.0  4
1184  0.0  0.0  4
1185  8.0  -8.0  1
1186  -2.0  2.0  4
1187  8.0  -8.0  1
1188  0.0  0.0  4
1189  8.0  -8.0  1
1190  0.0  0.0  4
1191  -4.0  4.0  4
1192  0.0  0.0  4
1193  0.0  0.0  4
1194  8.0  -8.0  4
1195  0.0  0.0  4
1196  0.0  0.0  4
1197  8.0  -8.0  1
1198  0.0  0.0  4
1199  -2.0  2.0  4
1200  0.0  0.0  4
1201  -4.0  4.0  4
1202  0.0  0.0  4
1203  -2.0  2.0  4
1204  -2.0  2.0  4
1205  8.0  -8.0  4
1206  0.0  0.0  4
1207  0.0  0.0  4
1208  0.0  0.0  4
1209  0.0  0.0  4
1210  0.0  0.0  4
1211  8.0  -8.0  4
1212  -2.0  2.0  4
1213  0.0  0.0  4
1214  0.0  0.0  4
1215  8.0  -8.0  2
1216  0.0  0.0  4
1217  8.0  -8.0  1
1218  0.0  0.0  4
1219  8.0  -8.0  2
1220  0.0  0.0  4
1221  0.0  0.0  4
1222  0.0  0.0  4
1223  0.0  0.0  4
1224  0.0  0.0  4
1225  0.0  0.0  4
1226  8.0  -8.0  1
1227  8.0  -8.0  1
1228  6.0  -6.0  4
1229  0.0  0.0  4
1230  8.0  -8.0  3
1231  8.0  -8.0  1
1232  0.0  0.0  4
1233  8.0  -8.0  2
1234  8.0  -8.0  1
1235  -2.0  2.0  4
1236  0.0  0.0  4
1237  8.0  -8.0  4
1238  6.0  -6.0  4
1239  0.0  0.0  4
1240  0.0  0.0  4
1241  0.0  0.0  4
1242  -2.0  2.0  4
1243  8.0  -8.0  3
1244  0.0  0.0  4
1245  0.0  0.0  4
1246  0.0  0.0  4
1247  0.0  0.0  4
1248  0.0  0.0  4
1249  0.0  0.0  4
1250  0.0  0.0  4
1251  0.0  0.0  4
1252  0.0  0.0  4
1253  0.0  0.0  4
1254  0.0  0.0  4
1255  8.0  -8.0  4
1256  0.0  0.0  4
1257  6.0  -6.0  2
1258  8.0  -8.0  4
1259  0.0  0.0  4
1260  0.0  0.0  4
1261  8.0  -8.0  1
1262  8.0  -8.0  1
1263  0.0  0.0  4
1264  -2.0  2.0  4
1265  6.0  -6.0  4
1266  0.0  0.0  4
1267  0.0  0.0  4
1268  8.0  -8.0  1
1269  -2.0  2.0  4
1270  0.0  0.0  4
1271  0.0  0.0  4
1272  0.0  0.0  4
1273  0.0  0.0  4
1274  0.0  0.0  4
1275  0.0  0.0  4
1276  8.0  -8.0  4
1277  -4.0  4.0  4
1278  -2.0  2.0  4
1279  0.0  0.0  4
1280  0.0  0.0  4
1281  0.0  0.0  4
1282  8.0  -8.0  3
1283  8.0  -8.0  1
1284  8.0  -8.0  4
1285  0.0  0.0  4
1286  8.0  -8.0  1
1287  8.0  -8.0  4
1288  0.0  0.0  4
1289  8.0  -8.0  1
1290  8.0  -8.0  3
1291  0.0  0.0  4
1292  0.0  0.0  4
1293  -2.0  2.0  4
1294  0.0  0.0  4
1295  0.0  0.0  4
1296  0.0  0.0  4
1297  0.0  0.0  4
1298  0.0  0.0  4
1299  8.0  -8.0  4
1300  0.0  0.0  4
1301  8.0  -8.0  1
1302  0.0  0.0  4
1303  0.0  0.0  4
1304  0.0  0.0  4
1305  8.0  -8.0  1
1306  0.0  0.0  4
1307  0.0  0.0  4
1308  0.0  0.0  4
1309  8.0  -8.0  1
1310  0.0  0.0  4
1311  0.0  0.0  4
1312  8.0  -8.0  4
1313  0.0  0.0  4
1314  8.0  -8.0  4
1315  0.0  0.0  4
1316  0.0  0.0  4
1317  0.0  0.0  4
1318  0.0  0.0  4
1319  0.0  0.0  4
1320  0.0  0.0  4
1321  0.0  0.0  4
1322  -2.0  2.0  4
1323  0.0  0.0  4
1324  0.0  0.0  4
1325  0.0  0.0  4
1326  -4.0  4.0  4
1327  8.0  -8.0  1
1328  8.0  -8.0  4
1329  0.0  0.0  4
1330  0.0  0.0  4
1331  0.0  0.0  4
1332  0.0  0.0  4
1333  0.0  0.0  4
1334  0.0  0.0  4
1335  0.0  0.0  4
1336  8.0  -8.0  4
1337  0.0  0.0  4
1338  0.0  0.0  4
1339  8.0  -8.0  4
1340  8.0  -8.0  3
1341  0.0  0.0  4
1342  0.0  0.0  4
1343  8.0  -8.0  1
1344  8.0  -8.0  2
1345  0.0  0.0  4
1346  0.0  0.0  4
1347  8.0  -8.0  4
1348  8.0  -8.0  1
1349  0.0  0.0  4
1350  0.0  0.0  4
1351  0.0  0.0  4
1352  8.0  -8.0  4
1353  0.0  0.0  4
1354  0.0  0.0  4
1355  8.0  -8.0  4
1356  0.0  0.0  4
1357  -2.0  2.0  4
1358  0.0  0.0  4
1359  8.0  -8.0  2
1360  0.0  0.0  4
1361  -2.0  2.0  4
1362  0.0  0.0  4
1363  -2.0  2.0  4
1364  0.0  0.0  4
1365  0.0  0.0  4
1366  0.0  0.0  4
1367  0.0  0.0  4
1368  0.0  0.0  4
1369  0.0  0.0  4
1370  8.0  -8.0  1
1371  0.0  0.0  4
1372  0.0  0.0  4
1373  0.0  0.0  4
1374  0.0  0.0  4
1375  0.0  0.0  4
1376  0.0  0.0  4
1377  0.0  0.0  4
1378  0.0  0.0  4
1379  8.0  -8.0  1
1380  8.0  -8.0  2
1381  0.0  0.0  4
1382  8.0  -8.0  4
1383  8.0  -8.0  2
1384  0.0  0.0  4
1385  8.0  -8.0  3
1386  8.0  -8.0  2
1387  -2.0  2.0  4
1388  0.0  0.0  4
1389  -2.0  2.0  4
1390  0.0  0.0  4
1391  0.0  0.0  4
1392  0.0  0.0  4
1393  -2.0  2.0  4
1394  0.0  0.0  4
1395  0.0  0.0  4
1396  -2.0  2.0  4
1397  6.0  -6.0  4
1398  0.0  0.0  4
1399  -2.0  2.0  4
1400  0.0  0.0  4
1401  0.0  0.0  4
1402  6.0  -6.0  1
1403  0.0  0.0  4
1404  0.0  0.0  4
1405  8.0  -8.0  4
1406  8.0  -8.0  1
1407  8.0  -8.0  1
1408  0.0  0.0  4
1409  0.0  0.0  4
1410  0.0  0.0  4
1411  -2.0  2.0  4
1412  8.0  -8.0  1
1413  8.0  -8.0  4
1414  0.0  0.0  4
1415  0.0  0.0  4
1416  0.0  0.0  4
1417  0.0  0.0  4
1418  0.0  0.0  4
1419  8.0  -8.0  1
1420  0.0  0.0  4
1421  8.0  -8.0  1
1422  0.0  0.0  4
1423  8.0  -8.0  4
1424  8.0  -8.0  1
1425  0.0  0.0  4
1426  8.0  -8.0  4
1427  0.0  0.0  4
1428  0.0  0.0  4
1429  0.0  0.0  4
1430  8.0  -8.0  4
1431  0.0  0.0  4
1432  0.0  0.0  4
1433  0.0  0.0  4
1434  8.0  -8.0  4
1435  0.0  0.0  4
1436  8.0  -8.0  4
1437  8.0  -8.0  4
1438  6.0  -6.0  1
1439  0.0  0.0  4
1440  0.0  0.0  4
1441  0.0  0.0  4
1442  8.0  -8.0  4
1443  0.0  0.0  4
1444  8.0  -8.0  3
1445  0.0  0.0  4
1446  0.0  0.0  4
1447  0.0  0.0  4
1448  8.0  -8.0  4
1449  8.0  -8.0  4
1450  -2.0  2.0  4
1451  0.0  0.0  4
1452  0.0  0.0  4
1453  0.0  0.0  4
1454  8.0  -8.0  1
1455  8.0  -8.0  4
1456  0.0  0.0  4
1457  8.0  -8.0  1
1458  0.0  0.0  4
1459  0.0  0.0  4
1460  0.0  0.0  4
1461  0.0  0.0  4
1462  8.0  -8.0  1
1463  0.0  0.0  4
1464  -2.0  2.0  4
1465  8.0  -8.0  1
1466  0.0  0.0  4
1467  -2.0  2.0  4
1468  0.0  0.0  4
1469  6.0  -6.0  2
1470  8.0  -8.0  4
1471  0.0  0.0  4
1472  0.0  0.0  4
1473  0.0  0.0  4
1474  0.0  0.0  4
1475  8.0  -8.0  4
1476  0.0  0.0  4
1477  0.0  0.0  4
1478  0.0  0.0  4
1479  8.0  -8.0  4
1480  -2.0  2.0  4
1481  0.0  0.0  4
1482  8.0  -8.0  4
1483  -2.0  2.0  4
1484  0.0  0.0  4
1485  0.0  0.0  4
1486  0.0  0.0  4
1487  0.0  0.0  4
1488  0.0  0.0  4
1489  -2.0  2.0  4
1490  0.0  0.0  4
1491  0.0  0.0  4
1492  0.0  0.0  4
1493  0.0  0.0  4
1494  8.0  -8.0  2
1495  0.0  0.0  4
1496  0.0  0.0  4
1497  0.0  0.0  4
1498  -2.0  2.0  4
1499  0.0  0.0  4
1500  8.0  -8.0  3
1501  0.0  0.0  4
1502  0.0  0.0  4
1503  0.0  0.0  4
1504  0.0  0.0  4
1505  8.0  -8.0  1
1506  8.0  -8.0  4
1507  0.0  0.0  4
1508  8.0  -8.0  1
1509  0.0  0.0  4
1510  0.0  0.0  4
1511  8.0  -8.0  4
1512  0.0  0.0  4
1513  0.0  0.0  4
1514  -2.0  2.0  4
1515  8.0  -8.0  4
1516  0.0  0.0  4
1517  0.0  0.0  4
1518  8.0  -8.0  4
1519  8.0  -8.0  1
1520  6.0  -6.0  3
1521  8.0  -8.0  4
1522  0.0  0.0  4
1523  0.0  0.0  4
1524  -2.0  2.0  4
1525  0.0  0.0  4
1526  0.0  0.0  4
1527  0.0  0.0  4
1528  0.0  0.0  4
1529  0.0  0.0  4
1530  8.0  -8.0  1
1531  0.0  0.0  4
1532  0.0  0.0  4
1533  0.0  0.0  4
1534  8.0  -8.0  2
1535  6.0  -6.0  3
1536  0.0  0.0  4
1537  8.0  -8.0  4
1538  -2.0  2.0  4
1539  0.0  0.0  4
1540  8.0  -8.0  4
1541  8.0  -8.0  4
1542  -2.0  2.0  4
1543  0.0  0.0  4
1544  0.0  0.0  4
1545  0.0  0.0  4
1546  0.0  0.0  4
1547  0.0  0.0  4
1548  0.0  0.0  4
1549  0.0  0.0  4
1550  0.0  0.0  4
1551  -2.0  2.0  4
1552  8.0  -8.0  4
1553  0.0  0.0  4
1554  0.0  0.0  4
1555  0.0  0.0  4
1556  6.0  -6.0  3
1557  0.0  0.0  4
1558  0.0  0.0  4
1559  8.0  -8.0  4
1560  0.0  0.0  4
1561  0.0  0.0  4
1562  0.0  0.0  4
1563  -2.0  2.0  4
1564  8.0  -8.0  1
1565  0.0  0.0  4
1566  0.0  0.0  4
1567  -2.0  2.0  4
1568  8.0  -8.0  3
1569  0.0  0.0  4
1570  0.0  0.0  4
1571  0.0  0.0  4
1572  8.0  -8.0  2
1573  8.0  -8.0  3
1574  8.0  -8.0  2
1575  0.0  0.0  4
1576  8.0  -8.0  3
1577  8.0  -8.0  1
1578  0.0  0.0  4
1579  8.0  -8.0  4
1580  8.0  -8.0  4
1581  -2.0  2.0  4
1582  8.0  -8.0  1
1583  0.0  0.0  4
1584  0.0  0.0  4
1585  0.0  0.0  4
1586  0.0  0.0  4
1587  0.0  0.0  4
1588  0.0  0.0  4
1589  6.0  -6.0  3
1590  0.0  0.0  4
1591  0.0  0.0  4
1592  0.0  0.0  4
1593  -2.0  2.0  4
1594  0.0  0.0  4
1595  0.0  0.0  4
1596  0.0  0.0  4
1597  0.0  0.0  4
1598  0.0  0.0  4
1599  0.0  0.0  4
1600  0.0  0.0  4
1601  0.0  0.0  4
1602  0.0  0.0  4
1603  0.0  0.0  4
1604  0.0  0.0  4
1605  0.0  0.0  4
1606  0.0  0.0  4
1607  -2.0  2.0  4
1608  8.0  -8.0  1
1609  0.0  0.0  4
1610  -2.0  2.0  4
1611  0.0  0.0  4
1612  0.0  0.0  4
1613  0.0  0.0  4
1614  0.0  0.0  4
1615  8.0  -8.0  4
1616  0.0  0.0  4
1617  -2.0  2.0  4
1618  0.0  0.0  4
1619  0.0  0.0  4
1620  0.0  0.0  4
1621  -2.0  2.0  4
1622  8.0  -8.0  3
1623  0.0  0.0  4
1624  0.0  0.0  4
1625  8.0  -8.0  2
1626  0.0  0.0  4
1627  0.0  0.0  4
1628  -2.0  2.0  4
1629  0.0  0.0  4
1630  -2.0  2.0  4
1631  8.0  -8.0  4
1632  -2.0  2.0  4
1633  0.0  0.0  4
1634  8.0  -8.0  3
1635  6.0  -6.0  4
1636  0.0  0.0  4
1637  -2.0  2.0  4
1638  -2.0  2.0  4
1639  0.0  0.0  4
1640  0.0  0.0  4
1641  -2.0  2.0  4
1642  0.0  0.0  4
1643  8.0  -8.0  4
1644  8.0  -8.0  2
1645  0.0  0.0  4
1646  0.0  0.0  4
1647  0.0  0.0  4
1648  0.0  0.0  4
1649  0.0  0.0  4
1650  0.0  0.0  4
1651  0.0  0.0  4
1652  8.0  -8.0  1
1653  0.0  0.0  4
1654  8.0  -8.0  2
1655  8.0  -8.0  1
1656  8.0  -8.0  4
1657  8.0  -8.0  1
1658  0.0  0.0  4
1659  0.0  0.0  4
1660  0.0  0.0  4
1661  8.0  -8.0  1
1662  0.0  0.0  4
1663  0.0  0.0  4
1664  0.0  0.0  4
1665  0.0  0.0  4
1666  8.0  -8.0  4
1667  -2.0  2.0  4
1668  0.0  0.0  4
1669  0.0  0.0  4
1670  0.0  0.0  4
1671  8.0  -8.0  4
1672  -2.0  2.0  4
1673  8.0  -8.0  4
1674  0.0  0.0  4
1675  -2.0  2.0  4
1676  -2.0  2.0  4
1677  6.0  -6.0  3
1678  8.0  -8.0  1
1679  0.0  0.0  4
1680  0.0  0.0  4
1681  8.0  -8.0  2
1682  0.0  0.0  4
1683  -2.0  2.0  4
1684  0.0  0.0  4
1685  8.0  -8.0  4
1686  0.0  0.0  4
1687  0.0  0.0  4
1688  8.0  -8.0  4
1689  0.0  0.0  4
1690  8.0  -8.0  3
1691  0.0  0.0  4
1692  8.0  -8.0  2
1693  8.0  -8.0  2
1694  0.0  0.0  4
1695  0.0  0.0  4
1696  -2.0  2.0  4
1697  8.0  -8.0  2
1698  8.0  -8.0  1
1699  -2.0  2.0  4
1700  8.0  -8.0  4
1701  0.0  0.0  4
1702  0.0  0.0  4
1703  0.0  0.0  4
1704  0.0  0.0  4
1705  0.0  0.0  4
1706  0.0  0.0  4
1707  0.0  0.0  4
1708  0.0  0.0  4
1709  0.0  0.0  4
1710  0.0  0.0  4
1711  0.0  0.0  4
1712  0.0  0.0  4
1713  0.0  0.0  4
1714  0.0  0.0  4
1715  0.0  0.0  4
1716  0.0  0.0  4
1717  0.0  0.0  4
1718  0.0  0.0  4
1719  0.0  0.0  4
1720  6.0  -6.0  4
1721  0.0  0.0  4
1722  0.0  0.0  4
1723  -4.0  4.0  4
1724  -2.0  2.0  4
1725  8.0  -8.0  4
1726  0.0  0.0  4
1727  8.0  -8.0  4
1728  0.0  0.0  4
1729  0.0  0.0  4
1730  0.0  0.0  4
1731  6.0  -6.0  4
1732  0.0  0.0  4
1733  8.0  -8.0  1
1734  8.0  -8.0  4
1735  6.0  -6.0  2
1736  0.0  0.0  4
1737  -2.0  2.0  4
1738  6.0  -6.0  4
1739  0.0  0.0  4
1740  0.0  0.0  4
1741  0.0  0.0  4
1742  0.0  0.0  4
1743  0.0  0.0  4
1744  8.0  -8.0  4
1745  -2.0  2.0  4
1746  0.0  0.0  4
1747  0.0  0.0  4
1748  0.0  0.0  4
1749  0.0  0.0  4
1750  0.0  0.0  4
1751  0.0  0.0  4
1752  0.0  0.0  4
1753  0.0  0.0  4
1754  8.0  -8.0  1
1755  -2.0  2.0  4
1756  -2.0  2.0  4
1757  0.0  0.0  4
1758  8.0  -8.0  1
1759  0.0  0.0  4
1760  -4.0  4.0  4
1761  -2.0  2.0  4
1762  6.0  -6.0  3
1763  0.0  0.0  4
1764  6.0  -6.0  4
1765  0.0  0.0  4
1766  0.0  0.0  4
1767  0.0  0.0  4
1768  -2.0  2.0  4
1769  0.0  0.0  4
1770  0.0  0.0  4
1771  8.0  -8.0  4
1772  0.0  0.0  4
1773  0.0  0.0  4
1774  0.0  0.0  4
1775  0.0  0.0  4
1776  0.0  0.0  4
1777  -2.0  2.0  4
1778  0.0  0.0  4
1779  0.0  0.0  4
1780  8.0  -8.0  1
1781  8.0  -8.0  4
1782  -2.0  2.0  4
1783  0.0  0.0  4
1784  0.0  0.0  4
1785  8.0  -8.0  4
1786  8.0  -8.0  4
1787  8.0  -8.0  1
1788  8.0  -8.0  4
1789  8.0  -8.0  2
1790  0.0  0.0  4
1791  0.0  0.0  4
1792  8.0  -8.0  1
1793  8.0  -8.0  4
1794  0.0  0.0  4
1795  0.0  0.0  4
1796  0.0  0.0  4
1797  8.0  -8.0  4
1798  0.0  0.0  4
1799  8.0  -8.0  2
1800  -2.0  2.0  4
1801  -2.0  2.0  4
1802  0.0  0.0  4
1803  0.0  0.0  4
1804  0.0  0.0  4
1805  0.0  0.0  4
1806  0.0  0.0  4
1807  0.0  0.0  4
1808  0.0  0.0  4
1809  0.0  0.0  4
1810  0.0  0.0  4
1811  8.0  -8.0  2
1812  0.0  0.0  4
1813  0.0  0.0  4
1814  8.0  -8.0  1
1815  0.0  0.0  4
1816  -2.0  2.0  4
1817  8.0  -8.0  1
1818  6.0  -6.0  3
1819  8.0  -8.0  4
1820  6.0  -6.0  3
1821  -2.0  2.0  4
1822  8.0  -8.0  1
1823  0.0  0.0  4
1824  -2.0  2.0  4
1825  0.0  0.0  4
1826  -2.0  2.0  4
1827  0.0  0.0  4
1828  0.0  0.0  4
1829  0.0  0.0  4
1830  0.0  0.0  4
1831  8.0  -8.0  1
1832  8.0  -8.0  4
1833  0.0  0.0  4
1834  0.0  0.0  4
1835  0.0  0.0  4
1836  8.0  -8.0  4
1837  0.0  0.0  4
1838  0.0  0.0  4
1839  0.0  0.0  4
1840  8.0  -8.0  1
1841  0.0  0.0  4
1842  0.0  0.0  4
1843  0.0  0.0  4
1844  0.0  0.0  4
1845  0.0  0.0  4
1846  0.0  0.0  4
1847  8.0  -8.0  1
1848  0.0  0.0  4
1849  8.0  -8.0  1
1850  6.0  -6.0  1
1851  0.0  0.0  4
1852  0.0  0.0  4
1853  0.0  0.0  4
1854  0.0  0.0  4
1855  0.0  0.0  4
1856  0.0  0.0  4
1857  0.0  0.0  4
1858  -2.0  2.0  4
1859  0.0  0.0  4
1860  0.0  0.0  4
1861  6.0  -6.0  3
1862  0.0  0.0  4
1863  8.0  -8.0  4
1864  -2.0  2.0  4
1865  0.0  0.0  4
1866  0.0  0.0  4
1867  8.0  -8.0  4
1868  0.0  0.0  4
1869  0.0  0.0  4
1870  8.0  -8.0  2
1871  0.0  0.0  4
1872  8.0  -8.0  1
1873  -2.0  2.0  4
1874  0.0  0.0  4
1875  0.0  0.0  4
1876  0.0  0.0  4
1877  0.0  0.0  4
1878  0.0  0.0  4
1879  -2.0  2.0  4
1880  -2.0  2.0  4
1881  8.0  -8.0  2
1882  0.0  0.0  4
1883  0.0  0.0  4
1884  -2.0  2.0  4
1885  0.0  0.0  4
1886  0.0  0.0  4
1887  0.0  0.0  4
1888  0.0  0.0  4
1889  0.0  0.0  4
1890  8.0  -8.0  4
1891  0.0  0.0  4
1892  0.0  0.0  4
1893  0.0  0.0  4
1894  8.0  -8.0  1
1895  8.0  -8.0  2
1896  0.0  0.0  4
1897  0.0  0.0  4
1898  0.0  0.0  4
1899  0.0  0.0  4
1900  -2.0  2.0  4
1901  0.0  0.0  4
1902  0.0  0.0  4
1903  0.0  0.0  4
1904  0.0  0.0  4
1905  -2.0  2.0  4
1906  -2.0  2.0  4
1907  0.0  0.0  4
1908  0.0  0.0  4
1909  0.0  0.0  4
1910  6.0  -6.0  4
1911  0.0  0.0  4
1912  0.0  0.0  4
1913  0.0  0.0  4
1914  8.0  -8.0  4
1915  0.0  0.0  4
1916  6.0  -6.0  4
1917  0.0  0.0  4
1918  0.0  0.0  4
1919  0.0  0.0  4
1920  6.0  -6.0  2
1921  -2.0  2.0  4
1922  8.0  -8.0  2
1923  0.0  0.0  4
1924  0.0  0.0  4
1925  -2.0  2.0  4
1926  0.0  0.0  4
1927  0.0  0.0  4
1928  0.0  0.0  4
1929  0.0  0.0  4
1930  0.0  0.0  4
1931  0.0  0.0  4
1932  0.0  0.0  4
1933  0.0  0.0  4
1934  8.0  -8.0  1
1935  0.0  0.0  4
1936  8.0  -8.0  4
1937  8.0  -8.0  1
1938  8.0  -8.0  4
1939  0.0  0.0  4
1940  0.0  0.0  4
1941  8.0  -8.0  4
1942  0.0  0.0  4
1943  -2.0  2.0  4
1944  8.0  -8.0  4
1945  0.0  0.0  4
1946  0.0  0.0  4
1947  0.0  0.0  4
1948  0.0  0.0  4
1949  -2.0  2.0  4
1950  0.0  0.0  4
1951  0.0  0.0  4
1952  0.0  0.0  4
1953  8.0  -8.0  4
1954  0.0  0.0  4
1955  8.0  -8.0  2
1956  0.0  0.0  4
1957  0.0  0.0  4
1958  0.0  0.0  4
1959  0.0  0.0  4
1960  -4.0  4.0  4
1961  0.0  0.0  4
1962  0.0  0.0  4
1963  0.0  0.0  4
1964  0.0  0.0  4
1965  8.0  -8.0  4
1966  0.0  0.0  4
1967  0.0  0.0  4
1968  0.0  0.0  4
1969  8.0  -8.0  4
1970  0.0  0.0  4
1971  0.0  0.0  4
1972  0.0  0.0  4
1973  0.0  0.0  4
1974  8.0  -8.0  4
1975  0.0  0.0  4
1976  6.0  -6.0  2
1977  0.0  0.0  4
1978  0.0  0.0  4
1979  8.0  -8.0  1
1980  8.0  -8.0  4
1981  8.0  -8.0  4
1982  -2.0  2.0  4
1983  0.0  0.0  4
1984  8.0  -8.0  1
1985  8.0  -8.0  4
1986  8.0  -8.0  4
1987  8.0  -8.0  1
1988  -2.0  2.0  4
1989  0.0  0.0  4
1990  0.0  0.0  4
1991  0.0  0.0  4
1992  8.0  -8.0  1
1993  8.0  -8.0  1
1994  8.0  -8.0  4
1995  8.0  -8.0  4
1996  6.0  -6.0  2
1997  8.0  -8.0  4
1998  0.0  0.0  4
1999  0.0  0.0  4
2000  8.0  -8.0  4
2001  0.0  0.0  4
2002  0.0  0.0  4
2003  0.0  0.0  4
2004  0.0  0.0  4
2005  0.0  0.0  4
2006  8.0  -8.0  1
2007  0.0  0.0  4
2008  0.0  0.0  4
2009  0.0  0.0  4
2010  0.0  0.0  4
2011  0.0  0.0  4
2012  0.0  0.0  4
2013  0.0  0.0  4
2014  0.0  0.0  4
2015  0.0  0.0  4
2016  8.0  -8.0  1
2017  0.0  0.0  4
2018  0.0  0.0  4
2019  8.0  -8.0  2
2020  0.0  0.0  4
2021  0.0  0.0  4
2022  8.0  -8.0  4
2023  0.0  0.0  4
2024  -2.0  2.0  4
2025  0.0  0.0  4
2026  8.0  -8.0  4
2027  -2.0  2.0  4
2028  8.0  -8.0  4
2029  0.0  0.0  4
2030  0.0  0.0  4
2031  8.0  -8.0  2
2032  0.0  0.0  4
2033  8.0  -8.0  4
2034  0.0  0.0  4
2035  0.0  0.0  4
2036  0.0  0.0  4
2037  0.0  0.0  4
2038  8.0  -8.0  4
2039  8.0  -8.0  1
2040  0.0  0.0  4
2041  0.0  0.0  4
2042  0.0  0.0  4
2043  8.0  -8.0  1
2044  8.0  -8.0  4
2045  0.0  0.0  4
2046  8.0  -8.0  2
2047  0.0  0.0  4
2048  0.0  0.0  4
2049  -2.0  2.0  4
2050  0.0  0.0  4
2051  0.0  0.0  4
2052  0.0  0.0  4
2053  0.0  0.0  4
2054  0.0  0.0  4
2055  0.0  0.0  4
2056  0.0  0.0  4
2057  8.0  -8.0  4
2058  -2.0  2.0  4
2059  0.0  0.0  4
2060  0.0  0.0  4
2061  0.0  0.0  4
2062  0.0  0.0  4
2063  8.0  -8.0  4
2064  8.0  -8.0  1
2065  0.0  0.0  4
2066  8.0  -8.0  1
2067  0.0  0.0  4
2068  8.0  -8.0  4
2069  8.0  -8.0  4
2070  -2.0  2.0  4
2071  0.0  0.0  4
2072  -4.0  4.0  4
2073  8.0  -8.0  1
2074  8.0  -8.0  4
2075  0.0  0.0  4
2076  0.0  0.0  4
2077  0.0  0.0  4
2078  6.0  -6.0  2
2079  8.0  -8.0  1
2080  8.0  -8.0  4
2081  0.0  0.0  4
2082  0.0  0.0  4
2083  0.0  0.0  4
2084  0.0  0.0  4
2085  0.0  0.0  4
2086  -2.0  2.0  4
2087  0.0  0.0  4
2088  0.0  0.0  4
2089  0.0  0.0  4
2090  0.0  0.0  4
2091  0.0  0.0  4
2092  0.0  0.0  4
2093  0.0  0.0  4
2094  0.0  0.0  4
2095  8.0  -8.0  4
2096  0.0  0.0  4
2097  -2.0  2.0  4
2098  8.0  -8.0  1
2099  0.0  0.0  4
2100  -2.0  2.0  4
2101  6.0  -6.0  2
2102  8.0  -8.0  1
2103  0.0  0.0  4
2104  0.0  0.0  4
2105  0.0  0.0  4
2106  0.0  0.0  4
2107  0.0  0.0  4
2108  -2.0  2.0  4
2109  0.0  0.0  4
2110  0.0  0.0  4
2111  0.0  0.0  4
2112  8.0  -8.0  4
2113  8.0  -8.0  1
2114  0.0  0.0  4
2115  0.0  0.0  4
2116  8.0  -8.0  4
2117  0.0  0.0  4
2118  -2.0  2.0  4
2119  0.0  0.0  4
2120  0.0  0.0  4
2121  0.0  0.0  4
2122  0.0  0.0  4
2123  8.0  -8.0  1
2124  8.0  -8.0  4
2125  6.0  -6.0  4
2126  0.0  0.0  4
2127  0.0  0.0  4
2128  -2.0  2.0  4
2129  8.0  -8.0  1
2130  8.0  -8.0  4
2131  0.0  0.0  4
2132  0.0  0.0  4
2133  0.0  0.0  4
2134  0.0  0.0  4
2135  6.0  -6.0  2
2136  0.0  0.0  4
2137  6.0  -6.0  4
2138  8.0  -8.0  2
2139  0.0  0.0  4
2140  0.0  0.0  4
2141  0.0  0.0  4
2142  -2.0  2.0  4
2143  8.0  -8.0  4
2144  0.0  0.0  4
2145  0.0  0.0  4
2146  8.0  -8.0  4
2147  0.0  0.0  4
2148  8.0  -8.0  4
2149  0.0  0.0  4
2150  -2.0  2.0  4
2151  0.0  0.0  4
2152  -2.0  2.0  4
2153  0.0  0.0  4
2154  0.0  0.0  4
2155  8.0  -8.0  4
2156  0.0  0.0  4
2157  -2.0  2.0  4
2158  0.0  0.0  4
2159  0.0  0.0  4
2160  0.0  0.0  4
2161  6.0  -6.0  4
2162  0.0  0.0  4
2163  0.0  0.0  4
2164  8.0  -8.0  1
2165  0.0  0.0  4
2166  0.0  0.0  4
2167  0.0  0.0  4
2168  0.0  0.0  4
2169  6.0  -6.0  4
2170  0.0  0.0  4
2171  0.0  0.0  4
2172  8.0  -8.0  1
2173  0.0  0.0  4
2174  0.0  0.0  4
2175  0.0  0.0  4
2176  0.0  0.0  4
2177  8.0  -8.0  4
2178  0.0  0.0  4
2179  0.0  0.0  4
2180  0.0  0.0  4
2181  8.0  -8.0  3
2182  0.0  0.0  4
2183  0.0  0.0  4
2184  -2.0  2.0  4
2185  8.0  -8.0  4
2186  0.0  0.0  4
2187  0.0  0.0  4
2188  0.0  0.0  4
2189  0.0  0.0  4
2190  0.0  0.0  4
2191  0.0  0.0  4
2192  8.0  -8.0  1
2193  6.0  -6.0  4
2194  0.0  0.0  4
2195  -2.0  2.0  4
2196  8.0  -8.0  1
2197  0.0  0.0  4
2198  8.0  -8.0  1
2199  0.0  0.0  4
2200  0.0  0.0  4
2201  8.0  -8.0  1
2202  0.0  0.0  4
2203  0.0  0.0  4
2204  8.0  -8.0  2
2205  0.0  0.0  4
2206  8.0  -8.0  4
2207  0.0  0.0  4
2208  8.0  -8.0  4
2209  0.0  0.0  4
2210  0.0  0.0  4
2211  0.0  0.0  4
2212  0.0  0.0  4
2213  0.0  0.0  4
2214  0.0  0.0  4
2215  0.0  0.0  4
2216  -2.0  2.0  4
2217  0.0  0.0  4
2218  0.0  0.0  4
2219  0.0  0.0  4
2220  0.0  0.0  4
2221  0.0  0.0  4
2222  8.0  -8.0  4
2223  8.0  -8.0  4
2224  8.0  -8.0  1
2225  8.0  -8.0  4
2226  0.0  0.0  4
2227  0.0  0.0  4
2228  6.0  -6.0  2
2229  8.0  -8.0  2
2230  0.0  0.0  4
2231  0.0  0.0  4
2232  8.0  -8.0  1
2233  -2.0  2.0  4
2234  0.0  0.0  4
2235  0.0  0.0  4
2236  8.0  -8.0  1
2237  0.0  0.0  4
2238  -2.0  2.0  4
2239  0.0  0.0  4
2240  8.0  -8.0  4
2241  6.0  -6.0  2
2242  0.0  0.0  4
2243  0.0  0.0  4
2244  8.0  -8.0  3
2245  8.0  -8.0  1
2246  0.0  0.0  4
2247  8.0  -8.0  4
2248  0.0  0.0  4
2249  0.0  0.0  4
2250  8.0  -8.0  4
2251  8.0  -8.0  3
2252  0.0  0.0  4
2253  -2.0  2.0  4
2254  8.0  -8.0  1
2255  -2.0  2.0  4
2256  8.0  -8.0  4
2257  0.0  0.0  4
2258  0.0  0.0  4
2259  -2.0  2.0  4
2260  0.0  0.0  4
2261  0.0  0.0  4
2262  0.0  0.0  4
2263  -2.0  2.0  4
2264  0.0  0.0  4
2265  0.0  0.0  4
2266  0.0  0.0  4
2267  8.0  -8.0  4
2268  0.0  0.0  4
2269  0.0  0.0  4
2270  0.0  0.0  4
2271  8.0  -8.0  4
2272  0.0  0.0  4
2273  0.0  0.0  4
2274  0.0  0.0  4
2275  0.0  0.0  4
2276  0.0  0.0  4
2277  0.0  0.0  4
2278  6.0  -6.0  3
2279  0.0  0.0  4
2280  0.0  0.0  4
2281  8.0  -8.0  4
2282  6.0  -6.0  4
2283  0.0  0.0  4
2284  0.0  0.0  4
2285  0.0  0.0  4
2286  0.0  0.0  4
2287  0.0  0.0  4
2288  0.0  0.0  4
2289  8.0  -8.0  2
2290  8.0  -8.0  1
2291  0.0  0.0  4
2292  0.0  0.0  4
2293  0.0  0.0  4
2294  -2.0  2.0  4
2295  8.0  -8.0  4
2296  0.0  0.0  4
2297  0.0  0.0  4
2298  0.0  0.0  4
2299  8.0  -8.0  1
2300  0.0  0.0  4
2301  0.0  0.0  4
2302  0.0  0.0  4
2303  8.0  -8.0  1
2304  -2.0  2.0  4
2305  8.0  -8.0  4
2306  8.0  -8.0  4
2307  8.0  -8.0  2
2308  0.0  0.0  4
2309  8.0  -8.0  1
2310  0.0  0.0  4
2311  8.0  -8.0  3
2312  -2.0  2.0  4
2313  8.0  -8.0  3
2314  0.0  0.0  4
2315  8.0  -8.0  2
2316  0.0  0.0  4
2317  8.0  -8.0  4
2318  0.0  0.0  4
2319  0.0  0.0  4
2320  0.0  0.0  4
2321  0.0  0.0  4
2322  -2.0  2.0  4
2323  0.0  0.0  4
2324  0.0  0.0  4
2325  0.0  0.0  4
2326  0.0  0.0  4
2327  0.0  0.0  4
2328  -2.0  2.0  4
2329  0.0  0.0  4
2330  0.0  0.0  4
2331  8.0  -8.0  4
2332  -2.0  2.0  4
2333  -2.0  2.0  4
2334  0.0  0.0  4
2335  0.0  0.0  4
2336  0.0  0.0  4
2337  0.0  0.0  4
2338  0.0  0.0  4
2339  0.0  0.0  4
2340  -2.0  2.0  4
2341  -2.0  2.0  4
2342  8.0  -8.0  4
2343  0.0  0.0  4
2344  8.0  -8.0  4
2345  8.0  -8.0  4
2346  -2.0  2.0  4
2347  8.0  -8.0  1
2348  0.0  0.0  4
2349  8.0  -8.0  2
2350  0.0  0.0  4
2351  0.0  0.0  4
2352  8.0  -8.0  4
2353  0.0  0.0  4
2354  0.0  0.0  4
2355  0.0  0.0  4
2356  0.0  0.0  4
2357  0.0  0.0  4
2358  8.0  -8.0  1
2359  8.0  -8.0  1
2360  0.0  0.0  4
2361  -2.0  2.0  4
2362  8.0  -8.0  4
2363  0.0  0.0  4
2364  0.0  0.0  4
2365  0.0  0.0  4
2366  0.0  0.0  4
2367  6.0  -6.0  1
2368  8.0  -8.0  1
2369  8.0  -8.0  4
2370  0.0  0.0  4
2371  0.0  0.0  4
2372  0.0  0.0  4
2373  8.0  -8.0  1
2374  0.0  0.0  4
2375  8.0  -8.0  4
2376  0.0  0.0  4
2377  8.0  -8.0  1
2378  0.0  0.0  4
2379  0.0  0.0  4
2380  0.0  0.0  4
2381  8.0  -8.0  4
2382  8.0  -8.0  1
2383  0.0  0.0  4
2384  0.0  0.0  4
2385  0.0  0.0  4
2386  0.0  0.0  4
2387  8.0  -8.0  4
2388  8.0  -8.0  4
2389  0.0  0.0  4
2390  0.0  0.0  4
2391  0.0  0.0  4
2392  0.0  0.0  4
2393  0.0  0.0  4
2394  8.0  -8.0  4
2395  0.0  0.0  4
2396  8.0  -8.0  4
2397  0.0  0.0  4
2398  0.0  0.0  4
2399  8.0  -8.0  1
2400  0.0  0.0  4
2401  0.0  0.0  4
2402  8.0  -8.0  2
2403  0.0  0.0  4
2404  0.0  0.0  4
2405  0.0  0.0  4
2406  -2.0  2.0  4
2407  0.0  0.0  4
2408  0.0  0.0  4
2409  0.0  0.0  4
2410  -2.0  2.0  4
2411  8.0  -8.0  4
2412  0.0  0.0  4
2413  0.0  0.0  4
2414  0.0  0.0  4
2415  0.0  0.0  4
2416  0.0  0.0  4
2417  0.0  0.0  4
2418  0.0  0.0  4
2419  8.0  -8.0  1
2420  8.0  -8.0  4
2421  0.0  0.0  4
2422  0.0  0.0  4
2423  0.0  0.0  4
2424  0.0  0.0  4
2425  0.0  0.0  4
2426  0.0  0.0  4
2427  8.0  -8.0  4
2428  0.0  0.0  4
2429  8.0  -8.0  1
2430  0.0  0.0  4
2431  -2.0  2.0  4
2432  0.0  0.0  4
2433  0.0  0.0  4
2434  0.0  0.0  4
2435  -2.0  2.0  4
2436  -2.0  2.0  4
2437  0.0  0.0  4
2438  0.0  0.0  4
2439  8.0  -8.0  1
2440  0.0  0.0  4
2441  0.0  0.0  4
2442  0.0  0.0  4
2443  -2.0  2.0  4
2444  0.0  0.0  4
2445  -2.0  2.0  4
2446  8.0  -8.0  1
2447  -2.0  2.0  4
2448  -2.0  2.0  4
2449  0.0  0.0  4
2450  8.0  -8.0  1
2451  0.0  0.0  4
2452  -2.0  2.0  4
2453  0.0  0.0  4
2454  -2.0  2.0  4
2455  0.0  0.0  4
2456  8.0  -8.0  1
2457  0.0  0.0  4
2458  8.0  -8.0  4
2459  0.0  0.0  4
2460  0.0  0.0  4
2461  0.0  0.0  4
2462  0.0  0.0  4
2463  8.0  -8.0  4
2464  0.0  0.0  4
2465  8.0  -8.0  4
2466  8.0  -8.0  3
2467  -4.0  4.0  4
2468  0.0  0.0  4
2469  8.0  -8.0  2
2470  -2.0  2.0  4
2471  -2.0  2.0  4
2472  8.0  -8.0  1
2473  0.0  0.0  4
2474  -2.0  2.0  4
2475  8.0  -8.0  1
2476  6.0  -6.0  4
2477  0.0  0.0  4
2478  8.0  -8.0  1
2479  0.0  0.0  4
2480  8.0  -8.0  1
2481  0.0  0.0  4
2482  -2.0  2.0  4
2483  8.0  -8.0  4
2484  8.0  -8.0  2
2485  8.0  -8.0  4
2486  6.0  -6.0  2
2487  6.0  -6.0  4
2488  0.0  0.0  4
2489  0.0  0.0  4
2490  8.0  -8.0  1
2491  0.0  0.0  4
2492  -2.0  2.0  4
2493  0.0  0.0  4
2494  0.0  0.0  4
2495  6.0  -6.0  4
2496  0.0  0.0  4
2497  8.0  -8.0  3
2498  0.0  0.0  4
2499  0.0  0.0  4
2500  0.0  0.0  4
2501  8.0  -8.0  4
2502  0.0  0.0  4
2503  8.0  -8.0  4
2504  0.0  0.0  4
2505  8.0  -8.0  4
2506  0.0  0.0  4
2507  0.0  0.0  4
2508  0.0  0.0  4
2509  8.0  -8.0  3
2510  0.0  0.0  4
2511  0.0  0.0  4
2512  8.0  -8.0  1
2513  -2.0  2.0  4
2514  0.0  0.0  4
2515  8.0  -8.0  1
2516  0.0  0.0  4
2517  -2.0  2.0  4
2518  0.0  0.0  4
2519  0.0  0.0  4
2520  0.0  0.0  4
2521  0.0  0.0  4
2522  0.0  0.0  4
2523  8.0  -8.0  1
2524  8.0  -8.0  1
2525  -2.0  2.0  4
2526  -2.0  2.0  4
2527  0.0  0.0  4
2528  0.0  0.0  4
2529  -2.0  2.0  4
2530  8.0  -8.0  3
2531  0.0  0.0  4
2532  0.0  0.0  4
2533  0.0  0.0  4
2534  8.0  -8.0  4
2535  0.0  0.0  4
2536  0.0  0.0  4
2537  8.0  -8.0  4
2538  0.0  0.0  4
2539  -2.0  2.0  4
2540  0.0  0.0  4
2541  0.0  0.0  4
2542  8.0  -8.0  1
2543  0.0  0.0  4
2544  0.0  0.0  4
2545  -2.0  2.0  4
2546  0.0  0.0  4
2547  0.0  0.0  4
2548  0.0  0.0  4
2549  0.0  0.0  4
2550  0.0  0.0  4
2551  0.0  0.0  4
2552  0.0  0.0  4
2553  6.0  -6.0  4
2554  8.0  -8.0  4
2555  0.0  0.0  4
2556  0.0  0.0  4
2557  0.0  0.0  4
2558  0.0  0.0  4
2559  0.0  0.0  4
2560  0.0  0.0  4
2561  6.0  -6.0  3
2562  0.0  0.0  4
2563  0.0  0.0  4
2564  8.0  -8.0  4
2565  0.0  0.0  4
2566  0.0  0.0  4
2567  8.0  -8.0  2
2568  8.0  -8.0  1
2569  8.0  -8.0  2
2570  8.0  -8.0  4
2571  0.0  0.0  4
2572  6.0  -6.0  4
2573  0.0  0.0  4
2574  -2.0  2.0  4
2575  8.0  -8.0  2
2576  8.0  -8.0  2
2577  -2.0  2.0  4
2578  0.0  0.0  4
2579  0.0  0.0  4
2580  -2.0  2.0  4
2581  0.0  0.0  4
2582  0.0  0.0  4
2583  -4.0  4.0  4
2584  0.0  0.0  4
2585  0.0  0.0  4
2586  -2.0  2.0  4
2587  -2.0  2.0  4
2588  8.0  -8.0  1
2589  8.0  -8.0  2
2590  0.0  0.0  4
2591  0.0  0.0  4
2592  8.0  -8.0  2
2593  8.0  -8.0  4
2594  -2.0  2.0  4
2595  8.0  -8.0  4
2596  0.0  0.0  4
2597  0.0  0.0  4
2598  8.0  -8.0  1
2599  0.0  0.0  4
2600  -2.0  2.0  4
2601  8.0  -8.0  4
2602  0.0  0.0  4
2603  -2.0  2.0  4
2604  0.0  0.0  4
2605  -2.0  2.0  4
2606  0.0  0.0  4
2607  -2.0  2.0  4
2608  0.0  0.0  4
2609  -2.0  2.0  4
2610  0.0  0.0  4
2611  0.0  0.0  4
2612  0.0  0.0  4
2613  8.0  -8.0  1
2614  0.0  0.0  4
2615  8.0  -8.0  4
2616  8.0  -8.0  3
2617  0.0  0.0  4
2618  8.0  -8.0  1
2619  0.0  0.0  4
2620  0.0  0.0  4
2621  0.0  0.0  4
2622  0.0  0.0  4
2623  0.0  0.0  4
2624  0.0  0.0  4
2625  0.0  0.0  4
2626  0.0  0.0  4
2627  0.0  0.0  4
2628  6.0  -6.0  4
2629  6.0  -6.0  4
2630  0.0  0.0  4
2631  0.0  0.0  4
2632  0.0  0.0  4
2633  8.0  -8.0  2
2634  -2.0  2.0  4
2635  8.0  -8.0  2
2636  -2.0  2.0  4
2637  0.0  0.0  4
2638  0.0  0.0  4
2639  0.0  0.0  4
2640  8.0  -8.0  1
2641  6.0  -6.0  2
2642  0.0  0.0  4
2643  0.0  0.0  4
2644  0.0  0.0  4
2645  8.0  -8.0  4
2646  8.0  -8.0  4
2647  0.0  0.0  4
2648  -2.0  2.0  4
2649  0.0  0.0  4
2650  0.0  0.0  4
2651  0.0  0.0  4
2652  8.0  -8.0  4
2653  0.0  0.0  4
2654  -2.0  2.0  4
2655  0.0  0.0  4
2656  6.0  -6.0  4
2657  0.0  0.0  4
2658  0.0  0.0  4
2659  0.0  0.0  4
2660  8.0  -8.0  1
2661  0.0  0.0  4
2662  0.0  0.0  4
2663  0.0  0.0  4
2664  0.0  0.0  4
2665  8.0  -8.0  1
2666  8.0  -8.0  3
2667  -2.0  2.0  4
2668  0.0  0.0  4
2669  -2.0  2.0  4
2670  8.0  -8.0  4
2671  0.0  0.0  4
2672  0.0  0.0  4
2673  0.0  0.0  4
2674  6.0  -6.0  3
2675  0.0  0.0  4
2676  0.0  0.0  4
2677  0.0  0.0  4
2678  0.0  0.0  4
2679  8.0  -8.0  4
2680  0.0  0.0  4
2681  0.0  0.0  4
2682  0.0  0.0  4
2683  8.0  -8.0  1
2684  0.0  0.0  4
2685  0.0  0.0  4
2686  0.0  0.0  4
2687  8.0  -8.0  1
2688  8.0  -8.0  4
2689  0.0  0.0  4
2690  0.0  0.0  4
2691  0.0  0.0  4
2692  0.0  0.0  4
2693  0.0  0.0  4
2694  8.0  -8.0  4
2695  0.0  0.0  4
2696  0.0  0.0  4
2697  8.0  -8.0  4
2698  8.0  -8.0  1
2699  6.0  -6.0  4
2700  0.0  0.0  4
2701  6.0  -6.0  4
2702  0.0  0.0  4
2703  8.0  -8.0  4
2704  8.0  -8.0  4
2705  0.0  0.0  4
2706  0.0  0.0  4
2707  0.0  0.0  4
2708  0.0  0.0  4
2709  8.0  -8.0  4
2710  0.0  0.0  4
2711  8.0  -8.0  1
2712  0.0  0.0  4
2713  0.0  0.0  4
2714  8.0  -8.0  2
2715  8.0  -8.0  1
2716  0.0  0.0  4
2717  -2.0  2.0  4
2718  0.0  0.0  4
2719  -2.0  2.0  4
2720  0.0  0.0  4
2721  0.0  0.0  4
2722  0.0  0.0  4
2723  8.0  -8.0  1
2724  0.0  0.0  4
2725  8.0  -8.0  4
2726  0.0  0.0  4
2727  -2.0  2.0  4
2728  0.0  0.0  4
2729  8.0  -8.0  4
2730  8.0  -8.0  3
2731  0.0  0.0  4
2732  8.0  -8.0  1
2733  -2.0  2.0  4
2734  -2.0  2.0  4
2735  8.0  -8.0  3
2736  0.0  0.0  4
2737  8.0  -8.0  4
2738  0.0  0.0  4
2739  0.0  0.0  4
2740  0.0  0.0  4
2741  0.0  0.0  4
2742  0.0  0.0  4
2743  0.0  0.0  4
2744  8.0  -8.0  1
2745  0.0  0.0  4
2746  0.0  0.0  4
2747  0.0  0.0  4
2748  8.0  -8.0  3
2749  0.0  0.0  4
2750  0.0  0.0  4
2751  8.0  -8.0  2
2752  -2.0  2.0  4
2753  8.0  -8.0  1
2754  0.0  0.0  4
2755  8.0  -8.0  4
2756  0.0  0.0  4
2757  0.0  0.0  4
2758  8.0  -8.0  4
2759  0.0  0.0  4
2760  0.0  0.0  4
2761  0.0  0.0  4
2762  -2.0  2.0  4
2763  0.0  0.0  4
2764  0.0  0.0  4
2765  0.0  0.0  4
2766  0.0  0.0  4
2767  8.0  -8.0  1
2768  0.0  0.0  4
2769  6.0  -6.0  2
2770  0.0  0.0  4
2771  -2.0  2.0  4
2772  0.0  0.0  4
2773  0.0  0.0  4
2774  0.0  0.0  4
2775  0.0  0.0  4
2776  0.0  0.0  4
2777  -2.0  2.0  4
2778  0.0  0.0  4
2779  0.0  0.0  4
2780  0.0  0.0  4
2781  -2.0  2.0  4
2782  -2.0  2.0  4
2783  -2.0  2.0  4
2784  0.0  0.0  4
2785  0.0  0.0  4
2786  8.0  -8.0  3
2787  0.0  0.0  4
2788  0.0  0.0  4
2789  8.0  -8.0  4
2790  -2.0  2.0  4
2791  0.0  0.0  4
2792  0.0  0.0  4
2793  0.0  0.0  4
2794  0.0  0.0  4
2795  0.0  0.0  4
2796  8.0  -8.0  3
2797  0.0  0.0  4
2798  6.0  -6.0  4
2799  0.0  0.0  4
2800  0.0  0.0  4
2801  -2.0  2.0  4
2802  0.0  0.0  4
2803  -2.0  2.0  4
2804  8.0  -8.0  4
2805  0.0  0.0  4
2806  0.0  0.0  4
2807  8.0  -8.0  1
2808  0.0  0.0  4
2809  0.0  0.0  4
2810  0.0  0.0  4
2811  -2.0  2.0  4
2812  0.0  0.0  4
2813  8.0  -8.0  2
2814  8.0  -8.0  1
2815  -2.0  2.0  4
2816  0.0  0.0  4
2817  0.0  0.0  4
2818  0.0  0.0  4
2819  8.0  -8.0  1
2820  0.0  0.0  4
2821  8.0  -8.0  4
2822  8.0  -8.0  2
2823  8.0  -8.0  4
2824  0.0  0.0  4
2825  0.0  0.0  4
2826  -2.0  2.0  4
2827  -2.0  2.0  4
2828  8.0  -8.0  1
2829  0.0  0.0  4
2830  -2.0  2.0  4
2831  -2.0  2.0  4
2832  0.0  0.0  4
2833  0.0  0.0  4
2834  8.0  -8.0  1
2835  0.0  0.0  4
2836  8.0  -8.0  4
2837  -2.0  2.0  4
2838  8.0  -8.0  4
2839  0.0  0.0  4
2840  0.0  0.0  4
2841  8.0  -8.0  4
2842  0.0  0.0  4
2843  0.0  0.0  4
2844  -2.0  2.0  4
2845  0.0  0.0  4
2846  0.0  0.0  4
2847  8.0  -8.0  1
2848  8.0  -8.0  1
2849  0.0  0.0  4
2850  0.0  0.0  4
2851  0.0  0.0  4
2852  0.0  0.0  4
2853  -2.0  2.0  4
2854  -2.0  2.0  4
2855  -2.0  2.0  4
2856  8.0  -8.0  2
2857  8.0  -8.0  2
2858  8.0  -8.0  3
2859  0.0  0.0  4
2860  -2.0  2.0  4
2861  0.0  0.0  4
2862  0.0  0.0  4
2863  8.0  -8.0  4
2864  -2.0  2.0  4
2865  8.0  -8.0  4
2866  6.0  -6.0  4
2867  0.0  0.0  4
2868  0.0  0.0  4
2869  0.0  0.0  4
2870  0.0  0.0  4
2871  8.0  -8.0  4
2872  0.0  0.0  4
2873  0.0  0.0  4
2874  0.0  0.0  4
2875  6.0  -6.0  3
2876  0.0  0.0  4
2877  0.0  0.0  4
2878  0.0  0.0  4
2879  0.0  0.0  4
2880  0.0  0.0  4
2881  0.0  0.0  4
2882  0.0  0.0  4
2883  8.0  -8.0  1
2884  0.0  0.0  4
2885  0.0  0.0  4
2886  0.0  0.0  4
2887  0.0  0.0  4
2888  0.0  0.0  4
2889  8.0  -8.0  4
2890  0.0  0.0  4
2891  0.0  0.0  4
2892  8.0  -8.0  1
2893  0.0  0.0  4
2894  -2.0  2.0  4
2895  0.0  0.0  4
2896  -2.0  2.0  4
2897  0.0  0.0  4
2898  0.0  0.0  4
2899  0.0  0.0  4
2900  8.0  -8.0  1
2901  8.0  -8.0  2
2902  0.0  0.0  4
2903  0.0  0.0  4
2904  0.0  0.0  4
2905  8.0  -8.0  4
2906  0.0  0.0  4
2907  0.0  0.0  4
2908  0.0  0.0  4
2909  0.0  0.0  4
2910  0.0  0.0  4
2911  -2.0  2.0  4
2912  0.0  0.0  4
2913  -2.0  2.0  4
2914  0.0  0.0  4
2915  0.0  0.0  4
2916  0.0  0.0  4
2917  0.0  0.0  4
2918  0.0  0.0  4
2919  0.0  0.0  4
2920  -2.0  2.0  4
2921  0.0  0.0  4
2922  8.0  -8.0  1
2923  0.0  0.0  4
2924  0.0  0.0  4
2925  0.0  0.0  4
2926  0.0  0.0  4
2927  0.0  0.0  4
2928  -2.0  2.0  4
2929  0.0  0.0  4
2930  8.0  -8.0  1
2931  -2.0  2.0  4
2932  0.0  0.0  4
2933  0.0  0.0  4
2934  -2.0  2.0  4
2935  6.0  -6.0  3
2936  0.0  0.0  4
2937  0.0  0.0  4
2938  6.0  -6.0  4
2939  8.0  -8.0  1
2940  0.0  0.0  4
2941  0.0  0.0  4
2942  6.0  -6.0  4
2943  -4.0  4.0  4
2944  8.0  -8.0  4
2945  0.0  0.0  4
2946  8.0  -8.0  3
2947  -2.0  2.0  4
2948  0.0  0.0  4
2949  8.0  -8.0  4
2950  0.0  0.0  4
2951  0.0  0.0  4
2952  8.0  -8.0  2
2953  0.0  0.0  4
2954  0.0  0.0  4
2955  0.0  0.0  4
2956  0.0  0.0  4
2957  8.0  -8.0  4
2958  0.0  0.0  4
2959  0.0  0.0  4
2960  8.0  -8.0  4
2961  8.0  -8.0  1
2962  0.0  0.0  4
2963  0.0  0.0  4
2964  0.0  0.0  4
2965  8.0  -8.0  4
2966  8.0  -8.0  4
2967  0.0  0.0  4
2968  0.0  0.0  4
2969  -2.0  2.0  4
2970  0.0  0.0  4
2971  0.0  0.0  4
2972  0.0  0.0  4
2973  0.0  0.0  4
2974  0.0  0.0  4
2975  0.0  0.0  4
2976  -2.0  2.0  4
2977  0.0  0.0  4
2978  6.0  -6.0  3
2979  0.0  0.0  4
2980  0.0  0.0  4
2981  0.0  0.0  4
2982  -2.0  2.0  4
2983  8.0  -8.0  1
2984  0.0  0.0  4
2985  0.0  0.0  4
2986  0.0  0.0  4
2987  8.0  -8.0  1
2988  0.0  0.0  4
2989  8.0  -8.0  1
2990  -2.0  2.0  4
2991  0.0  0.0  4
2992  0.0  0.0  4
2993  8.0  -8.0  3
2994  8.0  -8.0  4
2995  0.0  0.0  4
2996  8.0  -8.0  4
2997  0.0  0.0  4
2998  0.0  0.0  4
2999  8.0  -8.0  4
3000  0.0  0.0  4
3001  8.0  -8.0  1
3002  0.0  0.0  4
3003  8.0  -8.0  4
3004  6.0  -6.0  1
3005  0.0  0.0  4
3006  0.0  0.0  4
3007  0.0  0.0  4
3008  8.0  -8.0  4
3009  0.0  0.0  4
3010  0.0  0.0  4
3011  0.0  0.0  4
3012  0.0  0.0  4
3013  0.0  0.0  4
3014  0.0  0.0  4
3015  8.0  -8.0  4
3016  0.0  0.0  4
3017  8.0  -8.0  2
3018  0.0  0.0  4
3019  8.0  -8.0  1
3020  0.0  0.0  4
3021  -2.0  2.0  4
3022  -2.0  2.0  4
3023  0.0  0.0  4
3024  0.0  0.0  4
3025  0.0  0.0  4
3026  -2.0  2.0  4
3027  0.0  0.0  4
3028  8.0  -8.0  1
3029  0.0  0.0  4
3030  0.0  0.0  4
3031  8.0  -8.0  4
3032  0.0  0.0  4
3033  0.0  0.0  4
3034  -4.0  4.0  4
3035  0.0  0.0  4
3036  0.0  0.0  4
3037  0.0  0.0  4
3038  0.0  0.0  4
3039  0.0  0.0  4
3040  8.0  -8.0  4
3041  0.0  0.0  4
3042  0.0  0.0  4
3043  0.0  0.0  4
3044  -2.0  2.0  4
3045  8.0  -8.0  4
3046  0.0  0.0  4
3047  8.0  -8.0  4
3048  0.0  0.0  4
3049  8.0  -8.0  3
3050  0.0  0.0  4
3051  0.0  0.0  4
3052  0.0  0.0  4
3053  0.0  0.0  4
3054  -2.0  2.0  4
3055  0.0  0.0  4
3056  0.0  0.0  4
3057  8.0  -8.0  4
3058  0.0  0.0  4
3059  0.0  0.0  4
3060  0.0  0.0  4
3061  0.0  0.0  4
3062  0.0  0.0  4
3063  0.0  0.0  4
3064  0.0  0.0  4
3065  8.0  -8.0  4
3066  0.0  0.0  4
3067  0.0  0.0  4
3068  0.0  0.0  4
3069  8.0  -8.0  1
3070  0.0  0.0  4
3071  8.0  -8.0  1
3072  8.0  -8.0  4
3073  0.0  0.0  4
3074  0.0  0.0  4
3075  6.0  -6.0  4
3076  0.0  0.0  4
3077  0.0  0.0  4
3078  -2.0  2.0  4
3079  8.0  -8.0  4
3080  0.0  0.0  4
3081  -2.0  2.0  4
3082  0.0  0.0  4
3083  8.0  -8.0  1
3084  8.0  -8.0  1
3085  8.0  -8.0  4
3086  0.0  0.0  4
3087  0.0  0.0  4
3088  0.0  0.0  4
3089  0.0  0.0  4
3090  0.0  0.0  4
3091  0.0  0.0  4
3092  0.0  0.0  4
3093  8.0  -8.0  1
3094  6.0  -6.0  4
3095  -2.0  2.0  4
3096  0.0  0.0  4
3097  -2.0  2.0  4
3098  -2.0  2.0  4
3099  0.0  0.0  4
3100  0.0  0.0  4
3101  0.0  0.0  4
3102  0.0  0.0  4
3103  8.0  -8.0  4
3104  0.0  0.0  4
3105  0.0  0.0  4
3106  0.0  0.0  4
3107  0.0  0.0  4
3108  8.0  -8.0  1
3109  0.0  0.0  4
3110  0.0  0.0  4
3111  8.0  -8.0  1
3112  0.0  0.0  4
3113  8.0  -8.0  1
3114  8.0  -8.0  4
3115  0.0  0.0  4
3116  0.0  0.0  4
3117  0.0  0.0  4
3118  -2.0  2.0  4
3119  -2.0  2.0  4
3120  0.0  0.0  4
3121  -2.0  2.0  4
3122  0.0  0.0  4
3123  0.0  0.0  4
3124  0.0  0.0  4
3125  0.0  0.0  4
3126  8.0  -8.0  4
3127  8.0  -8.0  4
3128  0.0  0.0  4
3129  0.0  0.0  4
3130  0.0  0.0  4
3131  0.0  0.0  4
3132  0.0  0.0  4
3133  0.0  0.0  4
3134  -2.0  2.0  4
3135  -2.0  2.0  4
3136  -4.0  4.0  4
3137  0.0  0.0  4
3138  8.0  -8.0  1
3139  8.0  -8.0  1
3140  8.0  -8.0  2
3141  0.0  0.0  4
3142  8.0  -8.0  4
3143  8.0  -8.0  1
3144  6.0  -6.0  4
3145  0.0  0.0  4
3146  8.0  -8.0  2
3147  0.0  0.0  4
3148  0.0  0.0  4
3149  0.0  0.0  4
3150  8.0  -8.0  1
3151  0.0  0.0  4
3152  8.0  -8.0  3
3153  8.0  -8.0  1
3154  8.0  -8.0  4
3155  6.0  -6.0  4
3156  6.0  -6.0  2
3157  0.0  0.0  4
3158  0.0  0.0  4
3159  8.0  -8.0  4
3160  0.0  0.0  4
3161  8.0  -8.0  4
3162  0.0  0.0  4
3163  0.0  0.0  4
3164  0.0  0.0  4
3165  -2.0  2.0  4
3166  8.0  -8.0  1
3167  0.0  0.0  4
3168  0.0  0.0  4
3169  0.0  0.0  4
3170  8.0  -8.0  4
3171  8.0  -8.0  2
3172  0.0  0.0  4
3173  0.0  0.0  4
3174  0.0  0.0  4
3175  0.0  0.0  4
3176  0.0  0.0  4
3177  8.0  -8.0  1
3178  0.0  0.0  4
3179  0.0  0.0  4
3180  6.0  -6.0  3
3181  -2.0  2.0  4
3182  0.0  0.0  4
3183  -4.0  4.0  4
3184  0.0  0.0  4
3185  0.0  0.0  4
3186  8.0  -8.0  4
3187  0.0  0.0  4
3188  0.0  0.0  4
3189  8.0  -8.0  4
3190  0.0  0.0  4
3191  0.0  0.0  4
3192  0.0  0.0  4
3193  8.0  -8.0  4
3194  0.0  0.0  4
3195  0.0  0.0  4
3196  8.0  -8.0  1
3197  0.0  0.0  4
3198  8.0  -8.0  4
3199  0.0  0.0  4
3200  8.0  -8.0  3
3201  0.0  0.0  4
3202  0.0  0.0  4
3203  0.0  0.0  4
3204  0.0  0.0  4
3205  0.0  0.0  4
3206  6.0  -6.0  3
3207  0.0  0.0  4
3208  0.0  0.0  4
3209  -2.0  2.0  4
3210  8.0  -8.0  4
3211  -2.0  2.0  4
3212  8.0  -8.0  1
3213  0.0  0.0  4
3214  8.0  -8.0  1
3215  0.0  0.0  4
3216  0.0  0.0  4
3217  8.0  -8.0  4
3218  0.0  0.0  4
3219  0.0  0.0  4
3220  0.0  0.0  4
3221  8.0  -8.0  4
3222  -2.0  2.0  4
3223  0.0  0.0  4
3224  0.0  0.0  4
3225  8.0  -8.0  4
3226  0.0  0.0  4
3227  0.0  0.0  4
3228  8.0  -8.0  1
3229  -2.0  2.0  4
3230  8.0  -8.0  4
3231  0.0  0.0  4
3232  0.0  0.0  4
3233  0.0  0.0  4
3234  0.0  0.0  4
3235  4.0  -4.0  4
3236  0.0  0.0  4
3237  8.0  -8.0  1
3238  0.0  0.0  4
3239  -2.0  2.0  4
3240  0.0  0.0  4
3241  8.0  -8.0  3
3242  -2.0  2.0  4
3243  -2.0  2.0  4
3244  0.0  0.0  4
3245  -2.0  2.0  4
3246  0.0  0.0  4
3247  0.0  0.0  4
3248  0.0  0.0  4
3249  0.0  0.0  4
3250  0.0  0.0  4
3251  0.0  0.0  4
3252  0.0  0.0  4
3253  0.0  0.0  4
3254  0.0  0.0  4
3255  0.0  0.0  4
3256  8.0  -8.0  4
3257  0.0  0.0  4
3258  0.0  0.0  4
3259  -2.0  2.0  4
3260  8.0  -8.0  2
3261  8.0  -8.0  4
3262  8.0  -8.0  1
3263  -2.0  2.0  4
3264  0.0  0.0  4
3265  0.0  0.0  4
3266  0.0  0.0  4
3267  0.0  0.0  4
3268  -2.0  2.0  4
3269  0.0  0.0  4
3270  0.0  0.0  4
3271  0.0  0.0  4
3272  8.0  -8.0  4
3273  0.0  0.0  4
3274  8.0  -8.0  1
3275  0.0  0.0  4
3276  -2.0  2.0  4
3277  8.0  -8.0  1
3278  0.0  0.0  4
3279  0.0  0.0  4
3280  0.0  0.0  4
3281  0.0  0.0  4
3282  -2.0  2.0  4
3283  8.0  -8.0  3
3284  8.0  -8.0  1
3285  -2.0  2.0  4
3286  0.0  0.0  4
3287  8.0  -8.0  1
3288  -2.0  2.0  4
3289  0.0  0.0  4
3290  0.0  0.0  4
3291  -2.0  2.0  4
3292  0.0  0.0  4
3293  0.0  0.0  4
3294  -2.0  2.0  4
3295  0.0  0.0  4
3296  0.0  0.0  4
3297  8.0  -8.0  1
3298  0.0  0.0  4
3299  0.0  0.0  4
3300  0.0  0.0  4
3301  8.0  -8.0  1
3302  0.0  0.0  4
3303  0.0  0.0  4
3304  0.0  0.0  4
3305  0.0  0.0  4
3306  0.0  0.0  4
3307  0.0  0.0  4
3308  -2.0  2.0  4
3309  0.0  0.0  4
3310  0.0  0.0  4
3311  0.0  0.0  4
3312  8.0  -8.0  1
3313  -2.0  2.0  4
3314  0.0  0.0  4
3315  -2.0  2.0  4
3316  6.0  -6.0  4
3317  0.0  0.0  4
3318  0.0  0.0  4
3319  8.0  -8.0  3
3320  8.0  -8.0  2
3321  0.0  0.0  4
3322  0.0  0.0  4
3323  0.0  0.0  4
3324  0.0  0.0  4
3325  0.0  0.0  4
3326  8.0  -8.0  1
3327  0.0  0.0  4
3328  8.0  -8.0  4
3329  8.0  -8.0  4
3330  0.0  0.0  4
3331  0.0  0.0  4
3332  0.0  0.0  4
3333  8.0  -8.0  4
3334  8.0  -8.0  4
3335  0.0  0.0  4
3336  0.0  0.0  4
3337  0.0  0.0  4
3338  0.0  0.0  4
3339  0.0  0.0  4
3340  0.0  0.0  4
3341  -2.0  2.0  4
3342  8.0  -8.0  1
3343  0.0  0.0  4
3344  -2.0  2.0  4
3345  0.0  0.0  4
3346  -2.0  2.0  4
3347  0.0  0.0  4
3348  -2.0  2.0  4
3349  8.0  -8.0  2
3350  0.0  0.0  4
3351  8.0  -8.0  4
3352  0.0  0.0  4
3353  8.0  -8.0  4
3354  8.0  -8.0  4
3355  0.0  0.0  4
3356  8.0  -8.0  4
3357  0.0  0.0  4
3358  0.0  0.0  4
3359  0.0  0.0  4
3360  0.0  0.0  4
3361  8.0  -8.0  1
3362  6.0  -6.0  4
3363  0.0  0.0  4
3364  0.0  0.0  4
3365  8.0  -8.0  4
3366  0.0  0.0  4
3367  0.0  0.0  4
3368  8.0  -8.0  1
3369  0.0  0.0  4
3370  0.0  0.0  4
3371  0.0  0.0  4
3372  8.0  -8.0  1
3373  -2.0  2.0  4
3374  0.0  0.0  4
3375  8.0  -8.0  4
3376  0.0  0.0  4
3377  0.0  0.0  4
3378  8.0  -8.0  4
3379  8.0  -8.0  1
3380  8.0  -8.0  4
3381  8.0  -8.0  4
3382  0.0  0.0  4
3383  0.0  0.0  4
3384  6.0  -6.0  4
3385  8.0  -8.0  4
3386  8.0  -8.0  4
3387  -2.0  2.0  4
3388  8.0  -8.0  4
3389  8.0  -8.0  2
3390  0.0  0.0  4
3391  0.0  0.0  4
3392  8.0  -8.0  4
3393  -2.0  2.0  4
3394  8.0  -8.0  4
3395  6.0  -6.0  4
3396  -4.0  4.0  4
3397  0.0  0.0  4
3398  0.0  0.0  4
3399  0.0  0.0  4
3400  0.0  0.0  4
3401  0.0  0.0  4
3402  8.0  -8.0  1
3403  0.0  0.0  4
3404  0.0  0.0  4
3405  0.0  0.0  4
3406  0.0  0.0  4
3407  0.0  0.0  4
3408  0.0  0.0  4
3409  8.0  -8.0  4
3410  0.0  0.0  4
3411  0.0  0.0  4
3412  -2.0  2.0  4
3413  0.0  0.0  4
3414  0.0  0.0  4
3415  8.0  -8.0  2
3416  8.0  -8.0  4
3417  -2.0  2.0  4
3418  0.0  0.0  4
3419  0.0  0.0  4
3420  0.0  0.0  4
3421  8.0  -8.0  2
3422  0.0  0.0  4
3423  0.0  0.0  4
3424  0.0  0.0  4
3425  0.0  0.0  4
3426  -2.0  2.0  4
3427  0.0  0.0  4
3428  -2.0  2.0  4
3429  0.0  0.0  4
3430  8.0  -8.0  4
3431  0.0  0.0  4
3432  8.0  -8.0  1
3433  0.0  0.0  4
3434  8.0  -8.0  1
3435  0.0  0.0  4
3436  0.0  0.0  4
3437  8.0  -8.0  2
3438  0.0  0.0  4
3439  8.0  -8.0  1
3440  -2.0  2.0  4
3441  8.0  -8.0  4
3442  8.0  -8.0  1
3443  0.0  0.0  4
3444  0.0  0.0  4
3445  8.0  -8.0  3
3446  0.0  0.0  4
3447  0.0  0.0  4
3448  0.0  0.0  4
3449  0.0  0.0  4
3450  0.0  0.0  4
3451  0.0  0.0  4
3452  0.0  0.0  4
3453  8.0  -8.0  4
3454  0.0  0.0  4
3455  0.0  0.0  4
3456  8.0  -8.0  4
3457  -2.0  2.0  4
3458  0.0  0.0  4
3459  0.0  0.0  4
3460  0.0  0.0  4
3461  8.0  -8.0  4
3462  0.0  0.0  4
3463  0.0  0.0  4
3464  -2.0  2.0  4
3465  -2.0  2.0  4
3466  8.0  -8.0  1
3467  6.0  -6.0  3
3468  0.0  0.0  4
3469  8.0  -8.0  1
3470  0.0  0.0  4
3471  0.0  0.0  4
3472  0.0  0.0  4
3473  0.0  0.0  4
3474  8.0  -8.0  4
3475  0.0  0.0  4
3476  8.0  -8.0  4
3477  0.0  0.0  4
3478  8.0  -8.0  4
3479  -2.0  2.0  4
3480  8.0  -8.0  1
3481  8.0  -8.0  1
3482  0.0  0.0  4
3483  0.0  0.0  4
3484  0.0  0.0  4
3485  8.0  -8.0  4
3486  8.0  -8.0  1
3487  -4.0  4.0  4
3488  8.0  -8.0  4
3489  0.0  0.0  4
3490  0.0  0.0  4
3491  0.0  0.0  4
3492  -2.0  2.0  4
3493  0.0  0.0  4
3494  8.0  -8.0  1
3495  0.0  0.0  4
3496  0.0  0.0  4
3497  0.0  0.0  4
3498  0.0  0.0  4
3499  8.0  -8.0  1
3500  0.0  0.0  4
3501  0.0  0.0  4
3502  0.0  0.0  4
3503  0.0  0.0  4
3504  0.0  0.0  4
3505  0.0  0.0  4
3506  0.0  0.0  4
3507  0.0  0.0  4
3508  0.0  0.0  4
3509  -4.0  4.0  4
3510  0.0  0.0  4
3511  8.0  -8.0  4
3512  -2.0  2.0  4
3513  8.0  -8.0  4
3514  8.0  -8.0  4
3515  8.0  -8.0  4
3516  0.0  0.0  4
3517  0.0  0.0  4
3518  8.0  -8.0  4
3519  0.0  0.0  4
3520  0.0  0.0  4
3521  0.0  0.0  4
3522  0.0  0.0  4
3523  0.0  0.0  4
3524  0.0  0.0  4
3525  8.0  -8.0  4
3526  0.0  0.0  4
3527  8.0  -8.0  1
3528  8.0  -8.0  4
3529  0.0  0.0  4
3530  8.0  -8.0  4
3531  0.0  0.0  4
3532  0.0  0.0  4
3533  0.0  0.0  4
3534  8.0  -8.0  4
3535  8.0  -8.0  4
3536  8.0  -8.0  2
3537  0.0  0.0  4
3538  0.0  0.0  4
3539  0.0  0.0  4
3540  0.0  0.0  4
3541  8.0  -8.0  1
3542  0.0  0.0  4
3543  8.0  -8.0  1
3544  8.0  -8.0  1
3545  8.0  -8.0  4
3546  0.0  0.0  4
3547  0.0  0.0  4
3548  0.0  0.0  4
3549  0.0  0.0  4
3550  6.0  -6.0  2
3551  -2.0  2.0  4
3552  -2.0  2.0  4
3553  0.0  0.0  4
3554  0.0  0.0  4
3555  0.0  0.0  4
3556  0.0  0.0  4
3557  0.0  0.0  4
3558  -2.0  2.0  4
3559  8.0  -8.0  4
3560  -4.0  4.0  4
3561  0.0  0.0  4
3562  0.0  0.0  4
3563  8.0  -8.0  1
3564  8.0  -8.0  4
3565  -2.0  2.0  4
3566  0.0  0.0  4
3567  8.0  -8.0  3
3568  6.0  -6.0  4
3569  8.0  -8.0  1
3570  -2.0  2.0  4
3571  8.0  -8.0  4
3572  0.0  0.0  4
3573  0.0  0.0  4
3574  -2.0  2.0  4
3575  0.0  0.0  4
3576  8.0  -8.0  4
3577  -2.0  2.0  4
3578  0.0  0.0  4
3579  0.0  0.0  4
3580  8.0  -8.0  4
3581  0.0  0.0  4
3582  0.0  0.0  4
3583  0.0  0.0  4
3584  8.0  -8.0  4
3585  0.0  0.0  4
3586  0.0  0.0  4
3587  0.0  0.0  4
3588  0.0  0.0  4
3589  0.0  0.0  4
3590  -2.0  2.0  4
3591  0.0  0.0  4
3592  8.0  -8.0  1
3593  8.0  -8.0  4
3594  0.0  0.0  4
3595  6.0  -6.0  1
3596  6.0  -6.0  4
3597  0.0  0.0  4
3598  0.0  0.0  4
3599  8.0  -8.0  4
3600  8.0  -8.0  4
3601  0.0  0.0  4
3602  -2.0  2.0  4
3603  0.0  0.0  4
3604  0.0  0.0  4
3605  0.0  0.0  4
3606  -2.0  2.0  4
3607  0.0  0.0  4
3608  0.0  0.0  4
3609  0.0  0.0  4
3610  8.0  -8.0  1
3611  8.0  -8.0  4
3612  0.0  0.0  4
3613  8.0  -8.0  4
3614  0.0  0.0  4
3615  -2.0  2.0  4
3616  8.0  -8.0  4
3617  0.0  0.0  4
3618  0.0  0.0  4
3619  0.0  0.0  4
3620  0.0  0.0  4
3621  8.0  -8.0  4
3622  8.0  -8.0  2
3623  0.0  0.0  4
3624  -2.0  2.0  4
3625  0.0  0.0  4
3626  0.0  0.0  4
3627  8.0  -8.0  4
3628  -4.0  4.0  4
3629  0.0  0.0  4
3630  0.0  0.0  4
3631  0.0  0.0  4
3632  0.0  0.0  4
3633  0.0  0.0  4
3634  8.0  -8.0  1
3635  0.0  0.0  4
3636  -2.0  2.0  4
3637  0.0  0.0  4
3638  -2.0  2.0  4
3639  8.0  -8.0  1
3640  0.0  0.0  4
3641  -2.0  2.0  4
3642  0.0  0.0  4
3643  0.0  0.0  4
3644  -2.0  2.0  4
3645  8.0  -8.0  4
3646  0.0  0.0  4
3647  8.0  -8.0  4
3648  0.0  0.0  4
3649  8.0  -8.0  2
3650  8.0  -8.0  4
3651  8.0  -8.0  4
3652  8.0  -8.0  4
3653  0.0  0.0  4
3654  0.0  0.0  4
3655  0.0  0.0  4
3656  8.0  -8.0  4
3657  0.0  0.0  4
3658  -2.0  2.0  4
3659  -2.0  2.0  4
3660  0.0  0.0  4
3661  0.0  0.0  4
3662  8.0  -8.0  1
3663  0.0  0.0  4
3664  0.0  0.0  4
3665  0.0  0.0  4
3666  0.0  0.0  4
3667  -2.0  2.0  4
3668  0.0  0.0  4
3669  0.0  0.0  4
3670  0.0  0.0  4
3671  8.0  -8.0  4
3672  0.0  0.0  4
3673  0.0  0.0  4
3674  8.0  -8.0  2
3675  0.0  0.0  4
3676  0.0  0.0  4
3677  0.0  0.0  4
3678  0.0  0.0  4
3679  0.0  0.0  4
3680  0.0  0.0  4
3681  0.0  0.0  4
3682  0.0  0.0  4
3683  0.0  0.0  4
3684  8.0  -8.0  4
3685  0.0  0.0  4
3686  8.0  -8.0  4
3687  0.0  0.0  4
3688  6.0  -6.0  1
3689  0.0  0.0  4
3690  -2.0  2.0  4
3691  -2.0  2.0  4
3692  0.0  0.0  4
3693  0.0  0.0  4
3694  0.0  0.0  4
3695  8.0  -8.0  1
3696  -2.0  2.0  4
3697  0.0  0.0  4
3698  0.0  0.0  4
3699  -2.0  2.0  4
3700  0.0  0.0  4
3701  -2.0  2.0  4
3702  0.0  0.0  4
3703  0.0  0.0  4
3704  0.0  0.0  4
3705  0.0  0.0  4
3706  0.0  0.0  4
3707  8.0  -8.0  1
3708  0.0  0.0  4
3709  0.0  0.0  4
3710  0.0  0.0  4
3711  0.0  0.0  4
3712  0.0  0.0  4
3713  -2.0  2.0  4
3714  8.0  -8.0  1
3715  0.0  0.0  4
3716  0.0  0.0  4
3717  8.0  -8.0  4
3718  0.0  0.0  4
3719  8.0  -8.0  4
3720  0.0  0.0  4
3721  8.0  -8.0  1
3722  0.0  0.0  4
3723  0.0  0.0  4
3724  8.0  -8.0  4
3725  0.0  0.0  4
3726  0.0  0.0  4
3727  0.0  0.0  4
3728  -2.0  2.0  4
3729  0.0  0.0  4
3730  6.0  -6.0  4
3731  6.0  -6.0  4
3732  -2.0  2.0  4
3733  8.0  -8.0  4
3734  0.0  0.0  4
3735  0.0  0.0  4
3736  0.0  0.0  4
3737  0.0  0.0  4
3738  0.0  0.0  4
3739  0.0  0.0  4
3740  0.0  0.0  4
3741  8.0  -8.0  2
3742  0.0  0.0  4
3743  0.0  0.0  4
3744  0.0  0.0  4
3745  -2.0  2.0  4
3746  8.0  -8.0  4
3747  8.0  -8.0  4
3748  6.0  -6.0  1
3749  0.0  0.0  4
3750  0.0  0.0  4
3751  8.0  -8.0  4
3752  0.0  0.0  4
3753  8.0  -8.0  4
3754  0.0  0.0  4
3755  8.0  -8.0  4
3756  0.0  0.0  4
3757  8.0  -8.0  4
3758  8.0  -8.0  1
3759  0.0  0.0  4
3760  0.0  0.0  4
3761  0.0  0.0  4
3762  0.0  0.0  4
3763  0.0  0.0  4
3764  0.0  0.0  4
3765  -2.0  2.0  4
3766  0.0  0.0  4
3767  0.0  0.0  4
3768  8.0  -8.0  4
3769  0.0  0.0  4
3770  8.0  -8.0  4
3771  -2.0  2.0  4
3772  8.0  -8.0  4
3773  0.0  0.0  4
3774  0.0  0.0  4
3775  0.0  0.0  4
3776  0.0  0.0  4
3777  8.0  -8.0  4
3778  0.0  0.0  4
3779  0.0  0.0  4
3780  0.0  0.0  4
3781  8.0  -8.0  3
3782  8.0  -8.0  4
3783  0.0  0.0  4
3784  0.0  0.0  4
3785  0.0  0.0  4
3786  0.0  0.0  4
3787  0.0  0.0  4
3788  0.0  0.0  4
3789  0.0  0.0  4
3790  8.0  -8.0  2
3791  0.0  0.0  4
3792  0.0  0.0  4
3793  0.0  0.0  4
3794  0.0  0.0  4
3795  -2.0  2.0  4
3796  0.0  0.0  4
3797  0.0  0.0  4
3798  0.0  0.0  4
3799  0.0  0.0  4
3800  0.0  0.0  4
3801  8.0  -8.0  1
3802  8.0  -8.0  2
3803  0.0  0.0  4
3804  8.0  -8.0  4
3805  0.0  0.0  4
3806  0.0  0.0  4
3807  0.0  0.0  4
3808  8.0  -8.0  2
3809  -2.0  2.0  4
3810  0.0  0.0  4
3811  -2.0  2.0  4
3812  0.0  0.0  4
3813  8.0  -8.0  4
3814  0.0  0.0  4
3815  8.0  -8.0  1
3816  0.0  0.0  4
3817  0.0  0.0  4
3818  0.0  0.0  4
3819  8.0  -8.0  4
3820  8.0  -8.0  1
3821  0.0  0.0  4
3822  0.0  0.0  4
3823  8.0  -8.0  4
3824  0.0  0.0  4
3825  0.0  0.0  4
3826  8.0  -8.0  1
3827  0.0  0.0  4
3828  0.0  0.0  4
3829  0.0  0.0  4
3830  8.0  -8.0  4
3831  0.0  0.0  4
3832  8.0  -8.0  3
3833  8.0  -8.0  1
3834  0.0  0.0  4
3835  0.0  0.0  4
3836  0.0  0.0  4
3837  0.0  0.0  4
3838  0.0  0.0  4
3839  0.0  0.0  4
3840  8.0  -8.0  1
3841  0.0  0.0  4
3842  0.0  0.0  4
3843  0.0  0.0  4
3844  0.0  0.0  4
3845  0.0  0.0  4
3846  0.0  0.0  4
3847  0.0  0.0  4
3848  8.0  -8.0  4
3849  8.0  -8.0  1
3850  0.0  0.0  4
3851  0.0  0.0  4
3852  0.0  0.0  4
3853  0.0  0.0  4
3854  8.0  -8.0  4
3855  0.0  0.0  4
3856  8.0  -8.0  4
3857  0.0  0.0  4
3858  8.0  -8.0  4
3859  0.0  0.0  4
3860  8.0  -8.0  4
3861  0.0  0.0  4
3862  0.0  0.0  4
3863  8.0  -8.0  4
3864  0.0  0.0  4
3865  -2.0  2.0  4
3866  8.0  -8.0  3
3867  -2.0  2.0  4
3868  0.0  0.0  4
3869  0.0  0.0  4
3870  0.0  0.0  4
3871  -2.0  2.0  4
3872  0.0  0.0  4
3873  0.0  0.0  4
3874  0.0  0.0  4
3875  0.0  0.0  4
3876  0.0  0.0  4
3877  -2.0  2.0  4
3878  -2.0  2.0  4
3879  -2.0  2.0  4
3880  -2.0  2.0  4
3881  0.0  0.0  4
3882  0.0  0.0  4
3883  -2.0  2.0  4
3884  0.0  0.0  4
3885  0.0  0.0  4
3886  -2.0  2.0  4
3887  -2.0  2.0  4
3888  0.0  0.0  4
3889  0.0  0.0  4
3890  0.0  0.0  4
3891  -2.0  2.0  4
3892  0.0  0.0  4
3893  -2.0  2.0  4
3894  0.0  0.0  4
3895  -2.0  2.0  4
3896  0.0  0.0  4
3897  8.0  -8.0  4
3898  -2.0  2.0  4
3899  0.0  0.0  4
3900  0.0  0.0  4
3901  0.0  0.0  4
3902  0.0  0.0  4
3903  8.0  -8.0  2
3904  -2.0  2.0  4
3905  0.0  0.0  4
3906  0.0  0.0  4
3907  8.0  -8.0  4
3908  8.0  -8.0  1
3909  0.0  0.0  4
3910  8.0  -8.0  1
3911  0.0  0.0  4
3912  -2.0  2.0  4
3913  0.0  0.0  4
3914  0.0  0.0  4
3915  0.0  0.0  4
3916  0.0  0.0  4
3917  0.0  0.0  4
3918  0.0  0.0  4
3919  8.0  -8.0  4
3920  6.0  -6.0  4
3921  0.0  0.0  4
3922  0.0  0.0  4
3923  0.0  0.0  4
3924  0.0  0.0  4
3925  8.0  -8.0  4
3926  0.0  0.0  4
3927  8.0  -8.0  1
3928  8.0  -8.0  1
3929  0.0  0.0  4
3930  0.0  0.0  4
3931  8.0  -8.0  4
3932  -2.0  2.0  4
3933  -2.0  2.0  4
3934  8.0  -8.0  4
3935  0.0  0.0  4
3936  0.0  0.0  4
3937  0.0  0.0  4
3938  -2.0  2.0  4
3939  0.0  0.0  4
3940  0.0  0.0  4
3941  -2.0  2.0  4
3942  8.0  -8.0  3
3943  0.0  0.0  4
3944  0.0  0.0  4
3945  0.0  0.0  4
3946  0.0  0.0  4
3947  0.0  0.0  4
3948  0.0  0.0  4
3949  -2.0  2.0  4
3950  0.0  0.0  4
3951  8.0  -8.0  3
3952  0.0  0.0  4
3953  0.0  0.0  4
3954  8.0  -8.0  4
3955  -2.0  2.0  4
3956  -2.0  2.0  4
3957  8.0  -8.0  1
3958  8.0  -8.0  1
3959  0.0  0.0  4
3960  0.0  0.0  4
3961  8.0  -8.0  1
3962  0.0  0.0  4
3963  8.0  -8.0  1
3964  0.0  0.0  4
3965  0.0  0.0  4
3966  0.0  0.0  4
3967  0.0  0.0  4
3968  0.0  0.0  4
3969  0.0  0.0  4
3970  0.0  0.0  4
3971  8.0  -8.0  4
3972  8.0  -8.0  1
3973  8.0  -8.0  1
3974  -2.0  2.0  4
3975  8.0  -8.0  4
3976  8.0  -8.0  4
3977  -2.0  2.0  4
3978  0.0  0.0  4
3979  0.0  0.0  4
3980  0.0  0.0  4
3981  0.0  0.0  4
3982  0.0  0.0  4
3983  8.0  -8.0  4
3984  0.0  0.0  4
3985  0.0  0.0  4
3986  0.0  0.0  4
3987  0.0  0.0  4
3988  0.0  0.0  4
3989  -2.0  2.0  4
3990  0.0  0.0  4
3991  0.0  0.0  4
3992  8.0  -8.0  4
3993  -2.0  2.0  4
3994  0.0  0.0  4
3995  0.0  0.0  4
3996  8.0  -8.0  1
3997  8.0  -8.0  1
3998  0.0  0.0  4
3999  0.0  0.0  4
4000  0.0  0.0  4
4001  0.0  0.0  4
4002  8.0  -8.0  4
4003  0.0  0.0  4
4004  0.0  0.0  4
4005  0.0  0.0  4
4006  0.0  0.0  4
4007  0.0  0.0  4
4008  0.0  0.0  4
4009  6.0  -6.0  1
4010  0.0  0.0  4
4011  0.0  0.0  4
4012  0.0  0.0  4
4013  0.0  0.0  4
4014  8.0  -8.0  2
4015  -2.0  2.0  4
4016  8.0  -8.0  4
4017  8.0  -8.0  4
4018  0.0  0.0  4
4019  -2.0  2.0  4
4020  0.0  0.0  4
4021  0.0  0.0  4
4022  8.0  -8.0  4
4023  0.0  0.0  4
4024  0.0  0.0  4
4025  0.0  0.0  4
4026  0.0  0.0  4
4027  8.0  -8.0  4
4028  -2.0  2.0  4
4029  0.0  0.0  4
4030  0.0  0.0  4
4031  8.0  -8.0  4
4032  0.0  0.0  4
4033  0.0  0.0  4
4034  -2.0  2.0  4
4035  -2.0  2.0  4
4036  8.0  -8.0  1
4037  0.0  0.0  4
4038  0.0  0.0  4
4039  8.0  -8.0  4
4040  8.0  -8.0  4
4041  0.0  0.0  4
4042  8.0  -8.0  1
4043  -2.0  2.0  4
4044  0.0  0.0  4
4045  0.0  0.0  4
4046  -2.0  2.0  4
4047  8.0  -8.0  4
4048  -2.0  2.0  4
4049  -2.0  2.0  4
4050  8.0  -8.0  1
4051  8.0  -8.0  4
4052  0.0  0.0  4
4053  0.0  0.0  4
4054  0.0  0.0  4
4055  -2.0  2.0  4
4056  8.0  -8.0  2
4057  8.0  -8.0  4
4058  8.0  -8.0  1
4059  0.0  0.0  4
4060  0.0  0.0  4
4061  0.0  0.0  4
4062  8.0  -8.0  2
4063  0.0  0.0  4
4064  0.0  0.0  4
4065  0.0  0.0  4
4066  -2.0  2.0  4
4067  0.0  0.0  4
4068  0.0  0.0  4
4069  8.0  -8.0  1
4070  0.0  0.0  4
4071  0.0  0.0  4
4072  0.0  0.0  4
4073  -2.0  2.0  4
4074  8.0  -8.0  4
4075  0.0  0.0  4
4076  6.0  -6.0  2
4077  0.0  0.0  4
4078  -4.0  4.0  4
4079  8.0  -8.0  1
4080  0.0  0.0  4
4081  0.0  0.0  4
4082  -2.0  2.0  4
4083  0.0  0.0  4
4084  -2.0  2.0  4
4085  8.0  -8.0  1
4086  -2.0  2.0  4
4087  8.0  -8.0  2
4088  0.0  0.0  4
4089  8.0  -8.0  1
4090  0.0  0.0  4
4091  8.0  -8.0  4
4092  0.0  0.0  4
4093  -2.0  2.0  4
4094  0.0  0.0  4
4095  0.0  0.0  4
4096  0.0  0.0  4
4097  0.0  0.0  4
4098  0.0  0.0  4
4099  0.0  0.0  4
4100  0.0  0.0  4
4101  8.0  -8.0  1
4102  8.0  -8.0  1
4103  8.0  -8.0  4
4104  0.0  0.0  4
4105  0.0  0.0  4
4106  -2.0  2.0  4
4107  0.0  0.0  4
4108  0.0  0.0  4
4109  0.0  0.0  4
4110  6.0  -6.0  2
4111  8.0  -8.0  4
4112  0.0  0.0  4
4113  0.0  0.0  4
4114  8.0  -8.0  4
4115  0.0  0.0  4
4116  0.0  0.0  4
4117  8.0  -8.0  4
4118  0.0  0.0  4
4119  8.0  -8.0  4
4120  0.0  0.0  4
4121  0.0  0.0  4
4122  -2.0  2.0  4
4123  0.0  0.0  4
4124  0.0  0.0  4
4125  8.0  -8.0  4
4126  0.0  0.0  4
4127  0.0  0.0  4
4128  8.0  -8.0  4
4129  0.0  0.0  4
4130  -2.0  2.0  4
4131  8.0  -8.0  3
4132  8.0  -8.0  4
4133  8.0  -8.0  1
4134  8.0  -8.0  4
4135  0.0  0.0  4
4136  0.0  0.0  4
4137  0.0  0.0  4
4138  0.0  0.0  4
4139  0.0  0.0  4
4140  -2.0  2.0  4
4141  8.0  -8.0  3
4142  -2.0  2.0  4
4143  6.0  -6.0  3
4144  0.0  0.0  4
4145  8.0  -8.0  4
4146  0.0  0.0  4
4147  8.0  -8.0  4
4148  0.0  0.0  4
4149  0.0  0.0  4
4150  6.0  -6.0  4
4151  0.0  0.0  4
4152  0.0  0.0  4
4153  -2.0  2.0  4
4154  0.0  0.0  4
4155  8.0  -8.0  4
4156  0.0  0.0  4
4157  -2.0  2.0  4
4158  0.0  0.0  4
4159  8.0  -8.0  4
4160  0.0  0.0  4
4161  -2.0  2.0  4
4162  -2.0  2.0  4
4163  0.0  0.0  4
4164  0.0  0.0  4
4165  8.0  -8.0  1
4166  -2.0  2.0  4
4167  8.0  -8.0  4
4168  -2.0  2.0  4
4169  0.0  0.0  4
4170  -2.0  2.0  4
4171  0.0  0.0  4
4172  8.0  -8.0  4
4173  0.0  0.0  4
4174  0.0  0.0  4
4175  8.0  -8.0  4
4176  0.0  0.0  4
4177  0.0  0.0  4
4178  -2.0  2.0  4
4179  0.0  0.0  4
4180  0.0  0.0  4
4181  0.0  0.0  4
4182  8.0  -8.0  4
4183  -2.0  2.0  4
4184  -2.0  2.0  4
4185  8.0  -8.0  4
4186  8.0  -8.0  4
4187  0.0  0.0  4
4188  0.0  0.0  4
4189  0.0  0.0  4
4190  0.0  0.0  4
4191  8.0  -8.0  1
4192  0.0  0.0  4
4193  0.0  0.0  4
4194  0.0  0.0  4
4195  0.0  0.0  4
4196  -2.0  2.0  4
4197  8.0  -8.0  4
4198  8.0  -8.0  4
4199  8.0  -8.0  4
4200  8.0  -8.0  2
4201  0.0  0.0  4
4202  0.0  0.0  4
4203  0.0  0.0  4
4204  0.0  0.0  4
4205  8.0  -8.0  1
4206  0.0  0.0  4
4207  0.0  0.0  4
4208  0.0  0.0  4
4209  0.0  0.0  4
4210  0.0  0.0  4
4211  0.0  0.0  4
4212  8.0  -8.0  1
4213  0.0  0.0  4
4214  8.0  -8.0  4
4215  0.0  0.0  4
4216  8.0  -8.0  4
4217  0.0  0.0  4
4218  8.0  -8.0  2
4219  8.0  -8.0  4
4220  0.0  0.0  4
4221  8.0  -8.0  2
4222  8.0  -8.0  4
4223  8.0  -8.0  4
4224  -2.0  2.0  4
4225  0.0  0.0  4
4226  -2.0  2.0  4
4227  -2.0  2.0  4
4228  8.0  -8.0  3
4229  0.0  0.0  4
4230  0.0  0.0  4
4231  8.0  -8.0  4
4232  -2.0  2.0  4
4233  0.0  0.0  4
4234  8.0  -8.0  4
4235  0.0  0.0  4
4236  8.0  -8.0  4
4237  0.0  0.0  4
4238  6.0  -6.0  4
4239  0.0  0.0  4
4240  0.0  0.0  4
4241  0.0  0.0  4
4242  0.0  0.0  4
4243  -2.0  2.0  4
4244  0.0  0.0  4
4245  0.0  0.0  4
4246  6.0  -6.0  1
4247  8.0  -8.0  2
4248  0.0  0.0  4
4249  8.0  -8.0  1
4250  -2.0  2.0  4
4251  8.0  -8.0  4
4252  -4.0  4.0  4
4253  8.0  -8.0  4
4254  0.0  0.0  4
4255  0.0  0.0  4
4256  -2.0  2.0  4
4257  0.0  0.0  4
4258  0.0  0.0  4
4259  0.0  0.0  4
4260  -2.0  2.0  4
4261  0.0  0.0  4
4262  0.0  0.0  4
4263  -2.0  2.0  4
4264  0.0  0.0  4
4265  8.0  -8.0  4
4266  -2.0  2.0  4
4267  0.0  0.0  4
4268  0.0  0.0  4
4269  8.0  -8.0  1
4270  8.0  -8.0  4
4271  8.0  -8.0  2
4272  0.0  0.0  4
4273  0.0  0.0  4
4274  0.0  0.0  4
4275  -2.0  2.0  4
4276  0.0  0.0  4
4277  0.0  0.0  4
4278  0.0  0.0  4
4279  0.0  0.0  4
4280  0.0  0.0  4
4281  0.0  0.0  4
4282  -2.0  2.0  4
4283  0.0  0.0  4
4284  8.0  -8.0  4
4285  0.0  0.0  4
4286  0.0  0.0  4
4287  8.0  -8.0  1
4288  0.0  0.0  4
4289  0.0  0.0  4
4290  0.0  0.0  4
4291  8.0  -8.0  4
4292  0.0  0.0  4
4293  0.0  0.0  4
4294  0.0  0.0  4
4295  8.0  -8.0  2
4296  -4.0  4.0  4
4297  0.0  0.0  4
4298  0.0  0.0  4
4299  0.0  0.0  4
4300  8.0  -8.0  1
4301  8.0  -8.0  4
4302  8.0  -8.0  4
4303  8.0  -8.0  1
4304  0.0  0.0  4
4305  0.0  0.0  4
4306  8.0  -8.0  1
4307  0.0  0.0  4
4308  0.0  0.0  4
4309  8.0  -8.0  3
4310  0.0  0.0  4
4311  0.0  0.0  4
4312  -2.0  2.0  4
4313  8.0  -8.0  4
4314  0.0  0.0  4
4315  8.0  -8.0  4
4316  0.0  0.0  4
4317  0.0  0.0  4
4318  0.0  0.0  4
4319  0.0  0.0  4
4320  0.0  0.0  4
4321  0.0  0.0  4
4322  0.0  0.0  4
4323  0.0  0.0  4
4324  -2.0  2.0  4
4325  8.0  -8.0  1
4326  0.0  0.0  4
4327  0.0  0.0  4
4328  0.0  0.0  4
4329  0.0  0.0  4
4330  8.0  -8.0  4
4331  8.0  -8.0  4
4332  0.0  0.0  4
4333  8.0  -8.0  4
4334  0.0  0.0  4
4335  8.0  -8.0  4
4336  0.0  0.0  4
4337  0.0  0.0  4
4338  0.0  0.0  4
4339  8.0  -8.0  4
4340  8.0  -8.0  1
4341  0.0  0.0  4
4342  0.0  0.0  4
4343  0.0  0.0  4
4344  -2.0  2.0  4
4345  0.0  0.0  4
4346  8.0  -8.0  1
4347  0.0  0.0  4
4348  8.0  -8.0  4
4349  -2.0  2.0  4
4350  0.0  0.0  4
4351  8.0  -8.0  1
4352  8.0  -8.0  4
4353  -2.0  2.0  4
4354  8.0  -8.0  4
4355  0.0  0.0  4
4356  8.0  -8.0  1
4357  0.0  0.0  4
4358  8.0  -8.0  3
4359  0.0  0.0  4
4360  0.0  0.0  4
4361  8.0  -8.0  1
4362  8.0  -8.0  1
4363  0.0  0.0  4
4364  0.0  0.0  4
4365  0.0  0.0  4
4366  8.0  -8.0  1
4367  8.0  -8.0  1
4368  0.0  0.0  4
4369  8.0  -8.0  1
4370  -2.0  2.0  4
4371  0.0  0.0  4
4372  0.0  0.0  4
4373  0.0  0.0  4
4374  0.0  0.0  4
4375  8.0  -8.0  4
4376  0.0  0.0  4
4377  0.0  0.0  4
4378  0.0  0.0  4
4379  0.0  0.0  4
4380  0.0  0.0  4
4381  0.0  0.0  4
4382  0.0  0.0  4
4383  0.0  0.0  4
4384  -2.0  2.0  4
4385  6.0  -6.0  1
4386  0.0  0.0  4
4387  8.0  -8.0  2
4388  0.0  0.0  4
4389  0.0  0.0  4
4390  0.0  0.0  4
4391  0.0  0.0  4
4392  0.0  0.0  4
4393  8.0  -8.0  4
4394  -2.0  2.0  4
4395  8.0  -8.0  2
4396  0.0  0.0  4
4397  0.0  0.0  4
4398  6.0  -6.0  4
4399  0.0  0.0  4
4400  0.0  0.0  4
4401  8.0  -8.0  4
4402  8.0  -8.0  1
4403  0.0  0.0  4
4404  0.0  0.0  4
4405  0.0  0.0  4
4406  8.0  -8.0  1
4407  0.0  0.0  4
4408  8.0  -8.0  4
4409  -2.0  2.0  4
4410  8.0  -8.0  2
4411  0.0  0.0  4
4412  0.0  0.0  4
4413  -2.0  2.0  4
4414  0.0  0.0  4
4415  -2.0  2.0  4
4416  8.0  -8.0  2
4417  -2.0  2.0  4
4418  -2.0  2.0  4
4419  0.0  0.0  4
4420  -2.0  2.0  4
4421  0.0  0.0  4
4422  0.0  0.0  4
4423  0.0  0.0  4
4424  8.0  -8.0  4
4425  0.0  0.0  4
4426  8.0  -8.0  4
4427  0.0  0.0  4
4428  0.0  0.0  4
4429  0.0  0.0  4
4430  0.0  0.0  4
4431  0.0  0.0  4
4432  0.0  0.0  4
4433  -2.0  2.0  4
4434  6.0  -6.0  4
4435  8.0  -8.0  4
4436  -2.0  2.0  4
4437  0.0  0.0  4
4438  8.0  -8.0  1
4439  0.0  0.0  4
4440  0.0  0.0  4
4441  0.0  0.0  4
4442  8.0  -8.0  4
4443  8.0  -8.0  4
4444  0.0  0.0  4
4445  0.0  0.0  4
4446  0.0  0.0  4
4447  8.0  -8.0  1
4448  0.0  0.0  4
4449  -2.0  2.0  4
4450  0.0  0.0  4
4451  8.0  -8.0  1
4452  8.0  -8.0  4
4453  -2.0  2.0  4
4454  0.0  0.0  4
4455  0.0  0.0  4
4456  0.0  0.0  4
4457  6.0  -6.0  4
4458  -2.0  2.0  4
4459  0.0  0.0  4
4460  0.0  0.0  4
4461  8.0  -8.0  3
4462  0.0  0.0  4
4463  8.0  -8.0  4
4464  -2.0  2.0  4
4465  0.0  0.0  4
4466  0.0  0.0  4
4467  0.0  0.0  4
4468  0.0  0.0  4
4469  0.0  0.0  4
4470  0.0  0.0  4
4471  6.0  -6.0  4
4472  8.0  -8.0  4
4473  0.0  0.0  4
4474  -2.0  2.0  4
4475  0.0  0.0  4
4476  0.0  0.0  4
4477  0.0  0.0  4
4478  0.0  0.0  4
4479  0.0  0.0  4
4480  8.0  -8.0  4
4481  8.0  -8.0  1
4482  0.0  0.0  4
4483  8.0  -8.0  1
4484  0.0  0.0  4
4485  0.0  0.0  4
4486  0.0  0.0  4
4487  0.0  0.0  4
4488  0.0  0.0  4
4489  0.0  0.0  4
4490  0.0  0.0  4
4491  0.0  0.0  4
4492  0.0  0.0  4
4493  0.0  0.0  4
4494  0.0  0.0  4
4495  8.0  -8.0  2
4496  0.0  0.0  4
4497  8.0  -8.0  4
4498  0.0  0.0  4
4499  -2.0  2.0  4
4500  -2.0  2.0  4
4501  0.0  0.0  4
4502  8.0  -8.0  4
4503  0.0  0.0  4
4504  0.0  0.0  4
4505  8.0  -8.0  4
4506  -2.0  2.0  4
4507  -2.0  2.0  4
4508  8.0  -8.0  1
4509  0.0  0.0  4
4510  0.0  0.0  4
4511  0.0  0.0  4
4512  0.0  0.0  4
4513  0.0  0.0  4
4514  8.0  -8.0  1
4515  0.0  0.0  4
4516  0.0  0.0  4
4517  0.0  0.0  4
4518  -2.0  2.0  4
4519  0.0  0.0  4
4520  0.0  0.0  4
4521  0.0  0.0  4
4522  0.0  0.0  4
4523  8.0  -8.0  3
4524  0.0  0.0  4
4525  8.0  -8.0  4
4526  0.0  0.0  4
4527  0.0  0.0  4
4528  0.0  0.0  4
4529  0.0  0.0  4
4530  0.0  0.0  4
4531  8.0  -8.0  2
4532  0.0  0.0  4
4533  8.0  -8.0  4
4534  -4.0  4.0  4
4535  0.0  0.0  4
4536  0.0  0.0  4
4537  8.0  -8.0  4
4538  0.0  0.0  4
4539  0.0  0.0  4
4540  0.0  0.0  4
4541  0.0  0.0  4
4542  -2.0  2.0  4
4543  8.0  -8.0  2
4544  0.0  0.0  4
4545  0.0  0.0  4
4546  0.0  0.0  4
4547  0.0  0.0  4
4548  -2.0  2.0  4
4549  0.0  0.0  4
4550  8.0  -8.0  1
4551  0.0  0.0  4
4552  0.0  0.0  4
4553  0.0  0.0  4
4554  8.0  -8.0  1
4555  0.0  0.0  4
4556  0.0  0.0  4
4557  0.0  0.0  4
4558  0.0  0.0  4
4559  0.0  0.0  4
4560  0.0  0.0  4
4561  8.0  -8.0  4
4562  0.0  0.0  4
4563  0.0  0.0  4
4564  0.0  0.0  4
4565  0.0  0.0  4
4566  0.0  0.0  4
4567  8.0  -8.0  4
4568  0.0  0.0  4
4569  0.0  0.0  4
4570  0.0  0.0  4
4571  0.0  0.0  4
4572  0.0  0.0  4
4573  0.0  0.0  4
4574  0.0  0.0  4
4575  0.0  0.0  4
4576  0.0  0.0  4
4577  0.0  0.0  4
4578  0.0  0.0  4
4579  8.0  -8.0  3
4580  -2.0  2.0  4
4581  0.0  0.0  4
4582  0.0  0.0  4
4583  8.0  -8.0  1
4584  0.0  0.0  4
4585  -2.0  2.0  4
4586  0.0  0.0  4
4587  -2.0  2.0  4
4588  0.0  0.0  4
4589  -2.0  2.0  4
4590  0.0  0.0  4
4591  8.0  -8.0  4
4592  0.0  0.0  4
4593  0.0  0.0  4
4594  8.0  -8.0  4
4595  0.0  0.0  4
4596  0.0  0.0  4
4597  0.0  0.0  4
4598  0.0  0.0  4
4599  6.0  -6.0  4
4600  8.0  -8.0  4
4601  0.0  0.0  4
4602  8.0  -8.0  4
4603  0.0  0.0  4
4604  0.0  0.0  4
4605  6.0  -6.0  3
4606  0.0  0.0  4
4607  6.0  -6.0  2
4608  8.0  -8.0  4
4609  -4.0  4.0  4
4610  0.0  0.0  4
4611  0.0  0.0  4
4612  0.0  0.0  4
4613  0.0  0.0  4
4614  8.0  -8.0  4
4615  0.0  0.0  4
4616  0.0  0.0  4
4617  -2.0  2.0  4
4618  0.0  0.0  4
4619  0.0  0.0  4
4620  0.0  0.0  4
4621  0.0  0.0  4
4622  0.0  0.0  4
4623  0.0  0.0  4
4624  -2.0  2.0  4
4625  8.0  -8.0  4
4626  0.0  0.0  4
4627  0.0  0.0  4
4628  0.0  0.0  4
4629  0.0  0.0  4
4630  0.0  0.0  4
4631  -2.0  2.0  4
4632  0.0  0.0  4
4633  8.0  -8.0  1
4634  0.0  0.0  4
4635  -2.0  2.0  4
4636  0.0  0.0  4
4637  0.0  0.0  4
4638  8.0  -8.0  2
4639  8.0  -8.0  4
4640  0.0  0.0  4
4641  0.0  0.0  4
4642  0.0  0.0  4
4643  0.0  0.0  4
4644  0.0  0.0  4
4645  0.0  0.0  4
4646  8.0  -8.0  4
4647  0.0  0.0  4
4648  8.0  -8.0  4
4649  8.0  -8.0  4
4650  0.0  0.0  4
4651  0.0  0.0  4
4652  0.0  0.0  4
4653  8.0  -8.0  3
4654  0.0  0.0  4
4655  -2.0  2.0  4
4656  -2.0  2.0  4
4657  -2.0  2.0  4
4658  8.0  -8.0  4
4659  -2.0  2.0  4
4660  0.0  0.0  4
4661  0.0  0.0  4
4662  0.0  0.0  4
4663  8.0  -8.0  4
4664  8.0  -8.0  4
4665  0.0  0.0  4
4666  0.0  0.0  4
4667  -2.0  2.0  4
4668  0.0  0.0  4
4669  0.0  0.0  4
4670  -2.0  2.0  4
4671  0.0  0.0  4
4672  8.0  -8.0  4
4673  8.0  -8.0  1
4674  0.0  0.0  4
4675  0.0  0.0  4
4676  -2.0  2.0  4
4677  8.0  -8.0  2
4678  8.0  -8.0  4
4679  0.0  0.0  4
4680  -2.0  2.0  4
4681  0.0  0.0  4
4682  0.0  0.0  4
4683  0.0  0.0  4
4684  0.0  0.0  4
4685  0.0  0.0  4
4686  -2.0  2.0  4
4687  8.0  -8.0  4
4688  -2.0  2.0  4
4689  0.0  0.0  4
4690  8.0  -8.0  4
4691  0.0  0.0  4
4692  -2.0  2.0  4
4693  8.0  -8.0  4
4694  8.0  -8.0  4
4695  0.0  0.0  4
4696  -2.0  2.0  4
4697  0.0  0.0  4
4698  8.0  -8.0  4
4699  8.0  -8.0  4
4700  0.0  0.0  4
4701  0.0  0.0  4
4702  0.0  0.0  4
4703  0.0  0.0  4
4704  8.0  -8.0  1
4705  8.0  -8.0  4
4706  0.0  0.0  4
4707  8.0  -8.0  4
4708  8.0  -8.0  4
4709  -2.0  2.0  4
4710  0.0  0.0  4
4711  8.0  -8.0  3
4712  8.0  -8.0  1
4713  0.0  0.0  4
4714  0.0  0.0  4
4715  8.0  -8.0  4
4716  0.0  0.0  4
4717  8.0  -8.0  4
4718  0.0  0.0  4
4719  0.0  0.0  4
4720  0.0  0.0  4
4721  0.0  0.0  4
4722  -2.0  2.0  4
4723  0.0  0.0  4
4724  0.0  0.0  4
4725  0.0  0.0  4
4726  0.0  0.0  4
4727  0.0  0.0  4
4728  0.0  0.0  4
4729  0.0  0.0  4
4730  0.0  0.0  4
4731  8.0  -8.0  1
4732  0.0  0.0  4
4733  0.0  0.0  4
4734  8.0  -8.0  4
4735  0.0  0.0  4
4736  8.0  -8.0  4
4737  8.0  -8.0  4
4738  0.0  0.0  4
4739  8.0  -8.0  4
4740  8.0  -8.0  4
4741  8.0  -8.0  2
4742  8.0  -8.0  4
4743  -2.0  2.0  4
4744  -2.0  2.0  4
4745  0.0  0.0  4
4746  0.0  0.0  4
4747  0.0  0.0  4
4748  0.0  0.0  4
4749  0.0  0.0  4
4750  0.0  0.0  4
4751  8.0  -8.0  1
4752  0.0  0.0  4
4753  0.0  0.0  4
4754  0.0  0.0  4
4755  8.0  -8.0  1
4756  0.0  0.0  4
4757  0.0  0.0  4
4758  0.0  0.0  4
4759  -2.0  2.0  4
4760  8.0  -8.0  4
4761  0.0  0.0  4
4762  -2.0  2.0  4
4763  6.0  -6.0  4
4764  8.0  -8.0  1
4765  0.0  0.0  4
4766  8.0  -8.0  4
4767  0.0  0.0  4
4768  0.0  0.0  4
4769  0.0  0.0  4
4770  0.0  0.0  4
4771  -2.0  2.0  4
4772  0.0  0.0  4
4773  0.0  0.0  4
4774  8.0  -8.0  1
4775  -2.0  2.0  4
4776  8.0  -8.0  4
4777  0.0  0.0  4
4778  0.0  0.0  4
4779  0.0  0.0  4
4780  8.0  -8.0  4
4781  -4.0  4.0  4
4782  8.0  -8.0  4
4783  0.0  0.0  4
4784  0.0  0.0  4
4785  0.0  0.0  4
4786  0.0  0.0  4
4787  8.0  -8.0  4
4788  0.0  0.0  4
4789  0.0  0.0  4
4790  0.0  0.0  4
4791  0.0  0.0  4
4792  8.0  -8.0  1
4793  0.0  0.0  4
4794  0.0  0.0  4
4795  0.0  0.0  4
4796  0.0  0.0  4
4797  -2.0  2.0  4
4798  -2.0  2.0  4
4799  6.0  -6.0  2
4800  0.0  0.0  4
4801  8.0  -8.0  4
4802  0.0  0.0  4
4803  0.0  0.0  4
4804  0.0  0.0  4
4805  0.0  0.0  4
4806  8.0  -8.0  1
4807  8.0  -8.0  3
4808  0.0  0.0  4
4809  0.0  0.0  4
4810  -2.0  2.0  4
4811  -2.0  2.0  4
4812  0.0  0.0  4
4813  0.0  0.0  4
4814  0.0  0.0  4
4815  0.0  0.0  4
4816  -2.0  2.0  4
4817  8.0  -8.0  4
4818  0.0  0.0  4
4819  0.0  0.0  4
4820  8.0  -8.0  2
4821  -2.0  2.0  4
4822  0.0  0.0  4
4823  0.0  0.0  4
4824  0.0  0.0  4
4825  -2.0  2.0  4
4826  -2.0  2.0  4
4827  0.0  0.0  4
4828  8.0  -8.0  1
4829  8.0  -8.0  4
4830  0.0  0.0  4
4831  0.0  0.0  4
4832  0.0  0.0  4
4833  0.0  0.0  4
4834  0.0  0.0  4
4835  0.0  0.0  4
4836  0.0  0.0  4
4837  0.0  0.0  4
4838  8.0  -8.0  3
4839  0.0  0.0  4
4840  0.0  0.0  4
4841  0.0  0.0  4
4842  8.0  -8.0  1
4843  0.0  0.0  4
4844  8.0  -8.0  1
4845  0.0  0.0  4
4846  0.0  0.0  4
4847  8.0  -8.0  1
4848  0.0  0.0  4
4849  0.0  0.0  4
4850  0.0  0.0  4
4851  8.0  -8.0  1
4852  0.0  0.0  4
4853  0.0  0.0  4
4854  8.0  -8.0  4
4855  0.0  0.0  4
4856  0.0  0.0  4
4857  8.0  -8.0  4
4858  0.0  0.0  4
4859  0.0  0.0  4
4860  -2.0  2.0  4
4861  8.0  -8.0  1
4862  0.0  0.0  4
4863  0.0  0.0  4
4864  0.0  0.0  4
4865  8.0  -8.0  4
4866  0.0  0.0  4
4867  8.0  -8.0  4
4868  0.0  0.0  4
4869  0.0  0.0  4
4870  0.0  0.0  4
4871  0.0  0.0  4
4872  -2.0  2.0  4
4873  -2.0  2.0  4
4874  8.0  -8.0  4
4875  0.0  0.0  4
4876  0.0  0.0  4
4877  0.0  0.0  4
4878  0.0  0.0  4
4879  0.0  0.0  4
4880  0.0  0.0  4
4881  0.0  0.0  4
4882  6.0  -6.0  4
4883  8.0  -8.0  4
4884  0.0  0.0  4
4885  0.0  0.0  4
4886  8.0  -8.0  1
4887  0.0  0.0  4
4888  6.0  -6.0  2
4889  8.0  -8.0  1
4890  0.0  0.0  4
4891  8.0  -8.0  4
4892  0.0  0.0  4
4893  0.0  0.0  4
4894  0.0  0.0  4
4895  0.0  0.0  4
4896  0.0  0.0  4
4897  0.0  0.0  4
4898  8.0  -8.0  1
4899  8.0  -8.0  4
4900  0.0  0.0  4
4901  0.0  0.0  4
4902  8.0  -8.0  3
4903  0.0  0.0  4
4904  0.0  0.0  4
4905  -2.0  2.0  4
4906  0.0  0.0  4
4907  0.0  0.0  4
4908  8.0  -8.0  4
4909  0.0  0.0  4
4910  0.0  0.0  4
4911  0.0  0.0  4
4912  0.0  0.0  4
4913  8.0  -8.0  4
4914  8.0  -8.0  1
4915  0.0  0.0  4
4916  8.0  -8.0  1
4917  0.0  0.0  4
4918  0.0  0.0  4
4919  -2.0  2.0  4
4920  0.0  0.0  4
4921  8.0  -8.0  2
4922  -2.0  2.0  4
4923  -2.0  2.0  4
4924  0.0  0.0  4
4925  0.0  0.0  4
4926  -2.0  2.0  4
4927  -2.0  2.0  4
4928  0.0  0.0  4
4929  0.0  0.0  4
4930  0.0  0.0  4
4931  -2.0  2.0  4
4932  0.0  0.0  4
4933  0.0  0.0  4
4934  -2.0  2.0  4
4935  8.0  -8.0  4
4936  0.0  0.0  4
4937  0.0  0.0  4
4938  0.0  0.0  4
4939  0.0  0.0  4
4940  -2.0  2.0  4
4941  -2.0  2.0  4
4942  -2.0  2.0  4
4943  8.0  -8.0  1
4944  0.0  0.0  4
4945  0.0  0.0  4
4946  8.0  -8.0  4
4947  8.0  -8.0  1
4948  0.0  0.0  4
4949  0.0  0.0  4
4950  0.0  0.0  4
4951  -2.0  2.0  4
4952  0.0  0.0  4
4953  0.0  0.0  4
4954  -2.0  2.0  4
4955  -2.0  2.0  4
4956  8.0  -8.0  4
4957  0.0  0.0  4
4958  0.0  0.0  4
4959  8.0  -8.0  1
4960  -2.0  2.0  4
4961  0.0  0.0  4
4962  8.0  -8.0  4
4963  8.0  -8.0  1
4964  8.0  -8.0  1
4965  0.0  0.0  4
4966  8.0  -8.0  2
4967  -2.0  2.0  4
4968  0.0  0.0  4
4969  -2.0  2.0  4
4970  0.0  0.0  4
4971  0.0  0.0  4
4972  -2.0  2.0  4
4973  0.0  0.0  4
4974  0.0  0.0  4
4975  -2.0  2.0  4
4976  0.0  0.0  4
4977  0.0  0.0  4
4978  0.0  0.0  4
4979  0.0  0.0  4
4980  0.0  0.0  4
4981  0.0  0.0  4
4982  0.0  0.0  4
4983  0.0  0.0  4
4984  0.0  0.0  4
4985  0.0  0.0  4
4986  0.0  0.0  4
4987  0.0  0.0  4
4988  -2.0  2.0  4
4989  0.0  0.0  4
4990  8.0  -8.0  3
4991  -2.0  2.0  4
4992  -4.0  4.0  4
4993  0.0  0.0  4
4994  8.0  -8.0  2
4995  -2.0  2.0  4
4996  0.0  0.0  4
4997  8.0  -8.0  4
4998  -2.0  2.0  4
4999  8.0  -8.0  4
