0  -8.0  8.0  100
1  -6.0  6.0  100
2  -10.0  10.0  100
3  0.0  0.0  12
4  0.0  0.0  12
5  0.0  0.0  12
6  0.0  0.0  12
7  12.0  -12.0  6
8  0.0  0.0  12
9  0.0  0.0  12
10  0.0  0.0  12
11  0.0  0.0  12
12  0.0  0.0  12
13  0.0  0.0  12
14  -6.0  6.0  100
15  -4.0  4.0  100
16  -8.0  8.0  100
17  0.0  0.0  12
18  0.0  0.0  12
19  16.0  -16.0  6
20  -2.0  2.0  100
21  -6.0  6.0  100
22  0.0  0.0  12
23  0.0  0.0  12
24  0.0  0.0  12
25  -8.0  8.0  100
26  0.0  0.0  12
27  0.0  0.0  12
28  0.0  0.0  12
29  16.0  -16.0  6
30  -2.0  2.0  11
31  -8.0  8.0  100
32  0.0  0.0  12
33  0.0  0.0  12
34  -6.0  6.0  100
35  -6.0  6.0  100
36  16.0  -16.0  6
37  0.0  0.0  12
38  0.0  0.0  12
39  -4.0  4.0  100
40  0.0  0.0  12
41  0.0  0.0  12
42  -4.0  4.0  100
43  0.0  0.0  12
44  0.0  0.0  12
45  16.0  -16.0  6
46  0.0  0.0  12
47  16.0  -16.0  6
48  -2.0  2.0  100
49  0.0  0.0  12
50  16.0  -16.0  6
51  16.0  -16.0  6
52  -2.0  2.0  11
53  -4.0  4.0  100
54  -8.0  8.0  100
55  -2.0  2.0  11
56  0.0  0.0  12
57  16.0  -16.0  6
58  0.0  0.0  12
59  0.0  0.0  12
60  0.0  0.0  12
61  -4.0  4.0  100
62  -2.0  2.0  11
63  16.0  -16.0  6
64  -6.0  6.0  100
65  -4.0  4.0  10
66  16.0  -16.0  6
67  0.0  0.0  12
68  -8.0  8.0  100
69  -8.0  8.0  100
70  0.0  0.0  12
71  -14.0  14.0  100
72  -4.0  4.0  10
73  16.0  -16.0  6
74  16.0  -16.0  6
75  -8.0  8.0  100
76  0.0  0.0  12
77  0.0  0.0  12
78  0.0  0.0  12
79  16.0  -16.0  6
80  0.0  0.0  12
81  16.0  -16.0  6
82  -2.0  2.0  100
83  -8.0  8.0  100
84  -4.0  4.0  100
85  0.0  0.0  12
86  0.0  0.0  12
87  0.0  0.0  12
88  -8.0  8.0  100
89  0.0  0.0  12
90  16.0  -16.0  6
91  16.0  -16.0  6
92  12.0  -12.0  6
93  0.0  0.0  12
94  0.0  0.0  12
95  0.0  0.0  12
96  -6.0  6.0  100
97  0.0  0.0  12
98  16.0  -16.0  6
99  0.0  0.0  12
100  16.0  -16.0  6
101  16.0  -16.0  6
102  0.0  0.0  12
103  -4.0  4.0  100
104  -10.0  10.0  100
105  16.0  -16.0  6
106  16.0  -16.0  6
107  0.0  0.0  12
108  16.0  -16.0  6
109  -2.0  2.0  11
110  0.0  0.0  12
111  16.0  -16.0  6
112  16.0  -16.0  6
113  0.0  0.0  12
114  -2.0  2.0  100
115  0.0  0.0  12
116  -6.0  6.0  100
117  -4.0  4.0  10
118  0.0  0.0  12
119  0.0  0.0  12
120  0.0  0.0  12
121  0.0  0.0  12
122  -4.0  4.0  100
123  16.0  -16.0  6
124  0.0  0.0  12
125  16.0  -16.0  6
126  -8.0  8.0  100
127  -4.0  4.0  100
128  0.0  0.0  12
129  0.0  0.0  12
130  -2.0  2.0  100
131  -2.0  2.0  11
132  -2.0  2.0  11
133  16.0  -16.0  6
134  -6.0  6.0  100
135  0.0  0.0  12
136  0.0  0.0  12
137  0.0  0.0  12
138  0.0  0.0  12
139  -4.0  4.0  100
140  0.0  0.0  12
141  -6.0  6.0  100
142  -8.0  8.0  100
143  -4.0  4.0  100
144  0.0  0.0  12
145  -4.0  4.0  10
146  16.0  -16.0  6
147  16.0  -16.0  6
148  -2.0  2.0  11
149  -2.0  2.0  11
150  16.0  -16.0  6
151  16.0  -16.0  6
152  0.0  0.0  12
153  16.0  -16.0  6
154  0.0  0.0  12
155  0.0  0.0  12
156  12.0  -12.0  6
157  16.0  -16.0  6
158  0.0  0.0  12
159  0.0  0.0  12
160  -2.0  2.0  100
161  0.0  0.0  12
162  0.0  0.0  12
163  0.0  0.0  12
164  16.0  -16.0  6
165  -8.0  8.0  100
166  16.0  -16.0  6
167  0.0  0.0  12
168  -10.0  10.0  100
169  0.0  0.0  12
170  -4.0  4.0  100
171  0.0  0.0  12
172  -8.0  8.0  100
173  0.0  0.0  12
174  0.0  0.0  12
175  0.0  0.0  12
176  -6.0  6.0  100
177  0.0  0.0  12
178  16.0  -16.0  6
179  0.0  0.0  12
180  0.0  0.0  12
181  -4.0  4.0  100
182  0.0  0.0  12
183  -4.0  4.0  100
184  0.0  0.0  12
185  16.0  -16.0  6
186  -4.0  4.0  100
187  0.0  0.0  12
188  0.0  0.0  12
189  0.0  0.0  12
190  -8.0  8.0  100
191  16.0  -16.0  6
192  0.0  0.0  12
193  -10.0  10.0  100
194  0.0  0.0  12
195  16.0  -16.0  6
196  0.0  0.0  12
197  16.0  -16.0  6
198  16.0  -16.0  6
199  -8.0  8.0  100
200  0.0  0.0  12
201  -2.0  2.0  11
202  16.0  -16.0  6
203  0.0  0.0  12
204  16.0  -16.0  6
205  12.0  -12.0  6
206  -4.0  4.0  100
207  0.0  0.0  12
208  0.0  0.0  12
209  16.0  -16.0  6
210  -6.0  6.0  100
211  -4.0  4.0  100
212  0.0  0.0  12
213  0.0  0.0  12
214  0.0  0.0  12
215  0.0  0.0  12
216  0.0  0.0  12
217  16.0  -16.0  6
218  -4.0  4.0  100
219  0.0  0.0  12
220  -6.0  6.0  100
221  -4.0  4.0  100
222  -2.0  2.0  11
223  -6.0  6.0  100
224  -4.0  4.0  100
225  12.0  -12.0  6
226  -4.0  4.0  100
227  16.0  -16.0  6
228  0.0  0.0  12
229  0.0  0.0  12
230  16.0  -16.0  6
231  0.0  0.0  12
232  -4.0  4.0  100
233  0.0  0.0  12
234  -4.0  4.0  100
235  -8.0  8.0  100
236  0.0  0.0  12
237  -6.0  6.0  100
238  -8.0  8.0  100
239  -2.0  2.0  11
240  -8.0  8.0  100
241  -4.0  4.0  10
242  16.0  -16.0  6
243  -6.0  6.0  100
244  0.0  0.0  12
245  16.0  -16.0  6
246  12.0  -12.0  6
247  -6.0  6.0  100
248  0.0  0.0  12
249  16.0  -16.0  6
250  -4.0  4.0  10
251  0.0  0.0  12
252  -8.0  8.0  100
253  12.0  -12.0  6
254  0.0  0.0  12
255  0.0  0.0  12
256  0.0  0.0  12
257  0.0  0.0  12
258  0.0  0.0  12
259  0.0  0.0  12
260  -4.0  4.0  100
261  -4.0  4.0  100
262  16.0  -16.0  6
263  0.0  0.0  12
264  0.0  0.0  12
265  0.0  0.0  12
266  16.0  -16.0  6
267  16.0  -16.0  6
268  0.0  0.0  12
269  0.0  0.0  12
270  16.0  -16.0  6
271  -2.0  2.0  11
272  0.0  0.0  12
273  16.0  -16.0  6
274  -4.0  4.0  100
275  -4.0  4.0  100
276  -4.0  4.0  100
277  16.0  -16.0  6
278  0.0  0.0  12
279  12.0  -12.0  6
280  0.0  0.0  12
281  -6.0  6.0  100
282  0.0  0.0  12
283  -2.0  2.0  11
284  0.0  0.0  12
285  0.0  0.0  12
286  16.0  -16.0  6
287  0.0  0.0  12
288  0.0  0.0  12
289  -2.0  2.0  11
290  0.0  0.0  12
291  -4.0  4.0  100
292  16.0  -16.0  6
293  -2.0  2.0  100
294  -6.0  6.0  100
295  -2.0  2.0  11
296  -2.0  2.0  100
297  16.0  -16.0  6
298  -6.0  6.0  100
299  16.0  -16.0  6
300  16.0  -16.0  6
301  16.0  -16.0  6
302  16.0  -16.0  6
303  0.0  0.0  12
304  16.0  -16.0  6
305  0.0  0.0  12
306  -4.0  4.0  100
307  16.0  -16.0  6
308  16.0  -16.0  6
309  16.0  -16.0  6
310  0.0  0.0  12
311  16.0  -16.0  6
312  16.0  -16.0  6
313  0.0  0.0  12
314  16.0  -16.0  6
315  0.0  0.0  12
316  -4.0  4.0  100
317  0.0  0.0  12
318  0.0  0.0  12
319  0.0  0.0  12
320  16.0  -16.0  6
321  0.0  0.0  12
322  0.0  0.0  12
323  16.0  -16.0  6
324  16.0  -16.0  6
325  -6.0  6.0  100
326  16.0  -16.0  6
327  16.0  -16.0  6
328  0.0  0.0  12
329  0.0  0.0  12
330  16.0  -16.0  6
331  0.0  0.0  12
332  0.0  0.0  12
333  0.0  0.0  12
334  16.0  -16.0  6
335  -2.0  2.0  100
336  0.0  0.0  12
337  0.0  0.0  12
338  -4.0  4.0  100
339  16.0  -16.0  6
340  0.0  0.0  12
341  -8.0  8.0  100
342  0.0  0.0  12
343  0.0  0.0  12
344  0.0  0.0  12
345  -4.0  4.0  100
346  16.0  -16.0  6
347  16.0  -16.0  6
348  -2.0  2.0  11
349  0.0  0.0  12
350  16.0  -16.0  6
351  16.0  -16.0  6
352  0.0  0.0  12
353  16.0  -16.0  6
354  0.0  0.0  12
355  -2.0  2.0  11
356  -4.0  4.0  100
357  16.0  -16.0  6
358  -6.0  6.0  100
359  0.0  0.0  12
360  -4.0  4.0  100
361  16.0  -16.0  6
362  -4.0  4.0  100
363  -6.0  6.0  100
364  16.0  -16.0  6
365  0.0  0.0  12
366  -8.0  8.0  100
367  -8.0  8.0  100
368  0.0  0.0  12
369  0.0  0.0  12
370  -2.0  2.0  11
371  0.0  0.0  12
372  0.0  0.0  12
373  16.0  -16.0  6
374  16.0  -16.0  6
375  16.0  -16.0  6
376  0.0  0.0  12
377  16.0  -16.0  6
378  0.0  0.0  12
379  -2.0  2.0  100
380  16.0  -16.0  6
381  -2.0  2.0  11
382  0.0  0.0  12
383  0.0  0.0  12
384  0.0  0.0  12
385  16.0  -16.0  6
386  0.0  0.0  12
387  -6.0  6.0  100
388  -6.0  6.0  100
389  -6.0  6.0  100
390  16.0  -16.0  6
391  16.0  -16.0  6
392  -8.0  8.0  100
393  0.0  0.0  12
394  16.0  -16.0  6
395  0.0  0.0  12
396  -6.0  6.0  9
397  16.0  -16.0  6
398  0.0  0.0  12
399  0.0  0.0  12
400  0.0  0.0  12
401  -6.0  6.0  100
402  16.0  -16.0  6
403  -2.0  2.0  11
404  -2.0  2.0  11
405  -4.0  4.0  100
406  0.0  0.0  12
407  0.0  0.0  100
408  -8.0  8.0  100
409  0.0  0.0  12
410  0.0  0.0  12
411  0.0  0.0  100
412  16.0  -16.0  6
413  16.0  -16.0  6
414  0.0  0.0  12
415  0.0  0.0  12
416  -8.0  8.0  100
417  0.0  0.0  12
418  -6.0  6.0  100
419  16.0  -16.0  6
420  0.0  0.0  12
421  -6.0  6.0  100
422  0.0  0.0  12
423  0.0  0.0  12
424  -2.0  2.0  11
425  -6.0  6.0  100
426  16.0  -16.0  6
427  16.0  -16.0  6
428  16.0  -16.0  6
429  0.0  0.0  12
430  16.0  -16.0  6
431  0.0  0.0  12
432  0.0  0.0  12
433  -10.0  10.0  100
434  16.0  -16.0  6
435  0.0  0.0  12
436  -4.0  4.0  100
437  16.0  -16.0  6
438  0.0  0.0  12
439  -4.0  4.0  100
440  16.0  -16.0  6
441  0.0  0.0  12
442  -6.0  6.0  100
443  16.0  -16.0  6
444  0.0  0.0  12
445  0.0  0.0  12
446  0.0  0.0  12
447  -4.0  4.0  100
448  16.0  -16.0  6
449  -2.0  2.0  11
450  0.0  0.0  12
451  0.0  0.0  12
452  0.0  0.0  12
453  16.0  -16.0  6
454  -2.0  2.0  11
455  0.0  0.0  12
456  -2.0  2.0  11
457  0.0  0.0  12
458  0.0  0.0  12
459  -6.0  6.0  100
460  0.0  0.0  12
461  16.0  -16.0  6
462  -6.0  6.0  100
463  0.0  0.0  12
464  12.0  -12.0  6
465  16.0  -16.0  6
466  -4.0  4.0  100
467  -6.0  6.0  100
468  0.0  0.0  12
469  0.0  0.0  12
470  0.0  0.0  12
471  0.0  0.0  12
472  16.0  -16.0  6
473  0.0  0.0  12
474  0.0  0.0  12
475  16.0  -16.0  6
476  16.0  -16.0  6
477  0.0  0.0  12
478  16.0  -16.0  6
479  0.0  0.0  12
480  0.0  0.0  12
481  0.0  0.0  12
482  -6.0  6.0  100
483  -6.0  6.0  100
484  16.0  -16.0  6
485  16.0  -16.0  6
486  -2.0  2.0  11
487  -6.0  6.0  100
488  16.0  -16.0  6
489  -6.0  6.0  100
490  0.0  0.0  12
491  16.0  -16.0  6
492  -2.0  2.0  100
493  0.0  0.0  12
494  16.0  -16.0  6
495  16.0  -16.0  6
496  -2.0  2.0  100
497  16.0  -16.0  6
498  -8.0  8.0  100
499  16.0  -16.0  6
500  16.0  -16.0  6
501  0.0  0.0  12
502  -2.0  2.0  11
503  -4.0  4.0  100
504  16.0  -16.0  6
505  -8.0  8.0  100
506  16.0  -16.0  6
507  0.0  0.0  12
508  -2.0  2.0  100
509  16.0  -16.0  6
510  0.0  0.0  12
511  16.0  -16.0  6
512  0.0  0.0  12
513  16.0  -16.0  6
514  0.0  0.0  12
515  0.0  0.0  12
516  -6.0  6.0  100
517  -2.0  2.0  100
518  0.0  0.0  12
519  -10.0  10.0  100
520  16.0  -16.0  6
521  0.0  0.0  12
522  -2.0  2.0  100
523  -4.0  4.0  100
524  12.0  -12.0  6
525  0.0  0.0  12
526  0.0  0.0  12
527  -2.0  2.0  11
528  -2.0  2.0  11
529  16.0  -16.0  6
530  0.0  0.0  12
531  0.0  0.0  12
532  16.0  -16.0  6
533  16.0  -16.0  6
534  0.0  0.0  12
535  -8.0  8.0  100
536  0.0  0.0  12
537  16.0  -16.0  6
538  16.0  -16.0  6
539  0.0  0.0  12
540  -2.0  2.0  100
541  0.0  0.0  12
542  0.0  0.0  12
543  -2.0  2.0  100
544  -2.0  2.0  100
545  16.0  -16.0  6
546  -4.0  4.0  100
547  -2.0  2.0  11
548  0.0  0.0  12
549  0.0  0.0  12
550  0.0  0.0  12
551  0.0  0.0  12
552  -4.0  4.0  100
553  0.0  0.0  12
554  16.0  -16.0  6
555  0.0  0.0  12
556  16.0  -16.0  6
557  16.0  -16.0  6
558  16.0  -16.0  6
559  0.0  0.0  12
560  0.0  0.0  12
561  0.0  0.0  12
562  16.0  -16.0  6
563  -4.0  4.0  100
564  16.0  -16.0  6
565  0.0  0.0  12
566  0.0  0.0  12
567  0.0  0.0  12
568  0.0  0.0  12
569  16.0  -16.0  6
570  0.0  0.0  12
571  0.0  0.0  12
572  16.0  -16.0  6
573  -2.0  2.0  100
574  -2.0  2.0  100
575  -6.0  6.0  100
576  16.0  -16.0  6
577  12.0  -12.0  6
578  -2.0  2.0  11
579  -8.0  8.0  100
580  0.0  0.0  12
581  16.0  -16.0  6
582  16.0  -16.0  6
583  16.0  -16.0  6
584  -2.0  2.0  11
585  0.0  0.0  12
586  -2.0  2.0  11
587  -8.0  8.0  100
588  16.0  -16.0  6
589  -2.0  2.0  11
590  -8.0  8.0  100
591  16.0  -16.0  6
592  0.0  0.0  12
593  0.0  0.0  12
594  16.0  -16.0  6
595  0.0  0.0  12
596  -2.0  2.0  11
597  0.0  0.0  12
598  16.0  -16.0  6
599  16.0  -16.0  6
600  -2.0  2.0  100
601  0.0  0.0  12
602  0.0  0.0  12
603  0.0  0.0  12
604  0.0  0.0  12
605  16.0  -16.0  6
606  16.0  -16.0  6
607  16.0  -16.0  6
608  0.0  0.0  12
609  0.0  0.0  12
610  0.0  0.0  12
611  16.0  -16.0  6
612  0.0  0.0  12
613  0.0  0.0  12
614  16.0  -16.0  6
615  16.0  -16.0  6
616  0.0  0.0  12
617  0.0  0.0  12
618  16.0  -16.0  6
619  0.0  0.0  12
620  0.0  0.0  12
621  0.0  0.0  12
622  -6.0  6.0  100
623  16.0  -16.0  6
624  0.0  0.0  12
625  -6.0  6.0  100
626  0.0  0.0  12
627  0.0  0.0  12
628  -4.0  4.0  100
629  -6.0  6.0  100
630  0.0  0.0  12
631  0.0  0.0  12
632  0.0  0.0  12
633  -6.0  6.0  100
634  -2.0  2.0  11
635  -6.0  6.0  100
636  -8.0  8.0  100
637  0.0  0.0  12
638  0.0  0.0  12
639  0.0  0.0  12
640  0.0  0.0  12
641  -6.0  6.0  100
642  12.0  -12.0  6
643  -2.0  2.0  11
644  16.0  -16.0  6
645  -2.0  2.0  100
646  -4.0  4.0  100
647  0.0  0.0  12
648  0.0  0.0  12
649  0.0  0.0  12
650  0.0  0.0  12
651  16.0  -16.0  6
652  -4.0  4.0  100
653  0.0  0.0  12
654  0.0  0.0  12
655  0.0  0.0  12
656  -6.0  6.0  100
657  0.0  0.0  12
658  -6.0  6.0  100
659  0.0  0.0  12
660  -4.0  4.0  100
661  0.0  0.0  12
662  12.0  -12.0  6
663  -2.0  2.0  11
664  -2.0  2.0  11
665  16.0  -16.0  6
666  0.0  0.0  12
667  16.0  -16.0  6
668  16.0  -16.0  6
669  -2.0  2.0  11
670  16.0  -16.0  6
671  0.0  0.0  12
672  0.0  0.0  12
673  0.0  0.0  12
674  16.0  -16.0  6
675  -2.0  2.0  11
676  0.0  0.0  12
677  -2.0  2.0  11
678  16.0  -16.0  6
679  -4.0  4.0  100
680  0.0  0.0  12
681  -2.0  2.0  11
682  0.0  0.0  12
683  16.0  -16.0  6
684  16.0  -16.0  6
685  -4.0  4.0  100
686  16.0  -16.0  6
687  16.0  -16.0  6
688  0.0  0.0  12
689  0.0  0.0  12
690  16.0  -16.0  6
691  -6.0  6.0  100
692  0.0  0.0  12
693  0.0  0.0  12
694  16.0  -16.0  6
695  0.0  0.0  12
696  0.0  0.0  12
697  0.0  0.0  12
698  -2.0  2.0  100
699  -4.0  4.0  100
700  0.0  0.0  12
701  16.0  -16.0  6
702  16.0  -16.0  6
703  0.0  0.0  12
704  -2.0  2.0  100
705  16.0  -16.0  6
706  0.0  0.0  12
707  -6.0  6.0  100
708  -6.0  6.0  100
709  0.0  0.0  12
710  0.0  0.0  12
711  0.0  0.0  12
712  0.0  0.0  12
713  16.0  -16.0  6
714  0.0  0.0  12
715  16.0  -16.0  6
716  12.0  -12.0  6
717  0.0  0.0  12
718  0.0  0.0  12
719  -6.0  6.0  100
720  0.0  0.0  12
721  12.0  -12.0  6
722  -4.0  4.0  100
723  0.0  0.0  12
724  0.0  0.0  12
725  16.0  -16.0  6
726  0.0  0.0  12
727  0.0  0.0  12
728  0.0  0.0  12
729  0.0  0.0  12
730  0.0  0.0  12
731  16.0  -16.0  6
732  -6.0  6.0  100
733  0.0  0.0  12
734  0.0  0.0  12
735  0.0  0.0  12
736  -10.0  10.0  100
737  0.0  0.0  12
738  -6.0  6.0  100
739  16.0  -16.0  6
740  -4.0  4.0  100
741  16.0  -16.0  6
742  16.0  -16.0  6
743  -6.0  6.0  100
744  16.0  -16.0  6
745  -4.0  4.0  100
746  0.0  0.0  12
747  -6.0  6.0  100
748  -2.0  2.0  11
749  -2.0  2.0  100
750  0.0  0.0  12
751  16.0  -16.0  6
752  0.0  0.0  12
753  0.0  0.0  12
754  16.0  -16.0  6
755  16.0  -16.0  6
756  -2.0  2.0  11
757  -4.0  4.0  100
758  -2.0  2.0  100
759  0.0  0.0  12
760  -4.0  4.0  100
761  -2.0  2.0  11
762  16.0  -16.0  6
763  -6.0  6.0  100
764  0.0  0.0  12
765  16.0  -16.0  6
766  16.0  -16.0  6
767  0.0  0.0  12
768  -4.0  4.0  100
769  16.0  -16.0  6
770  -2.0  2.0  11
771  -6.0  6.0  100
772  0.0  0.0  12
773  -8.0  8.0  100
774  -2.0  2.0  11
775  -6.0  6.0  100
776  0.0  0.0  12
777  0.0  0.0  12
778  -8.0  8.0  100
779  -2.0  2.0  11
780  12.0  -12.0  6
781  0.0  0.0  12
782  -4.0  4.0  100
783  16.0  -16.0  6
784  0.0  0.0  12
785  0.0  0.0  12
786  0.0  0.0  12
787  -8.0  8.0  100
788  0.0  0.0  12
789  0.0  0.0  12
790  0.0  0.0  12
791  0.0  0.0  12
792  0.0  0.0  12
793  -6.0  6.0  100
794  0.0  0.0  12
795  -4.0  4.0  100
796  16.0  -16.0  6
797  0.0  0.0  12
798  16.0  -16.0  6
799  16.0  -16.0  6
800  -2.0  2.0  100
801  12.0  -12.0  6
802  0.0  0.0  12
803  0.0  0.0  12
804  16.0  -16.0  6
805  0.0  0.0  12
806  -2.0  2.0  11
807  0.0  0.0  12
808  0.0  0.0  12
809  0.0  0.0  12
810  -6.0  6.0  100
811  0.0  0.0  12
812  0.0  0.0  12
813  -6.0  6.0  100
814  0.0  0.0  12
815  0.0  0.0  12
816  -4.0  4.0  100
817  16.0  -16.0  6
818  -6.0  6.0  100
819  -4.0  4.0  100
820  -6.0  6.0  100
821  16.0  -16.0  6
822  -4.0  4.0  100
823  16.0  -16.0  6
824  -6.0  6.0  100
825  0.0  0.0  12
826  0.0  0.0  12
827  0.0  0.0  12
828  -2.0  2.0  11
829  0.0  0.0  12
830  0.0  0.0  100
831  16.0  -16.0  6
832  -4.0  4.0  100
833  16.0  -16.0  6
834  -8.0  8.0  100
835  0.0  0.0  12
836  -4.0  4.0  100
837  16.0  -16.0  6
838  0.0  0.0  12
839  -6.0  6.0  100
840  0.0  0.0  12
841  0.0  0.0  12
842  0.0  0.0  12
843  -4.0  4.0  100
844  -8.0  8.0  100
845  -4.0  4.0  100
846  16.0  -16.0  6
847  -8.0  8.0  100
848  16.0  -16.0  6
849  16.0  -16.0  6
850  0.0  0.0  12
851  16.0  -16.0  6
852  16.0  -16.0  6
853  16.0  -16.0  6
854  -6.0  6.0  100
855  16.0  -16.0  6
856  0.0  0.0  12
857  0.0  0.0  12
858  -6.0  6.0  100
859  -6.0  6.0  100
860  16.0  -16.0  6
861  16.0  -16.0  6
862  0.0  0.0  12
863  16.0  -16.0  6
864  0.0  0.0  12
865  -10.0  10.0  100
866  16.0  -16.0  6
867  0.0  0.0  12
868  0.0  0.0  12
869  -4.0  4.0  100
870  -6.0  6.0  100
871  16.0  -16.0  6
872  16.0  -16.0  6
873  0.0  0.0  12
874  0.0  0.0  12
875  0.0  0.0  12
876  0.0  0.0  12
877  16.0  -16.0  6
878  0.0  0.0  12
879  16.0  -16.0  6
880  -2.0  2.0  11
881  16.0  -16.0  6
882  16.0  -16.0  6
883  -2.0  2.0  11
884  0.0  0.0  12
885  -2.0  2.0  100
886  16.0  -16.0  6
887  0.0  0.0  12
888  0.0  0.0  12
889  -2.0  2.0  100
890  16.0  -16.0  6
891  16.0  -16.0  6
892  0.0  0.0  12
893  -6.0  6.0  100
894  0.0  0.0  12
895  -10.0  10.0  100
896  0.0  0.0  12
897  -6.0  6.0  100
898  0.0  0.0  12
899  0.0  0.0  12
900  0.0  0.0  12
901  0.0  0.0  12
902  16.0  -16.0  6
903  0.0  0.0  12
904  0.0  0.0  12
905  -10.0  10.0  100
906  -8.0  8.0  100
907  0.0  0.0  12
908  0.0  0.0  12
909  -4.0  4.0  100
910  0.0  0.0  12
911  16.0  -16.0  6
912  0.0  0.0  12
913  0.0  0.0  12
914  -6.0  6.0  100
915  16.0  -16.0  6
916  -6.0  6.0  100
917  16.0  -16.0  6
918  16.0  -16.0  6
919  0.0  0.0  12
920  -8.0  8.0  100
921  0.0  0.0  12
922  16.0  -16.0  6
923  16.0  -16.0  6
924  0.0  0.0  100
925  -6.0  6.0  100
926  -4.0  4.0  100
927  -4.0  4.0  100
928  16.0  -16.0  6
929  16.0  -16.0  6
930  0.0  0.0  12
931  -2.0  2.0  11
932  -2.0  2.0  11
933  -6.0  6.0  100
934  0.0  0.0  12
935  0.0  0.0  12
936  0.0  0.0  12
937  16.0  -16.0  6
938  16.0  -16.0  6
939  -2.0  2.0  11
940  -6.0  6.0  100
941  0.0  0.0  12
942  0.0  0.0  12
943  0.0  0.0  12
944  0.0  0.0  12
945  -2.0  2.0  100
946  0.0  0.0  12
947  0.0  0.0  12
948  0.0  0.0  12
949  0.0  0.0  12
950  0.0  0.0  12
951  16.0  -16.0  6
952  16.0  -16.0  6
953  16.0  -16.0  6
954  16.0  -16.0  6
955  0.0  0.0  12
956  16.0  -16.0  6
957  16.0  -16.0  6
958  -10.0  10.0  100
959  0.0  0.0  12
960  -2.0  2.0  11
961  0.0  0.0  12
962  0.0  0.0  12
963  -2.0  2.0  11
964  0.0  0.0  12
965  0.0  0.0  12
966  16.0  -16.0  6
967  -8.0  8.0  100
968  0.0  0.0  12
969  16.0  -16.0  6
970  -2.0  2.0  100
971  16.0  -16.0  6
972  -2.0  2.0  100
973  0.0  0.0  12
974  16.0  -16.0  6
975  0.0  0.0  12
976  -10.0  10.0  100
977  0.0  0.0  12
978  0.0  0.0  12
979  -4.0  4.0  100
980  -4.0  4.0  100
981  -6.0  6.0  100
982  0.0  0.0  12
983  -2.0  2.0  11
984  0.0  0.0  12
985  16.0  -16.0  6
986  16.0  -16.0  6
987  -2.0  2.0  100
988  0.0  0.0  12
989  0.0  0.0  12
990  -6.0  6.0  100
991  -2.0  2.0  100
992  0.0  0.0  12
993  -2.0  2.0  11
994  -4.0  4.0  100
995  16.0  -16.0  6
996  0.0  0.0  12
997  16.0  -16.0  6
998  -10.0  10.0  100
999  -6.0  6.0  100
1000  0.0  0.0  12
1001  0.0  0.0  12
1002  -4.0  4.0  100
1003  0.0  0.0  12
1004  -10.0  10.0  100
1005  0.0  0.0  12
1006  -6.0  6.0  100
1007  0.0  0.0  12
1008  0.0  0.0  12
1009  0.0  0.0  12
1010  0.0  0.0  12
1011  16.0  -16.0  6
1012  12.0  -12.0  6
1013  16.0  -16.0  6
1014  -2.0  2.0  11
1015  0.0  0.0  12
1016  0.0  0.0  12
1017  -2.0  2.0  11
1018  0.0  0.0  12
1019  0.0  0.0  12
1020  0.0  0.0  12
1021  -4.0  4.0  100
1022  0.0  0.0  12
1023  -2.0  2.0  100
1024  -6.0  6.0  100
1025  -2.0  2.0  100
1026  -6.0  6.0  100
1027  -6.0  6.0  100
1028  -4.0  4.0  100
1029  0.0  0.0  12
1030  0.0  0.0  12
1031  0.0  0.0  12
1032  -8.0  8.0  100
1033  0.0  0.0  12
1034  0.0  0.0  12
1035  0.0  0.0  12
1036  0.0  0.0  12
1037  0.0  0.0  12
1038  -4.0  4.0  100
1039  0.0  0.0  12
1040  16.0  -16.0  6
1041  0.0  0.0  12
1042  -2.0  2.0  11
1043  16.0  -16.0  6
1044  0.0  0.0  12
1045  16.0  -16.0  6
1046  -8.0  8.0  100
1047  0.0  0.0  12
1048  -2.0  2.0  11
1049  0.0  0.0  12
1050  0.0  0.0  12
1051  0.0  0.0  100
1052  0.0  0.0  12
1053  -2.0  2.0  11
1054  0.0  0.0  12
1055  16.0  -16.0  6
1056  0.0  0.0  12
1057  -8.0  8.0  100
1058  0.0  0.0  12
1059  -2.0  2.0  100
1060  0.0  0.0  12
1061  0.0  0.0  12
1062  0.0  0.0  12
1063  16.0  -16.0  6
1064  0.0  0.0  12
1065  16.0  -16.0  6
1066  0.0  0.0  12
1067  16.0  -16.0  6
1068  0.0  0.0  12
1069  -10.0  10.0  100
1070  -2.0  2.0  100
1071  16.0  -16.0  6
1072  -10.0  10.0  100
1073  0.0  0.0  12
1074  0.0  0.0  12
1075  -6.0  6.0  100
1076  -8.0  8.0  100
1077  -8.0  8.0  100
1078  0.0  0.0  12
1079  0.0  0.0  12
1080  0.0  0.0  12
1081  0.0  0.0  12
1082  0.0  0.0  12
1083  0.0  0.0  12
1084  -4.0  4.0  10
1085  16.0  -16.0  6
1086  16.0  -16.0  6
1087  0.0  0.0  12
1088  -6.0  6.0  100
1089  16.0  -16.0  6
1090  -8.0  8.0  100
1091  0.0  0.0  12
1092  -8.0  8.0  100
1093  0.0  0.0  12
1094  -2.0  2.0  11
1095  0.0  0.0  12
1096  -2.0  2.0  11
1097  -2.0  2.0  100
1098  -4.0  4.0  100
1099  -6.0  6.0  100
1100  0.0  0.0  12
1101  0.0  0.0  12
1102  0.0  0.0  12
1103  0.0  0.0  12
1104  16.0  -16.0  6
1105  -8.0  8.0  100
1106  0.0  0.0  12
1107  -6.0  6.0  100
1108  -6.0  6.0  100
1109  -10.0  10.0  100
1110  16.0  -16.0  6
1111  0.0  0.0  12
1112  0.0  0.0  12
1113  16.0  -16.0  6
1114  -6.0  6.0  100
1115  -6.0  6.0  100
1116  0.0  0.0  12
1117  0.0  0.0  12
1118  -4.0  4.0  100
1119  16.0  -16.0  6
1120  0.0  0.0  12
1121  0.0  0.0  12
1122  0.0  0.0  12
1123  -8.0  8.0  100
1124  0.0  0.0  12
1125  16.0  -16.0  6
1126  -4.0  4.0  100
1127  16.0  -16.0  6
1128  0.0  0.0  12
1129  16.0  -16.0  6
1130  0.0  0.0  12
1131  0.0  0.0  12
1132  16.0  -16.0  6
1133  0.0  0.0  12
1134  -4.0  4.0  100
1135  0.0  0.0  12
1136  -2.0  2.0  11
1137  0.0  0.0  12
1138  -8.0  8.0  100
1139  0.0  0.0  12
1140  16.0  -16.0  6
1141  0.0  0.0  12
1142  -2.0  2.0  100
1143  -10.0  10.0  100
1144  0.0  0.0  12
1145  0.0  0.0  12
1146  16.0  -16.0  6
1147  0.0  0.0  12
1148  0.0  0.0  12
1149  0.0  0.0  12
1150  0.0  0.0  12
1151  -6.0  6.0  100
1152  -2.0  2.0  11
1153  -8.0  8.0  100
1154  -10.0  10.0  100
1155  -2.0  2.0  100
1156  0.0  0.0  12
1157  -2.0  2.0  11
1158  0.0  0.0  12
1159  -2.0  2.0  100
1160  0.0  0.0  12
1161  -8.0  8.0  100
1162  -4.0  4.0  100
1163  0.0  0.0  12
1164  0.0  0.0  12
1165  -4.0  4.0  100
1166  16.0  -16.0  6
1167  16.0  -16.0  6
1168  0.0  0.0  12
1169  0.0  0.0  12
1170  0.0  0.0  12
1171  0.0  0.0  12
1172  -6.0  6.0  100
1173  0.0  0.0  12
1174  16.0  -16.0  6
1175  -2.0  2.0  11
1176  0.0  0.0  12
1177  -8.0  8.0  100
1178  -2.0  2.0  11
1179  12.0  -12.0  6
1180  -2.0  2.0  100
1181  0.0  0.0  12
1182  -4.0  4.0  10
1183  -6.0  6.0  100
1184  -12.0  12.0  100
1185  0.0  0.0  12
1186  0.0  0.0  100
1187  0.0  0.0  12
1188  16.0  -16.0  6
1189  -6.0  6.0  100
1190  16.0  -16.0  6
1191  16.0  -16.0  6
1192  -2.0  2.0  11
1193  0.0  0.0  12
1194  0.0  0.0  12
1195  16.0  -16.0  6
1196  16.0  -16.0  6
1197  0.0  0.0  12
1198  -2.0  2.0  11
1199  0.0  0.0  12
1200  0.0  0.0  12
1201  16.0  -16.0  6
1202  -4.0  4.0  100
1203  16.0  -16.0  6
1204  12.0  -12.0  6
1205  0.0  0.0  12
1206  -8.0  8.0  100
1207  16.0  -16.0  6
1208  0.0  0.0  12
1209  -2.0  2.0  100
1210  0.0  0.0  12
1211  16.0  -16.0  6
1212  -2.0  2.0  11
1213  0.0  0.0  12
1214  -6.0  6.0  100
1215  0.0  0.0  12
1216  0.0  0.0  100
1217  0.0  0.0  12
1218  0.0  0.0  12
1219  0.0  0.0  12
1220  16.0  -16.0  6
1221  0.0  0.0  12
1222  -6.0  6.0  100
1223  12.0  -12.0  6
1224  0.0  0.0  12
1225  0.0  0.0  12
1226  0.0  0.0  12
1227  16.0  -16.0  6
1228  0.0  0.0  12
1229  0.0  0.0  12
1230  0.0  0.0  12
1231  0.0  0.0  12
1232  -8.0  8.0  100
1233  -12.0  12.0  100
1234  0.0  0.0  12
1235  0.0  0.0  12
1236  -2.0  2.0  100
1237  16.0  -16.0  6
1238  0.0  0.0  12
1239  16.0  -16.0  6
1240  -6.0  6.0  100
1241  16.0  -16.0  6
1242  0.0  0.0  12
1243  -2.0  2.0  100
1244  -4.0  4.0  100
1245  0.0  0.0  12
1246  -6.0  6.0  100
1247  16.0  -16.0  6
1248  16.0  -16.0  6
1249  0.0  0.0  12
1250  0.0  0.0  12
1251  12.0  -12.0  6
1252  -2.0  2.0  100
1253  -2.0  2.0  11
1254  -2.0  2.0  100
1255  0.0  0.0  12
1256  0.0  0.0  12
1257  16.0  -16.0  6
1258  16.0  -16.0  6
1259  -6.0  6.0  100
1260  -8.0  8.0  100
1261  -6.0  6.0  100
1262  12.0  -12.0  6
1263  0.0  0.0  12
1264  0.0  0.0  12
1265  0.0  0.0  12
1266  16.0  -16.0  6
1267  0.0  0.0  12
1268  -2.0  2.0  11
1269  12.0  -12.0  6
1270  0.0  0.0  12
1271  16.0  -16.0  6
1272  0.0  0.0  12
1273  -4.0  4.0  100
1274  -8.0  8.0  100
1275  0.0  0.0  12
1276  0.0  0.0  12
1277  -6.0  6.0  100
1278  -4.0  4.0  100
1279  -10.0  10.0  100
1280  16.0  -16.0  6
1281  16.0  -16.0  6
1282  0.0  0.0  12
1283  -6.0  6.0  100
1284  -2.0  2.0  100
1285  0.0  0.0  12
1286  0.0  0.0  12
1287  0.0  0.0  12
1288  -4.0  4.0  10
1289  0.0  0.0  12
1290  0.0  0.0  12
1291  -6.0  6.0  100
1292  -4.0  4.0  100
1293  0.0  0.0  12
1294  16.0  -16.0  6
1295  16.0  -16.0  6
1296  0.0  0.0  12
1297  0.0  0.0  12
1298  0.0  0.0  12
1299  12.0  -12.0  6
1300  -2.0  2.0  11
1301  12.0  -12.0  6
1302  0.0  0.0  12
1303  16.0  -16.0  6
1304  0.0  0.0  12
1305  -2.0  2.0  100
1306  16.0  -16.0  6
1307  0.0  0.0  12
1308  0.0  0.0  12
1309  16.0  -16.0  6
1310  0.0  0.0  12
1311  0.0  0.0  12
1312  0.0  0.0  12
1313  -2.0  2.0  100
1314  -2.0  2.0  11
1315  0.0  0.0  12
1316  -4.0  4.0  100
1317  0.0  0.0  12
1318  -2.0  2.0  11
1319  0.0  0.0  12
1320  -8.0  8.0  100
1321  0.0  0.0  12
1322  16.0  -16.0  6
1323  -4.0  4.0  100
1324  0.0  0.0  12
1325  0.0  0.0  12
1326  0.0  0.0  12
1327  16.0  -16.0  6
1328  0.0  0.0  12
1329  -4.0  4.0  100
1330  -4.0  4.0  100
1331  -6.0  6.0  100
1332  -2.0  2.0  100
1333  -2.0  2.0  11
1334  -6.0  6.0  100
1335  0.0  0.0  12
1336  0.0  0.0  12
1337  -8.0  8.0  100
1338  -8.0  8.0  100
1339  16.0  -16.0  6
1340  -4.0  4.0  100
1341  0.0  0.0  12
1342  0.0  0.0  100
1343  0.0  0.0  12
1344  -8.0  8.0  100
1345  0.0  0.0  12
1346  -2.0  2.0  11
1347  0.0  0.0  12
1348  16.0  -16.0  6
1349  -8.0  8.0  100
1350  0.0  0.0  12
1351  16.0  -16.0  6
1352  0.0  0.0  12
1353  0.0  0.0  12
1354  0.0  0.0  12
1355  16.0  -16.0  6
1356  0.0  0.0  12
1357  16.0  -16.0  6
1358  -6.0  6.0  100
1359  -6.0  6.0  100
1360  -2.0  2.0  11
1361  16.0  -16.0  6
1362  0.0  0.0  12
1363  0.0  0.0  12
1364  0.0  0.0  12
1365  0.0  0.0  12
1366  -4.0  4.0  100
1367  -2.0  2.0  100
1368  0.0  0.0  12
1369  16.0  -16.0  6
1370  -2.0  2.0  11
1371  -2.0  2.0  11
1372  -6.0  6.0  100
1373  0.0  0.0  12
1374  -4.0  4.0  100
1375  16.0  -16.0  6
1376  -2.0  2.0  100
1377  0.0  0.0  12
1378  -6.0  6.0  100
1379  0.0  0.0  12
1380  0.0  0.0  12
1381  -6.0  6.0  100
1382  0.0  0.0  12
1383  16.0  -16.0  6
1384  0.0  0.0  12
1385  -4.0  4.0  100
1386  0.0  0.0  12
1387  0.0  0.0  12
1388  0.0  0.0  12
1389  16.0  -16.0  6
1390  0.0  0.0  12
1391  -8.0  8.0  100
1392  -4.0  4.0  100
1393  -12.0  12.0  100
1394  16.0  -16.0  6
1395  16.0  -16.0  6
1396  -4.0  4.0  100
1397  16.0  -16.0  6
1398  16.0  -16.0  6
1399  16.0  -16.0  6
1400  -2.0  2.0  11
1401  -8.0  8.0  100
1402  0.0  0.0  12
1403  0.0  0.0  12
1404  0.0  0.0  12
1405  16.0  -16.0  6
1406  0.0  0.0  12
1407  0.0  0.0  12
1408  -6.0  6.0  100
1409  0.0  0.0  100
1410  -2.0  2.0  11
1411  0.0  0.0  12
1412  0.0  0.0  12
1413  -10.0  10.0  100
1414  0.0  0.0  12
1415  12.0  -12.0  6
1416  16.0  -16.0  6
1417  0.0  0.0  12
1418  0.0  0.0  12
1419  0.0  0.0  12
1420  16.0  -16.0  6
1421  -4.0  4.0  100
1422  -2.0  2.0  11
1423  16.0  -16.0  6
1424  0.0  0.0  12
1425  0.0  0.0  12
1426  -6.0  6.0  100
1427  16.0  -16.0  6
1428  -2.0  2.0  11
1429  16.0  -16.0  6
1430  0.0  0.0  12
1431  16.0  -16.0  6
1432  16.0  -16.0  6
1433  0.0  0.0  12
1434  0.0  0.0  12
1435  -6.0  6.0  100
1436  16.0  -16.0  6
1437  0.0  0.0  12
1438  0.0  0.0  12
1439  0.0  0.0  12
1440  0.0  0.0  12
1441  0.0  0.0  12
1442  0.0  0.0  12
1443  -2.0  2.0  11
1444  16.0  -16.0  6
1445  0.0  0.0  12
1446  16.0  -16.0  6
1447  0.0  0.0  12
1448  -4.0  4.0  100
1449  0.0  0.0  12
1450  -2.0  2.0  100
1451  0.0  0.0  12
1452  0.0  0.0  12
1453  0.0  0.0  12
1454  16.0  -16.0  6
1455  -8.0  8.0  100
1456  -8.0  8.0  100
1457  0.0  0.0  12
1458  16.0  -16.0  6
1459  16.0  -16.0  6
1460  12.0  -12.0  6
1461  16.0  -16.0  6
1462  -2.0  2.0  100
1463  16.0  -16.0  6
1464  -2.0  2.0  11
1465  0.0  0.0  12
1466  -8.0  8.0  100
1467  16.0  -16.0  6
1468  16.0  -16.0  6
1469  16.0  -16.0  6
1470  16.0  -16.0  6
1471  0.0  0.0  12
1472  0.0  0.0  100
1473  0.0  0.0  12
1474  0.0  0.0  12
1475  0.0  0.0  12
1476  -2.0  2.0  11
1477  16.0  -16.0  6
1478  0.0  0.0  12
1479  -4.0  4.0  100
1480  0.0  0.0  12
1481  16.0  -16.0  6
1482  16.0  -16.0  6
1483  0.0  0.0  12
1484  -2.0  2.0  100
1485  0.0  0.0  100
1486  0.0  0.0  12
1487  -2.0  2.0  11
1488  -8.0  8.0  100
1489  0.0  0.0  12
1490  0.0  0.0  12
1491  -4.0  4.0  100
1492  -6.0  6.0  100
1493  -2.0  2.0  11
1494  0.0  0.0  12
1495  -4.0  4.0  10
1496  0.0  0.0  12
1497  16.0  -16.0  6
1498  16.0  -16.0  6
1499  0.0  0.0  12
1500  0.0  0.0  12
1501  0.0  0.0  12
1502  0.0  0.0  12
1503  16.0  -16.0  6
1504  0.0  0.0  12
1505  0.0  0.0  12
1506  0.0  0.0  12
1507  16.0  -16.0  6
1508  -2.0  2.0  100
1509  16.0  -16.0  6
1510  16.0  -16.0  6
1511  0.0  0.0  12
1512  -2.0  2.0  11
1513  16.0  -16.0  6
1514  16.0  -16.0  6
1515  0.0  0.0  12
1516  0.0  0.0  12
1517  -4.0  4.0  100
1518  0.0  0.0  12
1519  0.0  0.0  12
1520  -2.0  2.0  100
1521  0.0  0.0  12
1522  0.0  0.0  12
1523  -4.0  4.0  10
1524  -2.0  2.0  100
1525  16.0  -16.0  6
1526  -6.0  6.0  100
1527  0.0  0.0  12
1528  16.0  -16.0  6
1529  0.0  0.0  12
1530  0.0  0.0  12
1531  -2.0  2.0  11
1532  -8.0  8.0  100
1533  -8.0  8.0  100
1534  -2.0  2.0  100
1535  -4.0  4.0  10
1536  16.0  -16.0  6
1537  0.0  0.0  12
1538  0.0  0.0  12
1539  -4.0  4.0  100
1540  16.0  -16.0  6
1541  16.0  -16.0  6
1542  16.0  -16.0  6
1543  -2.0  2.0  11
1544  -4.0  4.0  100
1545  0.0  0.0  12
1546  0.0  0.0  12
1547  16.0  -16.0  6
1548  0.0  0.0  12
1549  0.0  0.0  12
1550  -2.0  2.0  100
1551  16.0  -16.0  6
1552  -4.0  4.0  100
1553  -2.0  2.0  11
1554  0.0  0.0  12
1555  16.0  -16.0  6
1556  -4.0  4.0  100
1557  0.0  0.0  12
1558  0.0  0.0  12
1559  0.0  0.0  12
1560  0.0  0.0  12
1561  -4.0  4.0  100
1562  -8.0  8.0  100
1563  0.0  0.0  12
1564  0.0  0.0  12
1565  16.0  -16.0  6
1566  -8.0  8.0  100
1567  0.0  0.0  12
1568  0.0  0.0  12
1569  -4.0  4.0  100
1570  16.0  -16.0  6
1571  -6.0  6.0  100
1572  0.0  0.0  12
1573  -4.0  4.0  100
1574  -8.0  8.0  100
1575  -2.0  2.0  100
1576  -8.0  8.0  100
1577  -4.0  4.0  100
1578  0.0  0.0  12
1579  -2.0  2.0  11
1580  16.0  -16.0  6
1581  0.0  0.0  12
1582  -8.0  8.0  100
1583  16.0  -16.0  6
1584  0.0  0.0  12
1585  16.0  -16.0  6
1586  16.0  -16.0  6
1587  12.0  -12.0  6
1588  0.0  0.0  12
1589  0.0  0.0  12
1590  16.0  -16.0  6
1591  0.0  0.0  12
1592  16.0  -16.0  6
1593  0.0  0.0  12
1594  16.0  -16.0  6
1595  16.0  -16.0  6
1596  0.0  0.0  12
1597  0.0  0.0  12
1598  12.0  -12.0  6
1599  0.0  0.0  12
1600  0.0  0.0  12
1601  0.0  0.0  12
1602  16.0  -16.0  6
1603  16.0  -16.0  6
1604  16.0  -16.0  6
1605  16.0  -16.0  6
1606  0.0  0.0  12
1607  0.0  0.0  12
1608  -2.0  2.0  100
1609  0.0  0.0  12
1610  0.0  0.0  12
1611  0.0  0.0  12
1612  0.0  0.0  12
1613  0.0  0.0  12
1614  0.0  0.0  12
1615  0.0  0.0  12
1616  16.0  -16.0  6
1617  0.0  0.0  12
1618  -2.0  2.0  11
1619  0.0  0.0  12
1620  0.0  0.0  12
1621  0.0  0.0  12
1622  0.0  0.0  12
1623  0.0  0.0  12
1624  16.0  -16.0  6
1625  16.0  -16.0  6
1626  0.0  0.0  12
1627  0.0  0.0  12
1628  0.0  0.0  12
1629  0.0  0.0  12
1630  -2.0  2.0  11
1631  0.0  0.0  12
1632  -4.0  4.0  10
1633  0.0  0.0  12
1634  0.0  0.0  12
1635  16.0  -16.0  6
1636  0.0  0.0  12
1637  0.0  0.0  12
1638  0.0  0.0  12
1639  16.0  -16.0  6
1640  16.0  -16.0  6
1641  16.0  -16.0  6
1642  -2.0  2.0  11
1643  16.0  -16.0  6
1644  -4.0  4.0  100
1645  0.0  0.0  12
1646  0.0  0.0  12
1647  16.0  -16.0  6
1648  12.0  -12.0  6
1649  16.0  -16.0  6
1650  16.0  -16.0  6
1651  16.0  -16.0  6
1652  16.0  -16.0  6
1653  0.0  0.0  12
1654  16.0  -16.0  6
1655  0.0  0.0  12
1656  0.0  0.0  12
1657  -6.0  6.0  100
1658  -4.0  4.0  100
1659  -6.0  6.0  100
1660  12.0  -12.0  6
1661  0.0  0.0  12
1662  12.0  -12.0  6
1663  -6.0  6.0  100
1664  -6.0  6.0  100
1665  -2.0  2.0  11
1666  0.0  0.0  12
1667  0.0  0.0  12
1668  0.0  0.0  12
1669  -2.0  2.0  11
1670  16.0  -16.0  6
1671  0.0  0.0  12
1672  -2.0  2.0  100
1673  0.0  0.0  12
1674  -4.0  4.0  100
1675  -4.0  4.0  100
1676  0.0  0.0  12
1677  0.0  0.0  12
1678  -6.0  6.0  100
1679  0.0  0.0  12
1680  0.0  0.0  12
1681  -2.0  2.0  100
1682  16.0  -16.0  6
1683  0.0  0.0  12
1684  -6.0  6.0  100
1685  0.0  0.0  12
1686  12.0  -12.0  6
1687  0.0  0.0  12
1688  0.0  0.0  12
1689  0.0  0.0  12
1690  16.0  -16.0  6
1691  0.0  0.0  12
1692  -6.0  6.0  100
1693  16.0  -16.0  6
1694  0.0  0.0  12
1695  -2.0  2.0  11
1696  0.0  0.0  12
1697  -6.0  6.0  100
1698  0.0  0.0  12
1699  0.0  0.0  12
1700  0.0  0.0  12
1701  16.0  -16.0  6
1702  0.0  0.0  12
1703  0.0  0.0  12
1704  16.0  -16.0  6
1705  16.0  -16.0  6
1706  0.0  0.0  12
1707  -6.0  6.0  100
1708  -6.0  6.0  100
1709  -6.0  6.0  100
1710  0.0  0.0  12
1711  16.0  -16.0  6
1712  0.0  0.0  12
1713  16.0  -16.0  6
1714  0.0  0.0  12
1715  -6.0  6.0  100
1716  -6.0  6.0  100
1717  0.0  0.0  12
1718  16.0  -16.0  6
1719  -8.0  8.0  100
1720  0.0  0.0  12
1721  0.0  0.0  12
1722  -2.0  2.0  11
1723  0.0  0.0  12
1724  -2.0  2.0  11
1725  16.0  -16.0  6
1726  -4.0  4.0  10
1727  0.0  0.0  12
1728  -6.0  6.0  100
1729  0.0  0.0  12
1730  0.0  0.0  12
1731  16.0  -16.0  6
1732  -4.0  4.0  100
1733  0.0  0.0  12
1734  -4.0  4.0  100
1735  0.0  0.0  12
1736  0.0  0.0  12
1737  -6.0  6.0  100
1738  0.0  0.0  12
1739  0.0  0.0  100
1740  16.0  -16.0  6
1741  0.0  0.0  12
1742  16.0  -16.0  6
1743  16.0  -16.0  6
1744  16.0  -16.0  6
1745  0.0  0.0  12
1746  0.0  0.0  12
1747  -2.0  2.0  11
1748  0.0  0.0  12
1749  -4.0  4.0  100
1750  0.0  0.0  12
1751  12.0  -12.0  6
1752  0.0  0.0  12
1753  0.0  0.0  12
1754  0.0  0.0  12
1755  -6.0  6.0  100
1756  -2.0  2.0  11
1757  16.0  -16.0  6
1758  0.0  0.0  12
1759  -4.0  4.0  100
1760  16.0  -16.0  6
1761  16.0  -16.0  6
1762  0.0  0.0  12
1763  0.0  0.0  100
1764  0.0  0.0  12
1765  -4.0  4.0  100
1766  -2.0  2.0  100
1767  -2.0  2.0  11
1768  0.0  0.0  12
1769  0.0  0.0  12
1770  -2.0  2.0  11
1771  -2.0  2.0  100
1772  -2.0  2.0  11
1773  -10.0  10.0  100
1774  -4.0  4.0  100
1775  16.0  -16.0  6
1776  0.0  0.0  12
1777  16.0  -16.0  6
1778  0.0  0.0  12
1779  -4.0  4.0  100
1780  -2.0  2.0  11
1781  -4.0  4.0  100
1782  -4.0  4.0  100
1783  0.0  0.0  12
1784  0.0  0.0  12
1785  0.0  0.0  12
1786  0.0  0.0  12
1787  0.0  0.0  12
1788  -2.0  2.0  11
1789  -8.0  8.0  100
1790  0.0  0.0  100
1791  0.0  0.0  12
1792  0.0  0.0  12
1793  0.0  0.0  12
1794  0.0  0.0  100
1795  -6.0  6.0  100
1796  16.0  -16.0  6
1797  16.0  -16.0  6
1798  -6.0  6.0  100
1799  0.0  0.0  12
1800  0.0  0.0  12
1801  -4.0  4.0  100
1802  0.0  0.0  12
1803  -2.0  2.0  100
1804  0.0  0.0  12
1805  0.0  0.0  100
1806  0.0  0.0  12
1807  16.0  -16.0  6
1808  0.0  0.0  12
1809  0.0  0.0  12
1810  0.0  0.0  12
1811  16.0  -16.0  6
1812  0.0  0.0  12
1813  16.0  -16.0  6
1814  0.0  0.0  12
1815  0.0  0.0  12
1816  -10.0  10.0  100
1817  0.0  0.0  12
1818  0.0  0.0  12
1819  0.0  0.0  12
1820  0.0  0.0  12
1821  -2.0  2.0  100
1822  0.0  0.0  12
1823  0.0  0.0  12
1824  16.0  -16.0  6
1825  0.0  0.0  12
1826  16.0  -16.0  6
1827  0.0  0.0  12
1828  -2.0  2.0  100
1829  -6.0  6.0  100
1830  0.0  0.0  12
1831  0.0  0.0  12
1832  0.0  0.0  12
1833  16.0  -16.0  6
1834  0.0  0.0  12
1835  16.0  -16.0  6
1836  0.0  0.0  12
1837  -6.0  6.0  100
1838  -6.0  6.0  100
1839  0.0  0.0  12
1840  16.0  -16.0  6
1841  -8.0  8.0  100
1842  16.0  -16.0  6
1843  16.0  -16.0  6
1844  0.0  0.0  12
1845  0.0  0.0  12
1846  -4.0  4.0  100
1847  0.0  0.0  12
1848  16.0  -16.0  6
1849  -2.0  2.0  11
1850  -10.0  10.0  100
1851  0.0  0.0  12
1852  0.0  0.0  12
1853  -2.0  2.0  11
1854  -2.0  2.0  100
1855  0.0  0.0  12
1856  -8.0  8.0  100
1857  16.0  -16.0  6
1858  0.0  0.0  12
1859  -8.0  8.0  100
1860  0.0  0.0  12
1861  0.0  0.0  12
1862  0.0  0.0  12
1863  16.0  -16.0  6
1864  0.0  0.0  12
1865  16.0  -16.0  6
1866  -4.0  4.0  100
1867  0.0  0.0  12
1868  16.0  -16.0  6
1869  0.0  0.0  12
1870  0.0  0.0  12
1871  -8.0  8.0  100
1872  -6.0  6.0  100
1873  -2.0  2.0  11
1874  -10.0  10.0  100
1875  0.0  0.0  12
1876  16.0  -16.0  6
1877  -2.0  2.0  11
1878  0.0  0.0  12
1879  16.0  -16.0  6
1880  16.0  -16.0  6
1881  0.0  0.0  12
1882  0.0  0.0  12
1883  -4.0  4.0  100
1884  16.0  -16.0  6
1885  0.0  0.0  12
1886  0.0  0.0  12
1887  -2.0  2.0  11
1888  -8.0  8.0  100
1889  -8.0  8.0  100
1890  -8.0  8.0  100
1891  -2.0  2.0  11
1892  -8.0  8.0  100
1893  0.0  0.0  12
1894  -2.0  2.0  100
1895  16.0  -16.0  6
1896  -2.0  2.0  11
1897  0.0  0.0  12
1898  0.0  0.0  12
1899  16.0  -16.0  6
1900  0.0  0.0  12
1901  -6.0  6.0  100
1902  16.0  -16.0  6
1903  0.0  0.0  12
1904  0.0  0.0  12
1905  16.0  -16.0  6
1906  -2.0  2.0  100
1907  -4.0  4.0  100
1908  0.0  0.0  12
1909  -4.0  4.0  100
1910  0.0  0.0  12
1911  0.0  0.0  12
1912  0.0  0.0  12
1913  16.0  -16.0  6
1914  0.0  0.0  12
1915  16.0  -16.0  6
1916  0.0  0.0  12
1917  -2.0  2.0  100
1918  -2.0  2.0  11
1919  0.0  0.0  12
1920  -4.0  4.0  100
1921  -8.0  8.0  100
1922  0.0  0.0  12
1923  16.0  -16.0  6
1924  -4.0  4.0  100
1925  -4.0  4.0  10
1926  0.0  0.0  12
1927  0.0  0.0  12
1928  -2.0  2.0  11
1929  0.0  0.0  12
1930  0.0  0.0  12
1931  0.0  0.0  12
1932  0.0  0.0  12
1933  0.0  0.0  12
1934  -2.0  2.0  11
1935  0.0  0.0  12
1936  -8.0  8.0  100
1937  -6.0  6.0  100
1938  0.0  0.0  12
1939  0.0  0.0  12
1940  0.0  0.0  12
1941  0.0  0.0  100
1942  16.0  -16.0  6
1943  0.0  0.0  12
1944  16.0  -16.0  6
1945  0.0  0.0  12
1946  -2.0  2.0  11
1947  16.0  -16.0  6
1948  0.0  0.0  12
1949  -4.0  4.0  100
1950  0.0  0.0  12
1951  16.0  -16.0  6
1952  16.0  -16.0  6
1953  0.0  0.0  12
1954  0.0  0.0  12
1955  -2.0  2.0  100
1956  0.0  0.0  12
1957  -6.0  6.0  100
1958  0.0  0.0  12
1959  -2.0  2.0  100
1960  0.0  0.0  12
1961  16.0  -16.0  6
1962  16.0  -16.0  6
1963  0.0  0.0  12
1964  0.0  0.0  12
1965  0.0  0.0  12
1966  16.0  -16.0  6
1967  0.0  0.0  12
1968  0.0  0.0  12
1969  0.0  0.0  12
1970  0.0  0.0  12
1971  16.0  -16.0  6
1972  -8.0  8.0  100
1973  0.0  0.0  12
1974  16.0  -16.0  6
1975  0.0  0.0  12
1976  -8.0  8.0  100
1977  -2.0  2.0  11
1978  0.0  0.0  12
1979  0.0  0.0  12
1980  -2.0  2.0  11
1981  -8.0  8.0  100
1982  0.0  0.0  12
1983  16.0  -16.0  6
1984  0.0  0.0  12
1985  -2.0  2.0  11
1986  0.0  0.0  12
1987  -2.0  2.0  100
1988  0.0  0.0  12
1989  12.0  -12.0  6
1990  0.0  0.0  12
1991  16.0  -16.0  6
1992  16.0  -16.0  6
1993  0.0  0.0  12
1994  16.0  -16.0  6
1995  -2.0  2.0  11
1996  0.0  0.0  12
1997  -4.0  4.0  100
1998  16.0  -16.0  6
1999  16.0  -16.0  6
2000  -4.0  4.0  100
2001  0.0  0.0  12
2002  0.0  0.0  12
2003  0.0  0.0  12
2004  -4.0  4.0  100
2005  16.0  -16.0  6
2006  16.0  -16.0  6
2007  -6.0  6.0  100
2008  16.0  -16.0  6
2009  -6.0  6.0  100
2010  -10.0  10.0  100
2011  16.0  -16.0  6
2012  0.0  0.0  12
2013  16.0  -16.0  6
2014  16.0  -16.0  6
2015  12.0  -12.0  6
2016  -8.0  8.0  100
2017  0.0  0.0  12
2018  0.0  0.0  12
2019  0.0  0.0  12
2020  -10.0  10.0  100
2021  16.0  -16.0  6
2022  0.0  0.0  12
2023  -2.0  2.0  11
2024  0.0  0.0  12
2025  -2.0  2.0  11
2026  0.0  0.0  12
2027  16.0  -16.0  6
2028  0.0  0.0  12
2029  12.0  -12.0  6
2030  0.0  0.0  12
2031  0.0  0.0  12
2032  16.0  -16.0  6
2033  0.0  0.0  12
2034  -2.0  2.0  100
2035  -2.0  2.0  11
2036  16.0  -16.0  6
2037  16.0  -16.0  6
2038  0.0  0.0  12
2039  0.0  0.0  12
2040  -2.0  2.0  100
2041  16.0  -16.0  6
2042  0.0  0.0  12
2043  0.0  0.0  12
2044  -2.0  2.0  11
2045  -4.0  4.0  100
2046  0.0  0.0  12
2047  16.0  -16.0  6
2048  16.0  -16.0  6
2049  16.0  -16.0  6
2050  0.0  0.0  12
2051  16.0  -16.0  6
2052  0.0  0.0  12
2053  0.0  0.0  12
2054  0.0  0.0  12
2055  -4.0  4.0  100
2056  16.0  -16.0  6
2057  0.0  0.0  12
2058  -6.0  6.0  100
2059  -4.0  4.0  100
2060  16.0  -16.0  6
2061  16.0  -16.0  6
2062  16.0  -16.0  6
2063  -8.0  8.0  100
2064  -2.0  2.0  11
2065  16.0  -16.0  6
2066  0.0  0.0  12
2067  16.0  -16.0  6
2068  -6.0  6.0  100
2069  0.0  0.0  12
2070  0.0  0.0  12
2071  0.0  0.0  12
2072  16.0  -16.0  6
2073  -2.0  2.0  100
2074  0.0  0.0  12
2075  16.0  -16.0  6
2076  0.0  0.0  12
2077  0.0  0.0  12
2078  0.0  0.0  12
2079  -6.0  6.0  100
2080  0.0  0.0  12
2081  16.0  -16.0  6
2082  -6.0  6.0  100
2083  0.0  0.0  12
2084  -10.0  10.0  100
2085  0.0  0.0  12
2086  -2.0  2.0  100
2087  -4.0  4.0  100
2088  0.0  0.0  12
2089  -4.0  4.0  100
2090  -2.0  2.0  100
2091  0.0  0.0  12
2092  16.0  -16.0  6
2093  16.0  -16.0  6
2094  0.0  0.0  12
2095  0.0  0.0  12
2096  0.0  0.0  12
2097  0.0  0.0  12
2098  0.0  0.0  12
2099  16.0  -16.0  6
2100  0.0  0.0  12
2101  0.0  0.0  12
2102  16.0  -16.0  6
2103  -2.0  2.0  11
2104  0.0  0.0  12
2105  -6.0  6.0  100
2106  16.0  -16.0  6
2107  -8.0  8.0  100
2108  -2.0  2.0  11
2109  -6.0  6.0  100
2110  0.0  0.0  12
2111  -2.0  2.0  11
2112  0.0  0.0  12
2113  -6.0  6.0  100
2114  16.0  -16.0  6
2115  0.0  0.0  12
2116  16.0  -16.0  6
2117  -2.0  2.0  11
2118  -2.0  2.0  11
2119  16.0  -16.0  6
2120  16.0  -16.0  6
2121  16.0  -16.0  6
2122  0.0  0.0  12
2123  -6.0  6.0  100
2124  16.0  -16.0  6
2125  0.0  0.0  12
2126  -4.0  4.0  100
2127  0.0  0.0  100
2128  -2.0  2.0  11
2129  16.0  -16.0  6
2130  0.0  0.0  12
2131  0.0  0.0  12
2132  -2.0  2.0  11
2133  -4.0  4.0  100
2134  0.0  0.0  12
2135  -8.0  8.0  100
2136  0.0  0.0  12
2137  16.0  -16.0  6
2138  16.0  -16.0  6
2139  16.0  -16.0  6
2140  0.0  0.0  12
2141  -2.0  2.0  11
2142  -8.0  8.0  100
2143  -2.0  2.0  11
2144  0.0  0.0  12
2145  0.0  0.0  12
2146  16.0  -16.0  6
2147  0.0  0.0  12
2148  0.0  0.0  12
2149  0.0  0.0  12
2150  0.0  0.0  12
2151  0.0  0.0  12
2152  -8.0  8.0  100
2153  -6.0  6.0  100
2154  0.0  0.0  12
2155  0.0  0.0  12
2156  16.0  -16.0  6
2157  0.0  0.0  12
2158  16.0  -16.0  6
2159  -8.0  8.0  100
2160  -6.0  6.0  100
2161  0.0  0.0  12
2162  0.0  0.0  12
2163  0.0  0.0  12
2164  16.0  -16.0  6
2165  0.0  0.0  12
2166  -6.0  6.0  100
2167  0.0  0.0  12
2168  16.0  -16.0  6
2169  -6.0  6.0  100
2170  -2.0  2.0  11
2171  0.0  0.0  12
2172  16.0  -16.0  6
2173  16.0  -16.0  6
2174  -10.0  10.0  100
2175  16.0  -16.0  6
2176  -6.0  6.0  100
2177  16.0  -16.0  6
2178  0.0  0.0  12
2179  16.0  -16.0  6
2180  0.0  0.0  12
2181  0.0  0.0  12
2182  0.0  0.0  12
2183  -6.0  6.0  100
2184  16.0  -16.0  6
2185  0.0  0.0  12
2186  0.0  0.0  100
2187  12.0  -12.0  6
2188  0.0  0.0  12
2189  0.0  0.0  12
2190  16.0  -16.0  6
2191  0.0  0.0  12
2192  -4.0  4.0  100
2193  0.0  0.0  12
2194  16.0  -16.0  6
2195  -2.0  2.0  11
2196  -4.0  4.0  100
2197  0.0  0.0  12
2198  0.0  0.0  12
2199  0.0  0.0  12
2200  -6.0  6.0  100
2201  0.0  0.0  12
2202  -4.0  4.0  100
2203  -2.0  2.0  11
2204  -6.0  6.0  100
2205  16.0  -16.0  6
2206  0.0  0.0  12
2207  0.0  0.0  12
2208  16.0  -16.0  6
2209  0.0  0.0  12
2210  -8.0  8.0  100
2211  0.0  0.0  12
2212  12.0  -12.0  6
2213  16.0  -16.0  6
2214  0.0  0.0  12
2215  0.0  0.0  12
2216  0.0  0.0  12
2217  -2.0  2.0  100
2218  0.0  0.0  12
2219  16.0  -16.0  6
2220  16.0  -16.0  6
2221  -2.0  2.0  11
2222  0.0  0.0  12
2223  16.0  -16.0  6
2224  0.0  0.0  12
2225  -2.0  2.0  11
2226  0.0  0.0  12
2227  16.0  -16.0  6
2228  0.0  0.0  12
2229  -6.0  6.0  100
2230  0.0  0.0  12
2231  16.0  -16.0  6
2232  -2.0  2.0  100
2233  0.0  0.0  12
2234  -8.0  8.0  100
2235  -2.0  2.0  11
2236  16.0  -16.0  6
2237  -2.0  2.0  11
2238  0.0  0.0  12
2239  -2.0  2.0  11
2240  0.0  0.0  12
2241  16.0  -16.0  6
2242  0.0  0.0  12
2243  -6.0  6.0  100
2244  12.0  -12.0  6
2245  0.0  0.0  12
2246  16.0  -16.0  6
2247  -4.0  4.0  100
2248  -2.0  2.0  11
2249  0.0  0.0  12
2250  -4.0  4.0  100
2251  0.0  0.0  12
2252  -2.0  2.0  11
2253  0.0  0.0  12
2254  -6.0  6.0  100
2255  -4.0  4.0  100
2256  16.0  -16.0  6
2257  -2.0  2.0  100
2258  0.0  0.0  12
2259  -4.0  4.0  100
2260  0.0  0.0  12
2261  -2.0  2.0  11
2262  -2.0  2.0  11
2263  0.0  0.0  12
2264  0.0  0.0  12
2265  -4.0  4.0  10
2266  16.0  -16.0  6
2267  -4.0  4.0  100
2268  0.0  0.0  12
2269  -2.0  2.0  11
2270  0.0  0.0  12
2271  0.0  0.0  12
2272  16.0  -16.0  6
2273  -2.0  2.0  11
2274  -2.0  2.0  11
2275  16.0  -16.0  6
2276  16.0  -16.0  6
2277  -2.0  2.0  11
2278  16.0  -16.0  6
2279  0.0  0.0  12
2280  16.0  -16.0  6
2281  0.0  0.0  12
2282  -4.0  4.0  100
2283  0.0  0.0  12
2284  -2.0  2.0  100
2285  0.0  0.0  12
2286  -12.0  12.0  100
2287  0.0  0.0  12
2288  0.0  0.0  12
2289  0.0  0.0  12
2290  -4.0  4.0  100
2291  0.0  0.0  12
2292  0.0  0.0  12
2293  16.0  -16.0  6
2294  0.0  0.0  12
2295  -6.0  6.0  100
2296  16.0  -16.0  6
2297  16.0  -16.0  6
2298  0.0  0.0  12
2299  16.0  -16.0  6
2300  0.0  0.0  12
2301  0.0  0.0  12
2302  16.0  -16.0  6
2303  16.0  -16.0  6
2304  0.0  0.0  12
2305  -2.0  2.0  11
2306  16.0  -16.0  6
2307  16.0  -16.0  6
2308  -8.0  8.0  100
2309  16.0  -16.0  6
2310  -6.0  6.0  100
2311  16.0  -16.0  6
2312  12.0  -12.0  6
2313  0.0  0.0  12
2314  0.0  0.0  12
2315  0.0  0.0  12
2316  16.0  -16.0  6
2317  0.0  0.0  12
2318  0.0  0.0  12
2319  -4.0  4.0  100
2320  0.0  0.0  12
2321  -2.0  2.0  100
2322  -2.0  2.0  100
2323  0.0  0.0  12
2324  -4.0  4.0  100
2325  16.0  -16.0  6
2326  0.0  0.0  12
2327  16.0  -16.0  6
2328  0.0  0.0  12
2329  16.0  -16.0  6
2330  0.0  0.0  12
2331  16.0  -16.0  6
2332  0.0  0.0  12
2333  -2.0  2.0  11
2334  0.0  0.0  12
2335  0.0  0.0  12
2336  -8.0  8.0  100
2337  16.0  -16.0  6
2338  0.0  0.0  12
2339  0.0  0.0  12
2340  0.0  0.0  12
2341  0.0  0.0  12
2342  16.0  -16.0  6
2343  16.0  -16.0  6
2344  0.0  0.0  12
2345  0.0  0.0  12
2346  16.0  -16.0  6
2347  0.0  0.0  12
2348  16.0  -16.0  6
2349  0.0  0.0  12
2350  0.0  0.0  12
2351  0.0  0.0  12
2352  0.0  0.0  12
2353  0.0  0.0  12
2354  -2.0  2.0  11
2355  16.0  -16.0  6
2356  0.0  0.0  12
2357  -2.0  2.0  100
2358  0.0  0.0  12
2359  -2.0  2.0  100
2360  0.0  0.0  12
2361  0.0  0.0  12
2362  16.0  -16.0  6
2363  0.0  0.0  12
2364  0.0  0.0  12
2365  16.0  -16.0  6
2366  -6.0  6.0  100
2367  0.0  0.0  12
2368  16.0  -16.0  6
2369  0.0  0.0  12
2370  0.0  0.0  12
2371  16.0  -16.0  6
2372  -4.0  4.0  100
2373  0.0  0.0  12
2374  -2.0  2.0  11
2375  0.0  0.0  12
2376  16.0  -16.0  6
2377  0.0  0.0  12
2378  -2.0  2.0  11
2379  0.0  0.0  12
2380  -6.0  6.0  100
2381  16.0  -16.0  6
2382  -2.0  2.0  11
2383  -8.0  8.0  100
2384  0.0  0.0  12
2385  16.0  -16.0  6
2386  16.0  -16.0  6
2387  -2.0  2.0  11
2388  16.0  -16.0  6
2389  0.0  0.0  12
2390  -4.0  4.0  100
2391  0.0  0.0  12
2392  -6.0  6.0  100
2393  16.0  -16.0  6
2394  -6.0  6.0  100
2395  -4.0  4.0  100
2396  -4.0  4.0  10
2397  -6.0  6.0  100
2398  -6.0  6.0  100
2399  0.0  0.0  12
2400  0.0  0.0  12
2401  16.0  -16.0  6
2402  0.0  0.0  12
2403  0.0  0.0  12
2404  -2.0  2.0  100
2405  16.0  -16.0  6
2406  -6.0  6.0  100
2407  0.0  0.0  12
2408  0.0  0.0  12
2409  16.0  -16.0  6
2410  0.0  0.0  12
2411  -2.0  2.0  100
2412  -6.0  6.0  100
2413  0.0  0.0  12
2414  -8.0  8.0  100
2415  16.0  -16.0  6
2416  0.0  0.0  12
2417  0.0  0.0  100
2418  16.0  -16.0  6
2419  0.0  0.0  12
2420  16.0  -16.0  6
2421  -4.0  4.0  100
2422  -6.0  6.0  100
2423  -8.0  8.0  100
2424  16.0  -16.0  6
2425  16.0  -16.0  6
2426  16.0  -16.0  6
2427  16.0  -16.0  6
2428  0.0  0.0  12
2429  16.0  -16.0  6
2430  0.0  0.0  12
2431  0.0  0.0  12
2432  0.0  0.0  12
2433  16.0  -16.0  6
2434  -2.0  2.0  11
2435  16.0  -16.0  6
2436  0.0  0.0  12
2437  0.0  0.0  12
2438  0.0  0.0  12
2439  -4.0  4.0  100
2440  0.0  0.0  12
2441  16.0  -16.0  6
2442  16.0  -16.0  6
2443  0.0  0.0  12
2444  12.0  -12.0  6
2445  0.0  0.0  12
2446  0.0  0.0  12
2447  0.0  0.0  12
2448  -4.0  4.0  100
2449  -2.0  2.0  11
2450  -4.0  4.0  100
2451  -6.0  6.0  100
2452  0.0  0.0  12
2453  -4.0  4.0  100
2454  -6.0  6.0  100
2455  0.0  0.0  12
2456  16.0  -16.0  6
2457  0.0  0.0  12
2458  16.0  -16.0  6
2459  -2.0  2.0  11
2460  0.0  0.0  12
2461  16.0  -16.0  6
2462  0.0  0.0  12
2463  -12.0  12.0  100
2464  -2.0  2.0  100
2465  0.0  0.0  12
2466  -4.0  4.0  100
2467  0.0  0.0  12
2468  -4.0  4.0  100
2469  0.0  0.0  12
2470  -2.0  2.0  11
2471  16.0  -16.0  6
2472  16.0  -16.0  6
2473  0.0  0.0  12
2474  16.0  -16.0  6
2475  0.0  0.0  12
2476  0.0  0.0  12
2477  0.0  0.0  12
2478  0.0  0.0  12
2479  -2.0  2.0  11
2480  16.0  -16.0  6
2481  16.0  -16.0  6
2482  -2.0  2.0  100
2483  -6.0  6.0  100
2484  -2.0  2.0  11
2485  16.0  -16.0  6
2486  0.0  0.0  12
2487  -14.0  14.0  100
2488  -2.0  2.0  100
2489  0.0  0.0  12
2490  0.0  0.0  12
2491  -2.0  2.0  11
2492  16.0  -16.0  6
2493  0.0  0.0  12
2494  -2.0  2.0  100
2495  0.0  0.0  12
2496  0.0  0.0  12
2497  0.0  0.0  12
2498  0.0  0.0  12
2499  -6.0  6.0  100
2500  0.0  0.0  12
2501  -2.0  2.0  100
2502  -6.0  6.0  100
2503  0.0  0.0  12
2504  0.0  0.0  12
2505  -6.0  6.0  100
2506  0.0  0.0  12
2507  16.0  -16.0  6
2508  16.0  -16.0  6
2509  0.0  0.0  12
2510  0.0  0.0  12
2511  0.0  0.0  12
2512  -6.0  6.0  100
2513  16.0  -16.0  6
2514  0.0  0.0  12
2515  16.0  -16.0  6
2516  0.0  0.0  12
2517  0.0  0.0  12
2518  16.0  -16.0  6
2519  16.0  -16.0  6
2520  16.0  -16.0  6
2521  -2.0  2.0  11
2522  16.0  -16.0  6
2523  16.0  -16.0  6
2524  0.0  0.0  12
2525  16.0  -16.0  6
2526  -6.0  6.0  100
2527  0.0  0.0  12
2528  -6.0  6.0  100
2529  -2.0  2.0  11
2530  16.0  -16.0  6
2531  0.0  0.0  12
2532  16.0  -16.0  6
2533  -2.0  2.0  11
2534  0.0  0.0  12
2535  0.0  0.0  12
2536  -4.0  4.0  100
2537  0.0  0.0  12
2538  0.0  0.0  12
2539  0.0  0.0  12
2540  16.0  -16.0  6
2541  16.0  -16.0  6
2542  -4.0  4.0  100
2543  0.0  0.0  12
2544  0.0  0.0  12
2545  -2.0  2.0  11
2546  12.0  -12.0  6
2547  -2.0  2.0  11
2548  0.0  0.0  12
2549  -4.0  4.0  100
2550  0.0  0.0  12
2551  16.0  -16.0  6
2552  16.0  -16.0  6
2553  0.0  0.0  12
2554  -6.0  6.0  100
2555  0.0  0.0  12
2556  16.0  -16.0  6
2557  16.0  -16.0  6
2558  -2.0  2.0  11
2559  0.0  0.0  12
2560  16.0  -16.0  6
2561  -2.0  2.0  11
2562  -4.0  4.0  100
2563  -2.0  2.0  11
2564  16.0  -16.0  6
2565  16.0  -16.0  6
2566  0.0  0.0  12
2567  0.0  0.0  12
2568  0.0  0.0  12
2569  0.0  0.0  12
2570  -4.0  4.0  100
2571  -8.0  8.0  100
2572  -4.0  4.0  100
2573  0.0  0.0  12
2574  16.0  -16.0  6
2575  0.0  0.0  12
2576  0.0  0.0  12
2577  0.0  0.0  12
2578  -8.0  8.0  100
2579  -2.0  2.0  11
2580  0.0  0.0  12
2581  0.0  0.0  12
2582  16.0  -16.0  6
2583  -6.0  6.0  100
2584  -4.0  4.0  100
2585  16.0  -16.0  6
2586  0.0  0.0  12
2587  -4.0  4.0  100
2588  16.0  -16.0  6
2589  0.0  0.0  12
2590  0.0  0.0  12
2591  -2.0  2.0  11
2592  -2.0  2.0  11
2593  16.0  -16.0  6
2594  -6.0  6.0  100
2595  0.0  0.0  12
2596  -2.0  2.0  100
2597  0.0  0.0  12
2598  16.0  -16.0  6
2599  16.0  -16.0  6
2600  -2.0  2.0  11
2601  -4.0  4.0  100
2602  0.0  0.0  12
2603  0.0  0.0  12
2604  -2.0  2.0  100
2605  16.0  -16.0  6
2606  0.0  0.0  12
2607  0.0  0.0  12
2608  -4.0  4.0  100
2609  -6.0  6.0  100
2610  0.0  0.0  12
2611  -6.0  6.0  100
2612  16.0  -16.0  6
2613  16.0  -16.0  6
2614  0.0  0.0  12
2615  -2.0  2.0  11
2616  -6.0  6.0  100
2617  16.0  -16.0  6
2618  0.0  0.0  12
2619  0.0  0.0  12
2620  16.0  -16.0  6
2621  -6.0  6.0  100
2622  0.0  0.0  12
2623  0.0  0.0  12
2624  0.0  0.0  12
2625  0.0  0.0  12
2626  -6.0  6.0  100
2627  0.0  0.0  12
2628  16.0  -16.0  6
2629  -4.0  4.0  100
2630  -6.0  6.0  100
2631  -10.0  10.0  100
2632  16.0  -16.0  6
2633  0.0  0.0  12
2634  0.0  0.0  12
2635  0.0  0.0  12
2636  0.0  0.0  12
2637  16.0  -16.0  6
2638  16.0  -16.0  6
2639  0.0  0.0  12
2640  -2.0  2.0  11
2641  -2.0  2.0  11
2642  0.0  0.0  12
2643  -2.0  2.0  100
2644  0.0  0.0  12
2645  0.0  0.0  12
2646  16.0  -16.0  6
2647  0.0  0.0  12
2648  0.0  0.0  12
2649  -6.0  6.0  100
2650  0.0  0.0  12
2651  0.0  0.0  12
2652  0.0  0.0  12
2653  0.0  0.0  12
2654  -8.0  8.0  100
2655  16.0  -16.0  6
2656  0.0  0.0  12
2657  -2.0  2.0  100
2658  0.0  0.0  12
2659  0.0  0.0  12
2660  0.0  0.0  12
2661  -6.0  6.0  100
2662  0.0  0.0  12
2663  -2.0  2.0  11
2664  0.0  0.0  12
2665  0.0  0.0  12
2666  0.0  0.0  12
2667  0.0  0.0  12
2668  -6.0  6.0  100
2669  16.0  -16.0  6
2670  0.0  0.0  12
2671  16.0  -16.0  6
2672  -4.0  4.0  100
2673  -4.0  4.0  100
2674  0.0  0.0  12
2675  16.0  -16.0  6
2676  0.0  0.0  12
2677  16.0  -16.0  6
2678  -4.0  4.0  100
2679  0.0  0.0  12
2680  -6.0  6.0  100
2681  0.0  0.0  12
2682  0.0  0.0  12
2683  12.0  -12.0  6
2684  -10.0  10.0  100
2685  16.0  -16.0  6
2686  0.0  0.0  12
2687  -6.0  6.0  100
2688  0.0  0.0  12
2689  -10.0  10.0  100
2690  16.0  -16.0  6
2691  16.0  -16.0  6
2692  16.0  -16.0  6
2693  0.0  0.0  12
2694  16.0  -16.0  6
2695  -8.0  8.0  100
2696  -4.0  4.0  100
2697  -4.0  4.0  100
2698  -4.0  4.0  100
2699  0.0  0.0  12
2700  -4.0  4.0  100
2701  0.0  0.0  12
2702  0.0  0.0  12
2703  16.0  -16.0  6
2704  -2.0  2.0  11
2705  16.0  -16.0  6
2706  -4.0  4.0  100
2707  0.0  0.0  12
2708  0.0  0.0  12
2709  0.0  0.0  12
2710  16.0  -16.0  6
2711  -6.0  6.0  100
2712  16.0  -16.0  6
2713  16.0  -16.0  6
2714  16.0  -16.0  6
2715  -6.0  6.0  100
2716  -4.0  4.0  10
2717  0.0  0.0  12
2718  0.0  0.0  12
2719  0.0  0.0  12
2720  0.0  0.0  12
2721  0.0  0.0  12
2722  -4.0  4.0  10
2723  0.0  0.0  12
2724  -2.0  2.0  11
2725  0.0  0.0  12
2726  16.0  -16.0  6
2727  16.0  -16.0  6
2728  16.0  -16.0  6
2729  0.0  0.0  12
2730  -2.0  2.0  11
2731  -6.0  6.0  100
2732  0.0  0.0  12
2733  -2.0  2.0  100
2734  16.0  -16.0  6
2735  -4.0  4.0  100
2736  -2.0  2.0  100
2737  -2.0  2.0  100
2738  16.0  -16.0  6
2739  0.0  0.0  12
2740  -2.0  2.0  100
2741  -8.0  8.0  100
2742  -2.0  2.0  100
2743  16.0  -16.0  6
2744  -10.0  10.0  100
2745  0.0  0.0  12
2746  -6.0  6.0  100
2747  -6.0  6.0  100
2748  0.0  0.0  12
2749  0.0  0.0  12
2750  0.0  0.0  12
2751  -2.0  2.0  100
2752  -4.0  4.0  100
2753  0.0  0.0  12
2754  0.0  0.0  12
2755  0.0  0.0  12
2756  12.0  -12.0  6
2757  -6.0  6.0  100
2758  16.0  -16.0  6
2759  16.0  -16.0  6
2760  0.0  0.0  12
2761  0.0  0.0  12
2762  -6.0  6.0  100
2763  0.0  0.0  12
2764  0.0  0.0  12
2765  16.0  -16.0  6
2766  16.0  -16.0  6
2767  0.0  0.0  12
2768  16.0  -16.0  6
2769  16.0  -16.0  6
2770  0.0  0.0  12
2771  0.0  0.0  12
2772  16.0  -16.0  6
2773  0.0  0.0  12
2774  -2.0  2.0  11
2775  0.0  0.0  12
2776  12.0  -12.0  6
2777  -6.0  6.0  100
2778  0.0  0.0  12
2779  16.0  -16.0  6
2780  -2.0  2.0  11
2781  0.0  0.0  12
2782  16.0  -16.0  6
2783  16.0  -16.0  6
2784  0.0  0.0  12
2785  16.0  -16.0  6
2786  -2.0  2.0  100
2787  -2.0  2.0  11
2788  -4.0  4.0  100
2789  -2.0  2.0  100
2790  0.0  0.0  12
2791  -6.0  6.0  100
2792  0.0  0.0  12
2793  0.0  0.0  12
2794  -8.0  8.0  100
2795  -6.0  6.0  100
2796  0.0  0.0  12
2797  16.0  -16.0  6
2798  0.0  0.0  12
2799  0.0  0.0  12
2800  -6.0  6.0  100
2801  0.0  0.0  12
2802  -4.0  4.0  100
2803  0.0  0.0  12
2804  16.0  -16.0  6
2805  0.0  0.0  12
2806  0.0  0.0  12
2807  0.0  0.0  12
2808  -6.0  6.0  100
2809  16.0  -16.0  6
2810  -10.0  10.0  100
2811  16.0  -16.0  6
2812  -4.0  4.0  100
2813  -8.0  8.0  100
2814  -4.0  4.0  100
2815  -6.0  6.0  100
2816  -6.0  6.0  100
2817  0.0  0.0  12
2818  0.0  0.0  12
2819  0.0  0.0  12
2820  0.0  0.0  12
2821  0.0  0.0  12
2822  0.0  0.0  12
2823  12.0  -12.0  6
2824  0.0  0.0  12
2825  0.0  0.0  12
2826  16.0  -16.0  6
2827  -6.0  6.0  100
2828  16.0  -16.0  6
2829  0.0  0.0  12
2830  16.0  -16.0  6
2831  0.0  0.0  12
2832  -6.0  6.0  100
2833  0.0  0.0  12
2834  -8.0  8.0  100
2835  -4.0  4.0  100
2836  16.0  -16.0  6
2837  16.0  -16.0  6
2838  -2.0  2.0  100
2839  16.0  -16.0  6
2840  -2.0  2.0  11
2841  -10.0  10.0  100
2842  0.0  0.0  12
2843  16.0  -16.0  6
2844  0.0  0.0  12
2845  0.0  0.0  12
2846  16.0  -16.0  6
2847  0.0  0.0  12
2848  -6.0  6.0  100
2849  0.0  0.0  12
2850  0.0  0.0  12
2851  16.0  -16.0  6
2852  0.0  0.0  12
2853  16.0  -16.0  6
2854  -8.0  8.0  100
2855  0.0  0.0  12
2856  16.0  -16.0  6
2857  -4.0  4.0  100
2858  -4.0  4.0  100
2859  0.0  0.0  12
2860  -6.0  6.0  100
2861  0.0  0.0  12
2862  -4.0  4.0  100
2863  16.0  -16.0  6
2864  0.0  0.0  12
2865  0.0  0.0  12
2866  16.0  -16.0  6
2867  16.0  -16.0  6
2868  -2.0  2.0  11
2869  0.0  0.0  12
2870  16.0  -16.0  6
2871  0.0  0.0  12
2872  0.0  0.0  12
2873  0.0  0.0  12
2874  -2.0  2.0  11
2875  0.0  0.0  12
2876  16.0  -16.0  6
2877  -6.0  6.0  100
2878  -2.0  2.0  11
2879  0.0  0.0  12
2880  -6.0  6.0  100
2881  0.0  0.0  12
2882  -6.0  6.0  100
2883  0.0  0.0  12
2884  -2.0  2.0  11
2885  12.0  -12.0  6
2886  0.0  0.0  12
2887  -4.0  4.0  100
2888  0.0  0.0  12
2889  -6.0  6.0  100
2890  0.0  0.0  12
2891  0.0  0.0  12
2892  0.0  0.0  12
2893  -4.0  4.0  100
2894  0.0  0.0  12
2895  0.0  0.0  12
2896  -4.0  4.0  100
2897  0.0  0.0  12
2898  0.0  0.0  12
2899  0.0  0.0  12
2900  0.0  0.0  12
2901  16.0  -16.0  6
2902  0.0  0.0  12
2903  -10.0  10.0  100
2904  -2.0  2.0  11
2905  -2.0  2.0  11
2906  16.0  -16.0  6
2907  0.0  0.0  12
2908  0.0  0.0  12
2909  16.0  -16.0  6
2910  0.0  0.0  12
2911  0.0  0.0  12
2912  0.0  0.0  12
2913  -2.0  2.0  11
2914  16.0  -16.0  6
2915  16.0  -16.0  6
2916  0.0  0.0  100
2917  16.0  -16.0  6
2918  0.0  0.0  12
2919  0.0  0.0  12
2920  0.0  0.0  12
2921  -2.0  2.0  11
2922  0.0  0.0  100
2923  16.0  -16.0  6
2924  -2.0  2.0  11
2925  16.0  -16.0  6
2926  -2.0  2.0  100
2927  0.0  0.0  100
2928  0.0  0.0  12
2929  -8.0  8.0  100
2930  16.0  -16.0  6
2931  0.0  0.0  12
2932  -2.0  2.0  100
2933  0.0  0.0  12
2934  0.0  0.0  12
2935  0.0  0.0  12
2936  16.0  -16.0  6
2937  0.0  0.0  12
2938  0.0  0.0  12
2939  0.0  0.0  12
2940  16.0  -16.0  6
2941  0.0  0.0  12
2942  0.0  0.0  12
2943  -4.0  4.0  100
2944  -6.0  6.0  100
2945  -4.0  4.0  100
2946  -2.0  2.0  11
2947  16.0  -16.0  6
2948  -2.0  2.0  100
2949  -6.0  6.0  100
2950  0.0  0.0  12
2951  -2.0  2.0  100
2952  0.0  0.0  12
2953  -4.0  4.0  100
2954  16.0  -16.0  6
2955  16.0  -16.0  6
2956  0.0  0.0  12
2957  -4.0  4.0  100
2958  0.0  0.0  12
2959  0.0  0.0  12
2960  0.0  0.0  12
2961  -2.0  2.0  100
2962  0.0  0.0  12
2963  -4.0  4.0  100
2964  -8.0  8.0  100
2965  -2.0  2.0  11
2966  12.0  -12.0  6
2967  -2.0  2.0  11
2968  -8.0  8.0  100
2969  0.0  0.0  12
2970  0.0  0.0  12
2971  0.0  0.0  12
2972  0.0  0.0  12
2973  0.0  0.0  12
2974  0.0  0.0  12
2975  -2.0  2.0  100
2976  -12.0  12.0  100
2977  0.0  0.0  12
2978  -6.0  6.0  100
2979  -8.0  8.0  100
2980  -2.0  2.0  11
2981  -6.0  6.0  100
2982  0.0  0.0  12
2983  -2.0  2.0  11
2984  16.0  -16.0  6
2985  -2.0  2.0  100
2986  -6.0  6.0  100
2987  16.0  -16.0  6
2988  -2.0  2.0  11
2989  -8.0  8.0  100
2990  0.0  0.0  12
2991  -2.0  2.0  11
2992  -6.0  6.0  100
2993  0.0  0.0  12
2994  0.0  0.0  12
2995  -10.0  10.0  100
2996  16.0  -16.0  6
2997  0.0  0.0  12
2998  -6.0  6.0  100
2999  0.0  0.0  12
3000  0.0  0.0  12
3001  0.0  0.0  12
3002  0.0  0.0  12
3003  16.0  -16.0  6
3004  16.0  -16.0  6
3005  16.0  -16.0  6
3006  12.0  -12.0  6
3007  0.0  0.0  12
3008  -6.0  6.0  100
3009  16.0  -16.0  6
3010  -6.0  6.0  100
3011  0.0  0.0  12
3012  -2.0  2.0  11
3013  16.0  -16.0  6
3014  0.0  0.0  12
3015  -8.0  8.0  100
3016  0.0  0.0  12
3017  -6.0  6.0  100
3018  16.0  -16.0  6
3019  0.0  0.0  12
3020  0.0  0.0  12
3021  16.0  -16.0  6
3022  0.0  0.0  12
3023  0.0  0.0  100
3024  16.0  -16.0  6
3025  0.0  0.0  12
3026  0.0  0.0  12
3027  0.0  0.0  12
3028  0.0  0.0  12
3029  16.0  -16.0  6
3030  16.0  -16.0  6
3031  -2.0  2.0  100
3032  -4.0  4.0  100
3033  -2.0  2.0  100
3034  0.0  0.0  12
3035  0.0  0.0  12
3036  -10.0  10.0  100
3037  16.0  -16.0  6
3038  0.0  0.0  12
3039  0.0  0.0  12
3040  0.0  0.0  12
3041  -8.0  8.0  100
3042  -2.0  2.0  11
3043  0.0  0.0  12
3044  16.0  -16.0  6
3045  16.0  -16.0  6
3046  -6.0  6.0  100
3047  0.0  0.0  12
3048  -10.0  10.0  100
3049  0.0  0.0  12
3050  -6.0  6.0  100
3051  0.0  0.0  12
3052  16.0  -16.0  6
3053  0.0  0.0  12
3054  0.0  0.0  12
3055  16.0  -16.0  6
3056  0.0  0.0  12
3057  0.0  0.0  12
3058  0.0  0.0  12
3059  16.0  -16.0  6
3060  16.0  -16.0  6
3061  -2.0  2.0  11
3062  16.0  -16.0  6
3063  16.0  -16.0  6
3064  0.0  0.0  12
3065  -6.0  6.0  100
3066  0.0  0.0  12
3067  0.0  0.0  12
3068  0.0  0.0  12
3069  0.0  0.0  12
3070  0.0  0.0  12
3071  16.0  -16.0  6
3072  0.0  0.0  12
3073  -2.0  2.0  11
3074  0.0  0.0  12
3075  -6.0  6.0  100
3076  16.0  -16.0  6
3077  0.0  0.0  12
3078  -4.0  4.0  100
3079  -4.0  4.0  100
3080  -8.0  8.0  100
3081  -2.0  2.0  11
3082  0.0  0.0  12
3083  0.0  0.0  12
3084  -8.0  8.0  100
3085  16.0  -16.0  6
3086  16.0  -16.0  6
3087  -6.0  6.0  100
3088  0.0  0.0  12
3089  -6.0  6.0  100
3090  0.0  0.0  12
3091  -2.0  2.0  11
3092  -6.0  6.0  100
3093  16.0  -16.0  6
3094  0.0  0.0  12
3095  0.0  0.0  12
3096  16.0  -16.0  6
3097  0.0  0.0  12
3098  -2.0  2.0  11
3099  16.0  -16.0  6
3100  0.0  0.0  12
3101  -4.0  4.0  100
3102  0.0  0.0  12
3103  -2.0  2.0  11
3104  0.0  0.0  12
3105  0.0  0.0  12
3106  -6.0  6.0  100
3107  16.0  -16.0  6
3108  16.0  -16.0  6
3109  0.0  0.0  12
3110  0.0  0.0  12
3111  -8.0  8.0  100
3112  0.0  0.0  12
3113  -2.0  2.0  11
3114  0.0  0.0  12
3115  16.0  -16.0  6
3116  -6.0  6.0  100
3117  0.0  0.0  12
3118  -6.0  6.0  100
3119  0.0  0.0  12
3120  -8.0  8.0  100
3121  -8.0  8.0  100
3122  0.0  0.0  12
3123  0.0  0.0  12
3124  0.0  0.0  12
3125  0.0  0.0  12
3126  -2.0  2.0  11
3127  16.0  -16.0  6
3128  0.0  0.0  12
3129  -2.0  2.0  11
3130  0.0  0.0  100
3131  -2.0  2.0  11
3132  -2.0  2.0  11
3133  0.0  0.0  12
3134  0.0  0.0  12
3135  16.0  -16.0  6
3136  16.0  -16.0  6
3137  -4.0  4.0  10
3138  16.0  -16.0  6
3139  -6.0  6.0  100
3140  16.0  -16.0  6
3141  16.0  -16.0  6
3142  0.0  0.0  12
3143  0.0  0.0  12
3144  -2.0  2.0  100
3145  0.0  0.0  12
3146  -8.0  8.0  100
3147  -4.0  4.0  100
3148  0.0  0.0  12
3149  0.0  0.0  12
3150  -6.0  6.0  100
3151  -8.0  8.0  100
3152  12.0  -12.0  6
3153  -4.0  4.0  100
3154  0.0  0.0  12
3155  -4.0  4.0  100
3156  16.0  -16.0  6
3157  0.0  0.0  12
3158  0.0  0.0  12
3159  -4.0  4.0  100
3160  0.0  0.0  12
3161  0.0  0.0  12
3162  12.0  -12.0  6
3163  16.0  -16.0  6
3164  -2.0  2.0  100
3165  16.0  -16.0  6
3166  16.0  -16.0  6
3167  -4.0  4.0  100
3168  16.0  -16.0  6
3169  16.0  -16.0  6
3170  0.0  0.0  12
3171  0.0  0.0  12
3172  0.0  0.0  12
3173  0.0  0.0  12
3174  0.0  0.0  12
3175  16.0  -16.0  6
3176  0.0  0.0  12
3177  0.0  0.0  12
3178  16.0  -16.0  6
3179  0.0  0.0  12
3180  0.0  0.0  12
3181  16.0  -16.0  6
3182  16.0  -16.0  6
3183  -2.0  2.0  11
3184  -2.0  2.0  100
3185  0.0  0.0  12
3186  -4.0  4.0  10
3187  0.0  0.0  12
3188  -6.0  6.0  100
3189  16.0  -16.0  6
3190  -10.0  10.0  100
3191  -2.0  2.0  100
3192  -4.0  4.0  100
3193  -6.0  6.0  100
3194  -8.0  8.0  100
3195  0.0  0.0  12
3196  16.0  -16.0  6
3197  16.0  -16.0  6
3198  12.0  -12.0  6
3199  -4.0  4.0  100
3200  16.0  -16.0  6
3201  16.0  -16.0  6
3202  0.0  0.0  12
3203  -6.0  6.0  100
3204  0.0  0.0  12
3205  0.0  0.0  12
3206  0.0  0.0  12
3207  16.0  -16.0  6
3208  16.0  -16.0  6
3209  0.0  0.0  100
3210  16.0  -16.0  6
3211  -6.0  6.0  100
3212  -2.0  2.0  11
3213  16.0  -16.0  6
3214  -2.0  2.0  11
3215  0.0  0.0  12
3216  0.0  0.0  12
3217  0.0  0.0  12
3218  16.0  -16.0  6
3219  0.0  0.0  12
3220  -8.0  8.0  100
3221  0.0  0.0  12
3222  0.0  0.0  12
3223  16.0  -16.0  6
3224  16.0  -16.0  6
3225  -6.0  6.0  100
3226  0.0  0.0  12
3227  -8.0  8.0  100
3228  16.0  -16.0  6
3229  0.0  0.0  12
3230  0.0  0.0  12
3231  0.0  0.0  12
3232  0.0  0.0  12
3233  12.0  -12.0  6
3234  0.0  0.0  12
3235  0.0  0.0  12
3236  -4.0  4.0  100
3237  -2.0  2.0  100
3238  12.0  -12.0  6
3239  16.0  -16.0  6
3240  0.0  0.0  12
3241  16.0  -16.0  6
3242  0.0  0.0  12
3243  0.0  0.0  12
3244  16.0  -16.0  6
3245  0.0  0.0  12
3246  -2.0  2.0  11
3247  -6.0  6.0  100
3248  0.0  0.0  12
3249  16.0  -16.0  6
3250  16.0  -16.0  6
3251  -2.0  2.0  100
3252  -6.0  6.0  100
3253  0.0  0.0  12
3254  -8.0  8.0  100
3255  0.0  0.0  12
3256  -8.0  8.0  100
3257  0.0  0.0  12
3258  -4.0  4.0  100
3259  0.0  0.0  12
3260  -8.0  8.0  100
3261  -10.0  10.0  100
3262  0.0  0.0  12
3263  -2.0  2.0  11
3264  0.0  0.0  12
3265  0.0  0.0  12
3266  16.0  -16.0  6
3267  -4.0  4.0  100
3268  16.0  -16.0  6
3269  0.0  0.0  12
3270  0.0  0.0  12
3271  16.0  -16.0  6
3272  0.0  0.0  12
3273  0.0  0.0  12
3274  0.0  0.0  12
3275  -6.0  6.0  100
3276  12.0  -12.0  6
3277  -4.0  4.0  100
3278  0.0  0.0  12
3279  16.0  -16.0  6
3280  0.0  0.0  12
3281  16.0  -16.0  6
3282  -2.0  2.0  11
3283  0.0  0.0  12
3284  16.0  -16.0  6
3285  0.0  0.0  12
3286  16.0  -16.0  6
3287  -2.0  2.0  100
3288  16.0  -16.0  6
3289  0.0  0.0  12
3290  16.0  -16.0  6
3291  0.0  0.0  12
3292  16.0  -16.0  6
3293  0.0  0.0  100
3294  12.0  -12.0  6
3295  -10.0  10.0  100
3296  -8.0  8.0  100
3297  0.0  0.0  12
3298  -6.0  6.0  100
3299  16.0  -16.0  6
3300  16.0  -16.0  6
3301  -4.0  4.0  100
3302  16.0  -16.0  6
3303  12.0  -12.0  6
3304  16.0  -16.0  6
3305  -6.0  6.0  100
3306  16.0  -16.0  6
3307  -6.0  6.0  100
3308  0.0  0.0  12
3309  0.0  0.0  12
3310  -6.0  6.0  100
3311  -6.0  6.0  100
3312  16.0  -16.0  6
3313  0.0  0.0  12
3314  0.0  0.0  12
3315  0.0  0.0  12
3316  16.0  -16.0  6
3317  16.0  -16.0  6
3318  -4.0  4.0  100
3319  -2.0  2.0  11
3320  16.0  -16.0  6
3321  0.0  0.0  12
3322  0.0  0.0  12
3323  0.0  0.0  12
3324  0.0  0.0  12
3325  -2.0  2.0  11
3326  -6.0  6.0  100
3327  16.0  -16.0  6
3328  12.0  -12.0  6
3329  0.0  0.0  12
3330  0.0  0.0  12
3331  -6.0  6.0  100
3332  0.0  0.0  12
3333  -6.0  6.0  100
3334  0.0  0.0  12
3335  -2.0  2.0  11
3336  -2.0  2.0  11
3337  16.0  -16.0  6
3338  0.0  0.0  12
3339  -8.0  8.0  100
3340  16.0  -16.0  6
3341  16.0  -16.0  6
3342  16.0  -16.0  6
3343  0.0  0.0  12
3344  -2.0  2.0  11
3345  16.0  -16.0  6
3346  0.0  0.0  12
3347  -6.0  6.0  100
3348  -8.0  8.0  100
3349  0.0  0.0  12
3350  16.0  -16.0  6
3351  0.0  0.0  12
3352  0.0  0.0  12
3353  0.0  0.0  12
3354  0.0  0.0  12
3355  -8.0  8.0  100
3356  16.0  -16.0  6
3357  0.0  0.0  12
3358  0.0  0.0  12
3359  0.0  0.0  12
3360  -6.0  6.0  100
3361  16.0  -16.0  6
3362  16.0  -16.0  6
3363  -6.0  6.0  100
3364  16.0  -16.0  6
3365  -2.0  2.0  100
3366  16.0  -16.0  6
3367  0.0  0.0  100
3368  0.0  0.0  12
3369  -4.0  4.0  100
3370  -2.0  2.0  100
3371  0.0  0.0  12
3372  0.0  0.0  12
3373  0.0  0.0  12
3374  0.0  0.0  12
3375  -2.0  2.0  11
3376  0.0  0.0  12
3377  -4.0  4.0  100
3378  16.0  -16.0  6
3379  16.0  -16.0  6
3380  0.0  0.0  12
3381  0.0  0.0  12
3382  0.0  0.0  12
3383  -6.0  6.0  100
3384  -2.0  2.0  11
3385  16.0  -16.0  6
3386  0.0  0.0  12
3387  16.0  -16.0  6
3388  -4.0  4.0  100
3389  0.0  0.0  12
3390  0.0  0.0  12
3391  -2.0  2.0  100
3392  0.0  0.0  12
3393  0.0  0.0  12
3394  -8.0  8.0  100
3395  0.0  0.0  12
3396  16.0  -16.0  6
3397  -4.0  4.0  100
3398  -4.0  4.0  100
3399  16.0  -16.0  6
3400  16.0  -16.0  6
3401  -8.0  8.0  100
3402  -6.0  6.0  100
3403  16.0  -16.0  6
3404  0.0  0.0  12
3405  0.0  0.0  12
3406  -6.0  6.0  100
3407  16.0  -16.0  6
3408  0.0  0.0  12
3409  16.0  -16.0  6
3410  0.0  0.0  12
3411  0.0  0.0  12
3412  16.0  -16.0  6
3413  0.0  0.0  12
3414  0.0  0.0  12
3415  -6.0  6.0  100
3416  16.0  -16.0  6
3417  0.0  0.0  12
3418  0.0  0.0  12
3419  -6.0  6.0  100
3420  0.0  0.0  12
3421  16.0  -16.0  6
3422  -8.0  8.0  100
3423  16.0  -16.0  6
3424  -10.0  10.0  100
3425  -2.0  2.0  100
3426  -6.0  6.0  100
3427  16.0  -16.0  6
3428  16.0  -16.0  6
3429  0.0  0.0  12
3430  -6.0  6.0  100
3431  16.0  -16.0  6
3432  -8.0  8.0  100
3433  -6.0  6.0  100
3434  16.0  -16.0  6
3435  0.0  0.0  12
3436  -6.0  6.0  100
3437  16.0  -16.0  6
3438  16.0  -16.0  6
3439  16.0  -16.0  6
3440  -4.0  4.0  100
3441  0.0  0.0  12
3442  0.0  0.0  12
3443  16.0  -16.0  6
3444  16.0  -16.0  6
3445  0.0  0.0  12
3446  -2.0  2.0  11
3447  -6.0  6.0  100
3448  0.0  0.0  12
3449  0.0  0.0  100
3450  0.0  0.0  12
3451  16.0  -16.0  6
3452  -2.0  2.0  11
3453  16.0  -16.0  6
3454  0.0  0.0  12
3455  0.0  0.0  12
3456  -6.0  6.0  100
3457  -2.0  2.0  11
3458  -10.0  10.0  100
3459  0.0  0.0  12
3460  0.0  0.0  12
3461  0.0  0.0  12
3462  16.0  -16.0  6
3463  16.0  -16.0  6
3464  -4.0  4.0  100
3465  -10.0  10.0  100
3466  -2.0  2.0  100
3467  0.0  0.0  12
3468  0.0  0.0  12
3469  0.0  0.0  12
3470  -4.0  4.0  100
3471  -2.0  2.0  100
3472  0.0  0.0  12
3473  0.0  0.0  12
3474  -2.0  2.0  100
3475  16.0  -16.0  6
3476  -4.0  4.0  10
3477  16.0  -16.0  6
3478  0.0  0.0  12
3479  0.0  0.0  12
3480  -8.0  8.0  100
3481  16.0  -16.0  6
3482  0.0  0.0  12
3483  0.0  0.0  12
3484  0.0  0.0  12
3485  -2.0  2.0  11
3486  0.0  0.0  12
3487  -6.0  6.0  100
3488  0.0  0.0  12
3489  -8.0  8.0  100
3490  -10.0  10.0  100
3491  -2.0  2.0  100
3492  16.0  -16.0  6
3493  0.0  0.0  12
3494  -6.0  6.0  100
3495  0.0  0.0  12
3496  16.0  -16.0  6
3497  0.0  0.0  12
3498  0.0  0.0  12
3499  16.0  -16.0  6
3500  16.0  -16.0  6
3501  -6.0  6.0  100
3502  0.0  0.0  12
3503  -4.0  4.0  100
3504  16.0  -16.0  6
3505  0.0  0.0  12
3506  0.0  0.0  12
3507  16.0  -16.0  6
3508  16.0  -16.0  6
3509  0.0  0.0  12
3510  16.0  -16.0  6
3511  0.0  0.0  12
3512  16.0  -16.0  6
3513  0.0  0.0  12
3514  0.0  0.0  12
3515  0.0  0.0  12
3516  16.0  -16.0  6
3517  16.0  -16.0  6
3518  -8.0  8.0  100
3519  -2.0  2.0  11
3520  -2.0  2.0  100
3521  16.0  -16.0  6
3522  0.0  0.0  12
3523  -4.0  4.0  100
3524  -4.0  4.0  100
3525  16.0  -16.0  6
3526  0.0  0.0  12
3527  -4.0  4.0  100
3528  16.0  -16.0  6
3529  0.0  0.0  12
3530  16.0  -16.0  6
3531  16.0  -16.0  6
3532  -4.0  4.0  100
3533  -6.0  6.0  100
3534  0.0  0.0  12
3535  16.0  -16.0  6
3536  -6.0  6.0  100
3537  -2.0  2.0  11
3538  -6.0  6.0  100
3539  0.0  0.0  12
3540  0.0  0.0  12
3541  16.0  -16.0  6
3542  0.0  0.0  12
3543  16.0  -16.0  6
3544  16.0  -16.0  6
3545  -4.0  4.0  100
3546  0.0  0.0  12
3547  -6.0  6.0  100
3548  -2.0  2.0  11
3549  16.0  -16.0  6
3550  16.0  -16.0  6
3551  16.0  -16.0  6
3552  0.0  0.0  12
3553  16.0  -16.0  6
3554  0.0  0.0  12
3555  16.0  -16.0  6
3556  0.0  0.0  12
3557  0.0  0.0  12
3558  -2.0  2.0  11
3559  0.0  0.0  12
3560  0.0  0.0  12
3561  -4.0  4.0  10
3562  -4.0  4.0  100
3563  -6.0  6.0  100
3564  16.0  -16.0  6
3565  16.0  -16.0  6
3566  0.0  0.0  12
3567  -2.0  2.0  11
3568  16.0  -16.0  6
3569  16.0  -16.0  6
3570  0.0  0.0  100
3571  16.0  -16.0  6
3572  16.0  -16.0  6
3573  0.0  0.0  12
3574  16.0  -16.0  6
3575  16.0  -16.0  6
3576  0.0  0.0  12
3577  -4.0  4.0  100
3578  -12.0  12.0  100
3579  -2.0  2.0  11
3580  0.0  0.0  12
3581  0.0  0.0  12
3582  0.0  0.0  12
3583  -2.0  2.0  11
3584  0.0  0.0  12
3585  -6.0  6.0  100
3586  0.0  0.0  12
3587  16.0  -16.0  6
3588  -4.0  4.0  100
3589  0.0  0.0  12
3590  16.0  -16.0  6
3591  16.0  -16.0  6
3592  0.0  0.0  12
3593  16.0  -16.0  6
3594  16.0  -16.0  6
3595  16.0  -16.0  6
3596  0.0  0.0  12
3597  16.0  -16.0  6
3598  0.0  0.0  12
3599  0.0  0.0  12
3600  0.0  0.0  12
3601  0.0  0.0  12
3602  16.0  -16.0  6
3603  16.0  -16.0  6
3604  16.0  -16.0  6
3605  16.0  -16.0  6
3606  -6.0  6.0  100
3607  0.0  0.0  12
3608  0.0  0.0  12
3609  -6.0  6.0  100
3610  -2.0  2.0  11
3611  0.0  0.0  12
3612  -2.0  2.0  100
3613  -6.0  6.0  100
3614  -6.0  6.0  100
3615  0.0  0.0  12
3616  -2.0  2.0  11
3617  -2.0  2.0  11
3618  0.0  0.0  12
3619  -8.0  8.0  100
3620  -6.0  6.0  100
3621  16.0  -16.0  6
3622  0.0  0.0  12
3623  16.0  -16.0  6
3624  16.0  -16.0  6
3625  0.0  0.0  12
3626  0.0  0.0  12
3627  -2.0  2.0  100
3628  0.0  0.0  12
3629  0.0  0.0  12
3630  -4.0  4.0  100
3631  0.0  0.0  12
3632  16.0  -16.0  6
3633  0.0  0.0  12
3634  -2.0  2.0  11
3635  16.0  -16.0  6
3636  0.0  0.0  12
3637  0.0  0.0  12
3638  -8.0  8.0  100
3639  0.0  0.0  12
3640  0.0  0.0  12
3641  12.0  -12.0  6
3642  0.0  0.0  12
3643  -4.0  4.0  100
3644  0.0  0.0  12
3645  -8.0  8.0  100
3646  -8.0  8.0  100
3647  -6.0  6.0  100
3648  -4.0  4.0  100
3649  0.0  0.0  12
3650  -8.0  8.0  100
3651  -2.0  2.0  100
3652  16.0  -16.0  6
3653  16.0  -16.0  6
3654  0.0  0.0  12
3655  0.0  0.0  12
3656  -2.0  2.0  11
3657  16.0  -16.0  6
3658  16.0  -16.0  6
3659  16.0  -16.0  6
3660  12.0  -12.0  6
3661  16.0  -16.0  6
3662  16.0  -16.0  6
3663  0.0  0.0  12
3664  0.0  0.0  12
3665  -8.0  8.0  100
3666  16.0  -16.0  6
3667  -4.0  4.0  100
3668  12.0  -12.0  6
3669  16.0  -16.0  6
3670  0.0  0.0  12
3671  16.0  -16.0  6
3672  -2.0  2.0  11
3673  0.0  0.0  12
3674  -2.0  2.0  100
3675  -6.0  6.0  100
3676  -4.0  4.0  100
3677  0.0  0.0  12
3678  16.0  -16.0  6
3679  0.0  0.0  12
3680  16.0  -16.0  6
3681  -2.0  2.0  100
3682  -4.0  4.0  100
3683  16.0  -16.0  6
3684  -8.0  8.0  100
3685  16.0  -16.0  6
3686  -4.0  4.0  100
3687  -4.0  4.0  100
3688  0.0  0.0  100
3689  16.0  -16.0  6
3690  -2.0  2.0  11
3691  -2.0  2.0  100
3692  -6.0  6.0  100
3693  0.0  0.0  12
3694  -6.0  6.0  100
3695  16.0  -16.0  6
3696  0.0  0.0  12
3697  -6.0  6.0  100
3698  0.0  0.0  12
3699  16.0  -16.0  6
3700  -6.0  6.0  100
3701  0.0  0.0  12
3702  -4.0  4.0  100
3703  -2.0  2.0  100
3704  0.0  0.0  12
3705  16.0  -16.0  6
3706  -6.0  6.0  100
3707  -2.0  2.0  100
3708  0.0  0.0  12
3709  0.0  0.0  12
3710  -6.0  6.0  100
3711  -4.0  4.0  100
3712  -6.0  6.0  100
3713  0.0  0.0  12
3714  16.0  -16.0  6
3715  -6.0  6.0  100
3716  0.0  0.0  12
3717  0.0  0.0  12
3718  0.0  0.0  100
3719  -4.0  4.0  100
3720  0.0  0.0  12
3721  16.0  -16.0  6
3722  0.0  0.0  12
3723  0.0  0.0  12
3724  -2.0  2.0  11
3725  0.0  0.0  12
3726  16.0  -16.0  6
3727  0.0  0.0  12
3728  16.0  -16.0  6
3729  16.0  -16.0  6
3730  16.0  -16.0  6
3731  -2.0  2.0  11
3732  0.0  0.0  12
3733  16.0  -16.0  6
3734  16.0  -16.0  6
3735  -2.0  2.0  100
3736  -10.0  10.0  100
3737  -12.0  12.0  100
3738  16.0  -16.0  6
3739  0.0  0.0  12
3740  -2.0  2.0  11
3741  -8.0  8.0  100
3742  0.0  0.0  12
3743  -4.0  4.0  100
3744  0.0  0.0  12
3745  0.0  0.0  100
3746  16.0  -16.0  6
3747  0.0  0.0  12
3748  0.0  0.0  12
3749  0.0  0.0  12
3750  0.0  0.0  12
3751  16.0  -16.0  6
3752  0.0  0.0  12
3753  0.0  0.0  12
3754  0.0  0.0  12
3755  16.0  -16.0  6
3756  0.0  0.0  12
3757  0.0  0.0  12
3758  0.0  0.0  12
3759  -4.0  4.0  100
3760  -4.0  4.0  100
3761  -6.0  6.0  100
3762  0.0  0.0  12
3763  -8.0  8.0  100
3764  0.0  0.0  12
3765  -2.0  2.0  11
3766  0.0  0.0  12
3767  -4.0  4.0  100
3768  0.0  0.0  12
3769  0.0  0.0  12
3770  0.0  0.0  12
3771  -2.0  2.0  11
3772  0.0  0.0  12
3773  0.0  0.0  12
3774  0.0  0.0  12
3775  16.0  -16.0  6
3776  0.0  0.0  12
3777  16.0  -16.0  6
3778  16.0  -16.0  6
3779  16.0  -16.0  6
3780  0.0  0.0  12
3781  -4.0  4.0  10
3782  -2.0  2.0  11
3783  0.0  0.0  12
3784  0.0  0.0  12
3785  16.0  -16.0  6
3786  0.0  0.0  12
3787  0.0  0.0  100
3788  -4.0  4.0  100
3789  0.0  0.0  12
3790  0.0  0.0  12
3791  -4.0  4.0  100
3792  0.0  0.0  12
3793  -6.0  6.0  100
3794  -8.0  8.0  100
3795  12.0  -12.0  6
3796  -4.0  4.0  100
3797  0.0  0.0  12
3798  -4.0  4.0  100
3799  16.0  -16.0  6
3800  0.0  0.0  12
3801  0.0  0.0  12
3802  0.0  0.0  12
3803  0.0  0.0  12
3804  0.0  0.0  12
3805  0.0  0.0  12
3806  0.0  0.0  12
3807  16.0  -16.0  6
3808  -4.0  4.0  100
3809  0.0  0.0  12
3810  -10.0  10.0  100
3811  -2.0  2.0  100
3812  0.0  0.0  12
3813  -10.0  10.0  100
3814  0.0  0.0  12
3815  0.0  0.0  12
3816  0.0  0.0  12
3817  0.0  0.0  12
3818  -4.0  4.0  100
3819  -4.0  4.0  100
3820  0.0  0.0  12
3821  16.0  -16.0  6
3822  0.0  0.0  12
3823  0.0  0.0  12
3824  0.0  0.0  100
3825  -2.0  2.0  11
3826  16.0  -16.0  6
3827  16.0  -16.0  6
3828  12.0  -12.0  6
3829  0.0  0.0  12
3830  0.0  0.0  12
3831  16.0  -16.0  6
3832  -8.0  8.0  100
3833  0.0  0.0  12
3834  -8.0  8.0  100
3835  16.0  -16.0  6
3836  0.0  0.0  12
3837  0.0  0.0  12
3838  12.0  -12.0  6
3839  0.0  0.0  100
3840  0.0  0.0  12
3841  -4.0  4.0  100
3842  16.0  -16.0  6
3843  0.0  0.0  12
3844  16.0  -16.0  6
3845  0.0  0.0  12
3846  0.0  0.0  12
3847  0.0  0.0  12
3848  0.0  0.0  12
3849  -8.0  8.0  100
3850  0.0  0.0  12
3851  -2.0  2.0  11
3852  0.0  0.0  12
3853  -2.0  2.0  11
3854  16.0  -16.0  6
3855  16.0  -16.0  6
3856  -2.0  2.0  100
3857  0.0  0.0  12
3858  0.0  0.0  12
3859  0.0  0.0  12
3860  0.0  0.0  12
3861  16.0  -16.0  6
3862  -2.0  2.0  11
3863  0.0  0.0  12
3864  -8.0  8.0  100
3865  0.0  0.0  12
3866  0.0  0.0  12
3867  0.0  0.0  12
3868  0.0  0.0  12
3869  -2.0  2.0  11
3870  -8.0  8.0  100
3871  -4.0  4.0  100
3872  0.0  0.0  12
3873  -4.0  4.0  100
3874  0.0  0.0  12
3875  -8.0  8.0  100
3876  -2.0  2.0  100
3877  0.0  0.0  12
3878  16.0  -16.0  6
3879  16.0  -16.0  6
3880  -8.0  8.0  100
3881  -6.0  6.0  100
3882  -2.0  2.0  11
3883  -4.0  4.0  100
3884  0.0  0.0  12
3885  12.0  -12.0  6
3886  16.0  -16.0  6
3887  -12.0  12.0  100
3888  0.0  0.0  12
3889  0.0  0.0  12
3890  16.0  -16.0  6
3891  16.0  -16.0  6
3892  16.0  -16.0  6
3893  0.0  0.0  12
3894  -2.0  2.0  11
3895  0.0  0.0  12
3896  -10.0  10.0  100
3897  0.0  0.0  12
3898  -2.0  2.0  100
3899  16.0  -16.0  6
3900  0.0  0.0  12
3901  16.0  -16.0  6
3902  0.0  0.0  12
3903  16.0  -16.0  6
3904  0.0  0.0  12
3905  0.0  0.0  12
3906  0.0  0.0  12
3907  0.0  0.0  12
3908  12.0  -12.0  6
3909  -2.0  2.0  100
3910  0.0  0.0  12
3911  0.0  0.0  12
3912  -2.0  2.0  100
3913  0.0  0.0  12
3914  -2.0  2.0  11
3915  16.0  -16.0  6
3916  16.0  -16.0  6
3917  0.0  0.0  12
3918  -6.0  6.0  100
3919  16.0  -16.0  6
3920  0.0  0.0  12
3921  0.0  0.0  12
3922  0.0  0.0  12
3923  16.0  -16.0  6
3924  -4.0  4.0  100
3925  -6.0  6.0  100
3926  0.0  0.0  12
3927  -2.0  2.0  11
3928  0.0  0.0  12
3929  -6.0  6.0  100
3930  -6.0  6.0  100
3931  0.0  0.0  12
3932  0.0  0.0  12
3933  0.0  0.0  12
3934  0.0  0.0  12
3935  16.0  -16.0  6
3936  -4.0  4.0  100
3937  16.0  -16.0  6
3938  16.0  -16.0  6
3939  0.0  0.0  12
3940  0.0  0.0  12
3941  0.0  0.0  12
3942  16.0  -16.0  6
3943  0.0  0.0  12
3944  0.0  0.0  12
3945  16.0  -16.0  6
3946  0.0  0.0  12
3947  0.0  0.0  12
3948  16.0  -16.0  6
3949  16.0  -16.0  6
3950  16.0  -16.0  6
3951  -4.0  4.0  100
3952  -6.0  6.0  100
3953  16.0  -16.0  6
3954  0.0  0.0  12
3955  0.0  0.0  12
3956  0.0  0.0  12
3957  -2.0  2.0  11
3958  -6.0  6.0  100
3959  -2.0  2.0  11
3960  0.0  0.0  12
3961  0.0  0.0  12
3962  0.0  0.0  12
3963  -2.0  2.0  11
3964  -2.0  2.0  100
3965  -6.0  6.0  100
3966  16.0  -16.0  6
3967  12.0  -12.0  6
3968  16.0  -16.0  6
3969  0.0  0.0  12
3970  0.0  0.0  12
3971  0.0  0.0  12
3972  0.0  0.0  12
3973  0.0  0.0  12
3974  16.0  -16.0  6
3975  0.0  0.0  12
3976  16.0  -16.0  6
3977  16.0  -16.0  6
3978  -10.0  10.0  100
3979  0.0  0.0  12
3980  -6.0  6.0  100
3981  16.0  -16.0  6
3982  -6.0  6.0  100
3983  0.0  0.0  12
3984  16.0  -16.0  6
3985  0.0  0.0  12
3986  16.0  -16.0  6
3987  0.0  0.0  100
3988  0.0  0.0  12
3989  0.0  0.0  12
3990  0.0  0.0  12
3991  0.0  0.0  12
3992  -6.0  6.0  100
3993  16.0  -16.0  6
3994  16.0  -16.0  6
3995  16.0  -16.0  6
3996  0.0  0.0  12
3997  -4.0  4.0  100
3998  16.0  -16.0  6
3999  -8.0  8.0  100
4000  16.0  -16.0  6
4001  -6.0  6.0  100
4002  -12.0  12.0  100
4003  16.0  -16.0  6
4004  0.0  0.0  12
4005  -4.0  4.0  100
4006  0.0  0.0  12
4007  -4.0  4.0  100
4008  0.0  0.0  12
4009  0.0  0.0  12
4010  -8.0  8.0  100
4011  -6.0  6.0  100
4012  16.0  -16.0  6
4013  0.0  0.0  12
4014  0.0  0.0  12
4015  0.0  0.0  12
4016  0.0  0.0  12
4017  0.0  0.0  12
4018  -4.0  4.0  10
4019  -4.0  4.0  100
4020  -2.0  2.0  100
4021  -4.0  4.0  100
4022  0.0  0.0  12
4023  0.0  0.0  12
4024  0.0  0.0  12
4025  0.0  0.0  12
4026  0.0  0.0  12
4027  -8.0  8.0  100
4028  0.0  0.0  12
4029  -12.0  12.0  100
4030  0.0  0.0  12
4031  16.0  -16.0  6
4032  0.0  0.0  12
4033  -6.0  6.0  100
4034  12.0  -12.0  6
4035  0.0  0.0  12
4036  0.0  0.0  12
4037  0.0  0.0  12
4038  0.0  0.0  12
4039  0.0  0.0  12
4040  -4.0  4.0  10
4041  -2.0  2.0  11
4042  -4.0  4.0  100
4043  -2.0  2.0  11
4044  16.0  -16.0  6
4045  16.0  -16.0  6
4046  0.0  0.0  100
4047  16.0  -16.0  6
4048  -2.0  2.0  11
4049  -2.0  2.0  100
4050  0.0  0.0  12
4051  16.0  -16.0  6
4052  0.0  0.0  12
4053  0.0  0.0  12
4054  16.0  -16.0  6
4055  16.0  -16.0  6
4056  0.0  0.0  12
4057  0.0  0.0  12
4058  0.0  0.0  12
4059  0.0  0.0  12
4060  0.0  0.0  12
4061  16.0  -16.0  6
4062  16.0  -16.0  6
4063  0.0  0.0  12
4064  0.0  0.0  12
4065  0.0  0.0  12
4066  -6.0  6.0  100
4067  -4.0  4.0  100
4068  16.0  -16.0  6
4069  16.0  -16.0  6
4070  0.0  0.0  12
4071  -2.0  2.0  11
4072  -2.0  2.0  11
4073  16.0  -16.0  6
4074  0.0  0.0  12
4075  0.0  0.0  12
4076  -6.0  6.0  100
4077  -6.0  6.0  100
4078  0.0  0.0  12
4079  -10.0  10.0  100
4080  16.0  -16.0  6
4081  -4.0  4.0  100
4082  -2.0  2.0  11
4083  0.0  0.0  12
4084  0.0  0.0  12
4085  -2.0  2.0  11
4086  16.0  -16.0  6
4087  0.0  0.0  12
4088  0.0  0.0  12
4089  0.0  0.0  12
4090  -2.0  2.0  11
4091  -2.0  2.0  11
4092  -10.0  10.0  100
4093  16.0  -16.0  6
4094  0.0  0.0  12
4095  0.0  0.0  12
4096  -6.0  6.0  100
4097  0.0  0.0  12
4098  0.0  0.0  12
4099  -8.0  8.0  100
4100  0.0  0.0  12
4101  -8.0  8.0  100
4102  -2.0  2.0  100
4103  0.0  0.0  12
4104  -4.0  4.0  100
4105  0.0  0.0  12
4106  -2.0  2.0  100
4107  16.0  -16.0  6
4108  0.0  0.0  12
4109  0.0  0.0  12
4110  0.0  0.0  12
4111  0.0  0.0  12
4112  -6.0  6.0  100
4113  16.0  -16.0  6
4114  16.0  -16.0  6
4115  16.0  -16.0  6
4116  0.0  0.0  100
4117  0.0  0.0  12
4118  0.0  0.0  12
4119  0.0  0.0  12
4120  0.0  0.0  12
4121  0.0  0.0  12
4122  -4.0  4.0  100
4123  0.0  0.0  12
4124  16.0  -16.0  6
4125  0.0  0.0  12
4126  0.0  0.0  12
4127  0.0  0.0  12
4128  0.0  0.0  12
4129  0.0  0.0  12
4130  0.0  0.0  12
4131  16.0  -16.0  6
4132  16.0  -16.0  6
4133  -6.0  6.0  100
4134  16.0  -16.0  6
4135  -2.0  2.0  11
4136  -2.0  2.0  11
4137  16.0  -16.0  6
4138  0.0  0.0  12
4139  0.0  0.0  12
4140  0.0  0.0  12
4141  -2.0  2.0  100
4142  0.0  0.0  12
4143  -4.0  4.0  100
4144  16.0  -16.0  6
4145  16.0  -16.0  6
4146  16.0  -16.0  6
4147  0.0  0.0  12
4148  -8.0  8.0  100
4149  0.0  0.0  12
4150  0.0  0.0  12
4151  0.0  0.0  12
4152  -6.0  6.0  100
4153  0.0  0.0  12
4154  -4.0  4.0  100
4155  16.0  -16.0  6
4156  0.0  0.0  12
4157  0.0  0.0  12
4158  0.0  0.0  12
4159  0.0  0.0  12
4160  0.0  0.0  12
4161  0.0  0.0  12
4162  16.0  -16.0  6
4163  -2.0  2.0  11
4164  -4.0  4.0  100
4165  -2.0  2.0  11
4166  16.0  -16.0  6
4167  0.0  0.0  12
4168  16.0  -16.0  6
4169  0.0  0.0  12
4170  16.0  -16.0  6
4171  -2.0  2.0  100
4172  0.0  0.0  12
4173  -2.0  2.0  100
4174  12.0  -12.0  6
4175  -4.0  4.0  100
4176  -6.0  6.0  100
4177  -2.0  2.0  11
4178  0.0  0.0  12
4179  16.0  -16.0  6
4180  16.0  -16.0  6
4181  0.0  0.0  12
4182  16.0  -16.0  6
4183  0.0  0.0  12
4184  -4.0  4.0  100
4185  0.0  0.0  12
4186  0.0  0.0  12
4187  16.0  -16.0  6
4188  0.0  0.0  12
4189  -4.0  4.0  100
4190  16.0  -16.0  6
4191  -2.0  2.0  11
4192  -2.0  2.0  11
4193  16.0  -16.0  6
4194  16.0  -16.0  6
4195  0.0  0.0  12
4196  0.0  0.0  12
4197  16.0  -16.0  6
4198  0.0  0.0  12
4199  0.0  0.0  12
4200  0.0  0.0  12
4201  -2.0  2.0  11
4202  16.0  -16.0  6
4203  0.0  0.0  12
4204  0.0  0.0  12
4205  16.0  -16.0  6
4206  0.0  0.0  12
4207  16.0  -16.0  6
4208  -4.0  4.0  10
4209  -8.0  8.0  100
4210  16.0  -16.0  6
4211  0.0  0.0  12
4212  0.0  0.0  12
4213  16.0  -16.0  6
4214  -2.0  2.0  100
4215  -2.0  2.0  100
4216  -2.0  2.0  11
4217  0.0  0.0  12
4218  0.0  0.0  12
4219  -2.0  2.0  11
4220  0.0  0.0  12
4221  16.0  -16.0  6
4222  0.0  0.0  12
4223  -12.0  12.0  100
4224  -8.0  8.0  100
4225  0.0  0.0  12
4226  16.0  -16.0  6
4227  0.0  0.0  12
4228  0.0  0.0  12
4229  16.0  -16.0  6
4230  -2.0  2.0  11
4231  -8.0  8.0  100
4232  16.0  -16.0  6
4233  -6.0  6.0  100
4234  -10.0  10.0  100
4235  -4.0  4.0  100
4236  0.0  0.0  12
4237  16.0  -16.0  6
4238  0.0  0.0  12
4239  16.0  -16.0  6
4240  0.0  0.0  12
4241  0.0  0.0  12
4242  0.0  0.0  12
4243  -2.0  2.0  11
4244  -2.0  2.0  11
4245  -2.0  2.0  11
4246  16.0  -16.0  6
4247  -4.0  4.0  100
4248  -2.0  2.0  100
4249  16.0  -16.0  6
4250  -6.0  6.0  100
4251  0.0  0.0  12
4252  0.0  0.0  12
4253  16.0  -16.0  6
4254  -4.0  4.0  100
4255  0.0  0.0  12
4256  0.0  0.0  12
4257  16.0  -16.0  6
4258  -4.0  4.0  100
4259  -2.0  2.0  11
4260  0.0  0.0  12
4261  16.0  -16.0  6
4262  -4.0  4.0  100
4263  -4.0  4.0  100
4264  -2.0  2.0  100
4265  0.0  0.0  100
4266  -6.0  6.0  100
4267  0.0  0.0  12
4268  -2.0  2.0  11
4269  0.0  0.0  12
4270  0.0  0.0  12
4271  16.0  -16.0  6
4272  0.0  0.0  12
4273  -6.0  6.0  100
4274  16.0  -16.0  6
4275  0.0  0.0  12
4276  16.0  -16.0  6
4277  0.0  0.0  12
4278  16.0  -16.0  6
4279  -8.0  8.0  100
4280  16.0  -16.0  6
4281  -6.0  6.0  100
4282  -10.0  10.0  100
4283  0.0  0.0  12
4284  0.0  0.0  12
4285  0.0  0.0  12
4286  16.0  -16.0  6
4287  0.0  0.0  12
4288  0.0  0.0  12
4289  0.0  0.0  12
4290  16.0  -16.0  6
4291  0.0  0.0  12
4292  0.0  0.0  12
4293  0.0  0.0  12
4294  -2.0  2.0  100
4295  0.0  0.0  12
4296  -4.0  4.0  100
4297  16.0  -16.0  6
4298  -6.0  6.0  100
4299  0.0  0.0  12
4300  0.0  0.0  12
4301  16.0  -16.0  6
4302  -4.0  4.0  100
4303  16.0  -16.0  6
4304  12.0  -12.0  6
4305  16.0  -16.0  6
4306  -4.0  4.0  100
4307  -6.0  6.0  100
4308  -8.0  8.0  100
4309  0.0  0.0  12
4310  -2.0  2.0  100
4311  0.0  0.0  12
4312  0.0  0.0  12
4313  -8.0  8.0  100
4314  -2.0  2.0  100
4315  16.0  -16.0  6
4316  0.0  0.0  12
4317  16.0  -16.0  6
4318  -2.0  2.0  11
4319  -6.0  6.0  100
4320  0.0  0.0  12
4321  0.0  0.0  12
4322  -4.0  4.0  100
4323  0.0  0.0  12
4324  0.0  0.0  12
4325  16.0  -16.0  6
4326  0.0  0.0  12
4327  -2.0  2.0  11
4328  16.0  -16.0  6
4329  -2.0  2.0  100
4330  16.0  -16.0  6
4331  0.0  0.0  12
4332  0.0  0.0  12
4333  16.0  -16.0  6
4334  0.0  0.0  12
4335  0.0  0.0  12
4336  16.0  -16.0  6
4337  16.0  -16.0  6
4338  -2.0  2.0  100
4339  0.0  0.0  12
4340  0.0  0.0  12
4341  0.0  0.0  12
4342  0.0  0.0  12
4343  16.0  -16.0  6
4344  -2.0  2.0  11
4345  -6.0  6.0  100
4346  -6.0  6.0  100
4347  16.0  -16.0  6
4348  16.0  -16.0  6
4349  -8.0  8.0  100
4350  0.0  0.0  12
4351  -2.0  2.0  11
4352  0.0  0.0  12
4353  0.0  0.0  12
4354  0.0  0.0  12
4355  -4.0  4.0  100
4356  -4.0  4.0  100
4357  0.0  0.0  12
4358  0.0  0.0  12
4359  0.0  0.0  12
4360  16.0  -16.0  6
4361  -8.0  8.0  100
4362  0.0  0.0  12
4363  -6.0  6.0  100
4364  -2.0  2.0  100
4365  -4.0  4.0  100
4366  16.0  -16.0  6
4367  16.0  -16.0  6
4368  -2.0  2.0  11
4369  16.0  -16.0  6
4370  -6.0  6.0  100
4371  0.0  0.0  12
4372  16.0  -16.0  6
4373  -4.0  4.0  100
4374  0.0  0.0  12
4375  0.0  0.0  12
4376  0.0  0.0  12
4377  0.0  0.0  12
4378  -2.0  2.0  11
4379  16.0  -16.0  6
4380  16.0  -16.0  6
4381  16.0  -16.0  6
4382  0.0  0.0  12
4383  0.0  0.0  12
4384  0.0  0.0  12
4385  0.0  0.0  12
4386  0.0  0.0  12
4387  -2.0  2.0  11
4388  16.0  -16.0  6
4389  -10.0  10.0  100
4390  16.0  -16.0  6
4391  -2.0  2.0  11
4392  -4.0  4.0  100
4393  0.0  0.0  12
4394  16.0  -16.0  6
4395  0.0  0.0  12
4396  16.0  -16.0  6
4397  0.0  0.0  12
4398  16.0  -16.0  6
4399  16.0  -16.0  6
4400  12.0  -12.0  6
4401  0.0  0.0  12
4402  -2.0  2.0  11
4403  -8.0  8.0  100
4404  0.0  0.0  12
4405  16.0  -16.0  6
4406  16.0  -16.0  6
4407  0.0  0.0  12
4408  16.0  -16.0  6
4409  -6.0  6.0  100
4410  -2.0  2.0  11
4411  16.0  -16.0  6
4412  0.0  0.0  12
4413  16.0  -16.0  6
4414  -4.0  4.0  100
4415  -2.0  2.0  11
4416  0.0  0.0  12
4417  -4.0  4.0  100
4418  -2.0  2.0  100
4419  -2.0  2.0  11
4420  0.0  0.0  12
4421  -6.0  6.0  100
4422  -2.0  2.0  11
4423  -6.0  6.0  100
4424  -2.0  2.0  100
4425  0.0  0.0  12
4426  0.0  0.0  12
4427  0.0  0.0  12
4428  0.0  0.0  12
4429  16.0  -16.0  6
4430  -8.0  8.0  100
4431  -4.0  4.0  100
4432  -6.0  6.0  100
4433  16.0  -16.0  6
4434  16.0  -16.0  6
4435  16.0  -16.0  6
4436  16.0  -16.0  6
4437  0.0  0.0  12
4438  -2.0  2.0  100
4439  0.0  0.0  12
4440  0.0  0.0  12
4441  0.0  0.0  12
4442  0.0  0.0  12
4443  -10.0  10.0  100
4444  16.0  -16.0  6
4445  -4.0  4.0  100
4446  0.0  0.0  12
4447  0.0  0.0  12
4448  16.0  -16.0  6
4449  -8.0  8.0  100
4450  -2.0  2.0  100
4451  16.0  -16.0  6
4452  -10.0  10.0  100
4453  0.0  0.0  12
4454  0.0  0.0  12
4455  0.0  0.0  12
4456  0.0  0.0  12
4457  16.0  -16.0  6
4458  -6.0  6.0  100
4459  16.0  -16.0  6
4460  0.0  0.0  12
4461  -2.0  2.0  100
4462  16.0  -16.0  6
4463  -6.0  6.0  100
4464  0.0  0.0  12
4465  16.0  -16.0  6
4466  0.0  0.0  12
4467  -2.0  2.0  11
4468  16.0  -16.0  6
4469  -2.0  2.0  11
4470  0.0  0.0  12
4471  16.0  -16.0  6
4472  -2.0  2.0  11
4473  0.0  0.0  12
4474  0.0  0.0  12
4475  16.0  -16.0  6
4476  0.0  0.0  12
4477  0.0  0.0  12
4478  -2.0  2.0  100
4479  0.0  0.0  12
4480  0.0  0.0  12
4481  0.0  0.0  12
4482  0.0  0.0  12
4483  16.0  -16.0  6
4484  0.0  0.0  12
4485  -4.0  4.0  100
4486  16.0  -16.0  6
4487  -4.0  4.0  100
4488  16.0  -16.0  6
4489  16.0  -16.0  6
4490  -8.0  8.0  100
4491  0.0  0.0  12
4492  0.0  0.0  12
4493  16.0  -16.0  6
4494  16.0  -16.0  6
4495  0.0  0.0  12
4496  -6.0  6.0  100
4497  16.0  -16.0  6
4498  -2.0  2.0  11
4499  16.0  -16.0  6
4500  -4.0  4.0  100
4501  -4.0  4.0  100
4502  -4.0  4.0  100
4503  16.0  -16.0  6
4504  -2.0  2.0  11
4505  0.0  0.0  12
4506  0.0  0.0  12
4507  16.0  -16.0  6
4508  -4.0  4.0  100
4509  0.0  0.0  12
4510  0.0  0.0  12
4511  -10.0  10.0  100
4512  16.0  -16.0  6
4513  0.0  0.0  12
4514  0.0  0.0  12
4515  -6.0  6.0  100
4516  -2.0  2.0  11
4517  -10.0  10.0  100
4518  -2.0  2.0  100
4519  -2.0  2.0  100
4520  -2.0  2.0  100
4521  -2.0  2.0  100
4522  -4.0  4.0  100
4523  -2.0  2.0  11
4524  0.0  0.0  12
4525  16.0  -16.0  6
4526  16.0  -16.0  6
4527  16.0  -16.0  6
4528  0.0  0.0  12
4529  0.0  0.0  12
4530  0.0  0.0  12
4531  -4.0  4.0  100
4532  0.0  0.0  12
4533  0.0  0.0  12
4534  16.0  -16.0  6
4535  0.0  0.0  12
4536  0.0  0.0  12
4537  0.0  0.0  12
4538  0.0  0.0  12
4539  16.0  -16.0  6
4540  0.0  0.0  12
4541  0.0  0.0  12
4542  16.0  -16.0  6
4543  16.0  -16.0  6
4544  -2.0  2.0  100
4545  16.0  -16.0  6
4546  -2.0  2.0  11
4547  -2.0  2.0  100
4548  0.0  0.0  12
4549  -4.0  4.0  100
4550  16.0  -16.0  6
4551  -2.0  2.0  11
4552  16.0  -16.0  6
4553  0.0  0.0  12
4554  -10.0  10.0  100
4555  0.0  0.0  12
4556  16.0  -16.0  6
4557  16.0  -16.0  6
4558  -6.0  6.0  100
4559  -4.0  4.0  100
4560  0.0  0.0  12
4561  0.0  0.0  12
4562  0.0  0.0  12
4563  0.0  0.0  12
4564  0.0  0.0  12
4565  16.0  -16.0  6
4566  16.0  -16.0  6
4567  0.0  0.0  12
4568  0.0  0.0  12
4569  16.0  -16.0  6
4570  0.0  0.0  12
4571  0.0  0.0  12
4572  0.0  0.0  12
4573  -8.0  8.0  100
4574  16.0  -16.0  6
4575  16.0  -16.0  6
4576  0.0  0.0  12
4577  -6.0  6.0  100
4578  16.0  -16.0  6
4579  0.0  0.0  12
4580  0.0  0.0  12
4581  -2.0  2.0  11
4582  0.0  0.0  12
4583  -8.0  8.0  100
4584  -4.0  4.0  100
4585  16.0  -16.0  6
4586  -2.0  2.0  100
4587  16.0  -16.0  6
4588  0.0  0.0  12
4589  0.0  0.0  12
4590  16.0  -16.0  6
4591  16.0  -16.0  6
4592  16.0  -16.0  6
4593  16.0  -16.0  6
4594  0.0  0.0  12
4595  16.0  -16.0  6
4596  0.0  0.0  12
4597  16.0  -16.0  6
4598  16.0  -16.0  6
4599  0.0  0.0  12
4600  0.0  0.0  12
4601  0.0  0.0  12
4602  0.0  0.0  12
4603  16.0  -16.0  6
4604  -2.0  2.0  11
4605  -4.0  4.0  10
4606  16.0  -16.0  6
4607  -6.0  6.0  100
4608  0.0  0.0  12
4609  0.0  0.0  12
4610  -2.0  2.0  100
4611  -2.0  2.0  11
4612  -2.0  2.0  100
4613  0.0  0.0  12
4614  0.0  0.0  12
4615  12.0  -12.0  6
4616  0.0  0.0  12
4617  0.0  0.0  12
4618  -2.0  2.0  100
4619  -2.0  2.0  100
4620  16.0  -16.0  6
4621  -4.0  4.0  100
4622  -2.0  2.0  100
4623  -2.0  2.0  11
4624  0.0  0.0  12
4625  16.0  -16.0  6
4626  16.0  -16.0  6
4627  16.0  -16.0  6
4628  16.0  -16.0  6
4629  16.0  -16.0  6
4630  0.0  0.0  12
4631  -2.0  2.0  100
4632  0.0  0.0  12
4633  -6.0  6.0  100
4634  16.0  -16.0  6
4635  0.0  0.0  12
4636  16.0  -16.0  6
4637  16.0  -16.0  6
4638  16.0  -16.0  6
4639  0.0  0.0  12
4640  -8.0  8.0  100
4641  0.0  0.0  12
4642  16.0  -16.0  6
4643  0.0  0.0  12
4644  -2.0  2.0  11
4645  16.0  -16.0  6
4646  0.0  0.0  12
4647  -6.0  6.0  100
4648  16.0  -16.0  6
4649  0.0  0.0  12
4650  0.0  0.0  12
4651  -6.0  6.0  100
4652  16.0  -16.0  6
4653  -6.0  6.0  100
4654  0.0  0.0  12
4655  0.0  0.0  12
4656  -6.0  6.0  100
4657  0.0  0.0  12
4658  -8.0  8.0  100
4659  0.0  0.0  12
4660  0.0  0.0  12
4661  0.0  0.0  12
4662  0.0  0.0  12
4663  0.0  0.0  12
4664  16.0  -16.0  6
4665  0.0  0.0  12
4666  16.0  -16.0  6
4667  -2.0  2.0  11
4668  -4.0  4.0  100
4669  -6.0  6.0  100
4670  -4.0  4.0  100
4671  16.0  -16.0  6
4672  0.0  0.0  12
4673  16.0  -16.0  6
4674  0.0  0.0  12
4675  16.0  -16.0  6
4676  0.0  0.0  12
4677  -4.0  4.0  100
4678  16.0  -16.0  6
4679  16.0  -16.0  6
4680  0.0  0.0  12
4681  -8.0  8.0  100
4682  -2.0  2.0  11
4683  0.0  0.0  12
4684  0.0  0.0  12
4685  -2.0  2.0  11
4686  0.0  0.0  12
4687  16.0  -16.0  6
4688  0.0  0.0  12
4689  16.0  -16.0  6
4690  -6.0  6.0  100
4691  0.0  0.0  12
4692  0.0  0.0  12
4693  0.0  0.0  12
4694  16.0  -16.0  6
4695  -6.0  6.0  100
4696  0.0  0.0  12
4697  -4.0  4.0  10
4698  0.0  0.0  12
4699  -6.0  6.0  100
4700  0.0  0.0  12
4701  0.0  0.0  12
4702  0.0  0.0  12
4703  0.0  0.0  12
4704  -8.0  8.0  100
4705  0.0  0.0  12
4706  0.0  0.0  12
4707  -2.0  2.0  100
4708  0.0  0.0  12
4709  0.0  0.0  12
4710  -8.0  8.0  100
4711  -4.0  4.0  100
4712  -2.0  2.0  11
4713  -4.0  4.0  100
4714  0.0  0.0  12
4715  0.0  0.0  12
4716  0.0  0.0  12
4717  16.0  -16.0  6
4718  0.0  0.0  12
4719  -6.0  6.0  100
4720  -2.0  2.0  11
4721  -2.0  2.0  100
4722  0.0  0.0  12
4723  16.0  -16.0  6
4724  0.0  0.0  12
4725  -6.0  6.0  100
4726  0.0  0.0  12
4727  16.0  -16.0  6
4728  0.0  0.0  12
4729  -4.0  4.0  100
4730  0.0  0.0  12
4731  16.0  -16.0  6
4732  0.0  0.0  12
4733  16.0  -16.0  6
4734  0.0  0.0  12
4735  0.0  0.0  12
4736  0.0  0.0  12
4737  0.0  0.0  12
4738  -8.0  8.0  100
4739  -2.0  2.0  11
4740  16.0  -16.0  6
4741  -2.0  2.0  100
4742  -8.0  8.0  100
4743  -4.0  4.0  100
4744  0.0  0.0  12
4745  -2.0  2.0  11
4746  0.0  0.0  12
4747  -2.0  2.0  11
4748  16.0  -16.0  6
4749  0.0  0.0  12
4750  0.0  0.0  12
4751  -4.0  4.0  100
4752  16.0  -16.0  6
4753  0.0  0.0  12
4754  0.0  0.0  12
4755  0.0  0.0  12
4756  16.0  -16.0  6
4757  -2.0  2.0  11
4758  -4.0  4.0  100
4759  0.0  0.0  12
4760  -4.0  4.0  100
4761  -8.0  8.0  100
4762  -4.0  4.0  100
4763  -6.0  6.0  100
4764  -2.0  2.0  100
4765  16.0  -16.0  6
4766  -6.0  6.0  100
4767  0.0  0.0  12
4768  -2.0  2.0  11
4769  0.0  0.0  12
4770  16.0  -16.0  6
4771  0.0  0.0  12
4772  16.0  -16.0  6
4773  0.0  0.0  12
4774  16.0  -16.0  6
4775  0.0  0.0  12
4776  0.0  0.0  12
4777  16.0  -16.0  6
4778  0.0  0.0  12
4779  0.0  0.0  12
4780  16.0  -16.0  6
4781  -6.0  6.0  100
4782  0.0  0.0  12
4783  16.0  -16.0  6
4784  -6.0  6.0  100
4785  12.0  -12.0  6
4786  0.0  0.0  12
4787  -4.0  4.0  100
4788  -6.0  6.0  100
4789  -6.0  6.0  100
4790  -8.0  8.0  100
4791  0.0  0.0  12
4792  0.0  0.0  12
4793  16.0  -16.0  6
4794  -2.0  2.0  11
4795  -8.0  8.0  100
4796  0.0  0.0  12
4797  16.0  -16.0  6
4798  0.0  0.0  12
4799  0.0  0.0  12
4800  -4.0  4.0  100
4801  0.0  0.0  12
4802  0.0  0.0  12
4803  16.0  -16.0  6
4804  0.0  0.0  12
4805  0.0  0.0  12
4806  16.0  -16.0  6
4807  16.0  -16.0  6
4808  16.0  -16.0  6
4809  16.0  -16.0  6
4810  16.0  -16.0  6
4811  0.0  0.0  12
4812  -6.0  6.0  100
4813  16.0  -16.0  6
4814  0.0  0.0  12
4815  -2.0  2.0  11
4816  0.0  0.0  12
4817  16.0  -16.0  6
4818  0.0  0.0  12
4819  16.0  -16.0  6
4820  0.0  0.0  12
4821  0.0  0.0  12
4822  -8.0  8.0  100
4823  0.0  0.0  12
4824  -4.0  4.0  100
4825  16.0  -16.0  6
4826  0.0  0.0  12
4827  -2.0  2.0  100
4828  -8.0  8.0  100
4829  16.0  -16.0  6
4830  -6.0  6.0  100
4831  16.0  -16.0  6
4832  0.0  0.0  12
4833  -6.0  6.0  100
4834  0.0  0.0  12
4835  16.0  -16.0  6
4836  0.0  0.0  12
4837  16.0  -16.0  6
4838  -6.0  6.0  100
4839  -8.0  8.0  100
4840  0.0  0.0  12
4841  0.0  0.0  12
4842  16.0  -16.0  6
4843  0.0  0.0  12
4844  0.0  0.0  12
4845  0.0  0.0  12
4846  -4.0  4.0  100
4847  -6.0  6.0  100
4848  0.0  0.0  12
4849  -6.0  6.0  100
4850  0.0  0.0  12
4851  -6.0  6.0  100
4852  16.0  -16.0  6
4853  0.0  0.0  12
4854  16.0  -16.0  6
4855  16.0  -16.0  6
4856  16.0  -16.0  6
4857  16.0  -16.0  6
4858  0.0  0.0  12
4859  16.0  -16.0  6
4860  16.0  -16.0  6
4861  0.0  0.0  12
4862  0.0  0.0  12
4863  0.0  0.0  12
4864  0.0  0.0  12
4865  0.0  0.0  12
4866  0.0  0.0  12
4867  -6.0  6.0  100
4868  0.0  0.0  12
4869  16.0  -16.0  6
4870  16.0  -16.0  6
4871  0.0  0.0  12
4872  -6.0  6.0  100
4873  0.0  0.0  12
4874  0.0  0.0  12
4875  -6.0  6.0  100
4876  0.0  0.0  12
4877  0.0  0.0  12
4878  16.0  -16.0  6
4879  0.0  0.0  12
4880  0.0  0.0  12
4881  12.0  -12.0  6
4882  -6.0  6.0  100
4883  0.0  0.0  12
4884  -2.0  2.0  11
4885  16.0  -16.0  6
4886  -2.0  2.0  11
4887  12.0  -12.0  6
4888  0.0  0.0  12
4889  -2.0  2.0  11
4890  16.0  -16.0  6
4891  0.0  0.0  12
4892  -4.0  4.0  100
4893  16.0  -16.0  6
4894  0.0  0.0  12
4895  16.0  -16.0  6
4896  16.0  -16.0  6
4897  -8.0  8.0  100
4898  0.0  0.0  12
4899  0.0  0.0  12
4900  16.0  -16.0  6
4901  0.0  0.0  12
4902  0.0  0.0  12
4903  0.0  0.0  12
4904  0.0  0.0  100
4905  16.0  -16.0  6
4906  -8.0  8.0  100
4907  16.0  -16.0  6
4908  -2.0  2.0  11
4909  16.0  -16.0  6
4910  16.0  -16.0  6
4911  -10.0  10.0  100
4912  16.0  -16.0  6
4913  16.0  -16.0  6
4914  0.0  0.0  12
4915  0.0  0.0  12
4916  0.0  0.0  12
4917  0.0  0.0  12
4918  16.0  -16.0  6
4919  0.0  0.0  12
4920  -4.0  4.0  100
4921  -6.0  6.0  100
4922  0.0  0.0  12
4923  -4.0  4.0  100
4924  -4.0  4.0  10
4925  -6.0  6.0  100
4926  0.0  0.0  12
4927  -4.0  4.0  100
4928  -6.0  6.0  100
4929  16.0  -16.0  6
4930  -4.0  4.0  100
4931  -8.0  8.0  100
4932  -4.0  4.0  100
4933  0.0  0.0  12
4934  0.0  0.0  12
4935  16.0  -16.0  6
4936  0.0  0.0  12
4937  -8.0  8.0  100
4938  0.0  0.0  12
4939  -2.0  2.0  100
4940  0.0  0.0  12
4941  0.0  0.0  100
4942  0.0  0.0  12
4943  -10.0  10.0  100
4944  -8.0  8.0  100
4945  -2.0  2.0  11
4946  -2.0  2.0  11
4947  16.0  -16.0  6
4948  16.0  -16.0  6
4949  16.0  -16.0  6
4950  -6.0  6.0  100
4951  16.0  -16.0  6
4952  -2.0  2.0  11
4953  16.0  -16.0  6
4954  16.0  -16.0  6
4955  -6.0  6.0  100
4956  -4.0  4.0  100
4957  -10.0  10.0  100
4958  -2.0  2.0  11
4959  0.0  0.0  12
4960  16.0  -16.0  6
4961  16.0  -16.0  6
4962  0.0  0.0  12
4963  0.0  0.0  12
4964  0.0  0.0  12
4965  0.0  0.0  12
4966  -4.0  4.0  100
4967  16.0  -16.0  6
4968  16.0  -16.0  6
4969  0.0  0.0  12
4970  16.0  -16.0  6
4971  0.0  0.0  12
4972  -2.0  2.0  11
4973  0.0  0.0  12
4974  -6.0  6.0  100
4975  0.0  0.0  12
4976  0.0  0.0  12
4977  -6.0  6.0  100
4978  0.0  0.0  12
4979  16.0  -16.0  6
4980  0.0  0.0  12
4981  -4.0  4.0  100
4982  -2.0  2.0  11
4983  0.0  0.0  12
4984  16.0  -16.0  6
4985  0.0  0.0  12
4986  0.0  0.0  12
4987  0.0  0.0  12
4988  0.0  0.0  12
4989  0.0  0.0  12
4990  -4.0  4.0  100
4991  -2.0  2.0  11
4992  16.0  -16.0  6
4993  -4.0  4.0  100
4994  16.0  -16.0  6
4995  0.0  0.0  12
4996  -4.0  4.0  100
4997  16.0  -16.0  6
4998  16.0  -16.0  6
4999  0.0  0.0  12
